-3	0.0291888047328359365
-2.99699699699699718	0.0178899125781897678
-2.99399399399399391	0.0225977843092923375
-2.99099099099099108	0.0178899125781897678
-2.98798798798798781	0.0188314869244102824
-2.98498498498498499	0.0169483382319692531
-2.98198198198198217	0.0169483382319692531
-2.9789789789789789	0.0178899125781897678
-2.97597597597597607	0.0169483382319692531
-2.9729729729729728	0.0225977843092923375
-2.96996996996996998	0.0169483382319692531
-2.96696696696696716	0.0178899125781897678
-2.96396396396396389	0.0178899125781897678
-2.96096096096096106	0.0216562099630718229
-2.9579579579579578	0.0216562099630718229
-2.95495495495495497	0.0235393586555128521
-2.95195195195195215	0.0273056560403949072
-2.94894894894894888	0.0169483382319692531
-2.94594594594594605	0.0207146356168513082
-2.94294294294294279	0.0207146356168513082
-2.93993993993993996	0.0225977843092923375
-2.93693693693693714	0.0263640816941743926
-2.93393393393393387	0.0216562099630718229
-2.93093093093093104	0.0160067638857487385
-2.92792792792792778	0.0207146356168513082
-2.92492492492492495	0.0225977843092923375
-2.92192192192192213	0.0263640816941743926
-2.91891891891891886	0.0141236151933077109
-2.91591591591591603	0.0235393586555128521
-2.91291291291291277	0.0225977843092923375
-2.90990990990990994	0.0122404665008666834
-2.90690690690690712	0.0216562099630718229
-2.90390390390390385	0.0273056560403949072
-2.90090090090090102	0.0235393586555128521
-2.89789789789789776	0.019773061270630797
-2.89489489489489493	0.0207146356168513082
-2.89189189189189211	0.0160067638857487385
-2.88888888888888884	0.0254225073479538814
-2.88588588588588602	0.0225977843092923375
-2.88288288288288275	0.0216562099630718229
-2.87987987987987992	0.0150651895395282256
-2.8768768768768771	0.019773061270630797
-2.87387387387387383	0.0169483382319692531
-2.87087087087087101	0.0282472303866154219
-2.86786786786786774	0.019773061270630797
-2.86486486486486491	0.0216562099630718229
-2.86186186186186209	0.0188314869244102824
-2.85885885885885882	0.019773061270630797
-2.855855855855856	0.0131820408470871963
-2.85285285285285273	0.0282472303866154219
-2.8498498498498499	0.0131820408470871963
-2.84684684684684708	0.0150651895395282256
-2.84384384384384381	0.0273056560403949072
-2.84084084084084099	0.0216562099630718229
-2.83783783783783772	0.0244809330017333668
-2.83483483483483489	0.0244809330017333668
-2.83183183183183207	0.0207146356168513082
-2.8288288288288288	0.0207146356168513082
-2.82582582582582598	0.0235393586555128521
-2.82282282282282271	0.0216562099630718229
-2.81981981981981988	0.019773061270630797
-2.81681681681681662	0.0254225073479538814
-2.81381381381381379	0.0244809330017333668
-2.81081081081081097	0.0216562099630718229
-2.8078078078078077	0.0282472303866154219
-2.80480480480480487	0.0235393586555128521
-2.80180180180180161	0.0160067638857487385
-2.79879879879879878	0.0207146356168513082
-2.79579579579579596	0.0310719534252769658
-2.79279279279279269	0.0235393586555128521
-2.78978978978978986	0.0207146356168513082
-2.7867867867867866	0.0273056560403949072
-2.78378378378378377	0.0225977843092923375
-2.78078078078078095	0.0150651895395282256
-2.77777777777777768	0.0273056560403949072
-2.77477477477477485	0.0216562099630718229
-2.77177177177177159	0.019773061270630797
-2.76876876876876876	0.0235393586555128521
-2.76576576576576594	0.0235393586555128521
-2.76276276276276267	0.0263640816941743926
-2.75975975975975985	0.0254225073479538814
-2.75675675675675658	0.0216562099630718229
-2.75375375375375375	0.0188314869244102824
-2.75075075075075093	0.0207146356168513082
-2.74774774774774766	0.0178899125781897678
-2.74474474474474484	0.0216562099630718229
-2.74174174174174157	0.0235393586555128521
-2.73873873873873874	0.0225977843092923375
-2.73573573573573592	0.0178899125781897678
-2.73273273273273265	0.0169483382319692531
-2.72972972972972983	0.0282472303866154219
-2.72672672672672656	0.0235393586555128521
-2.72372372372372373	0.0291888047328359365
-2.72072072072072091	0.0254225073479538814
-2.71771771771771764	0.0188314869244102824
-2.71471471471471482	0.0254225073479538814
-2.71171171171171155	0.0301303790790564512
-2.70870870870870872	0.0263640816941743926
-2.7057057057057059	0.0310719534252769658
-2.70270270270270263	0.0160067638857487385
-2.69969969969969981	0.0225977843092923375
-2.69669669669669654	0.0263640816941743926
-2.69369369369369371	0.0301303790790564512
-2.69069069069069045	0.0263640816941743926
-2.68768768768768762	0.0291888047328359365
-2.6846846846846848	0.0178899125781897678
-2.68168168168168153	0.0207146356168513082
-2.6786786786786787	0.0244809330017333668
-2.67567567567567544	0.0225977843092923375
-2.67267267267267261	0.0178899125781897678
-2.66966966966966979	0.0216562099630718229
-2.66666666666666652	0.0207146356168513082
-2.66366366366366369	0.0273056560403949072
-2.66066066066066043	0.0235393586555128521
-2.6576576576576576	0.0216562099630718229
-2.65465465465465478	0.0254225073479538814
-2.65165165165165151	0.032013527771497477
-2.64864864864864868	0.0291888047328359365
-2.64564564564564542	0.0178899125781897678
-2.64264264264264259	0.0235393586555128521
-2.63963963963963977	0.0301303790790564512
-2.6366366366366365	0.0207146356168513082
-2.63363363363363367	0.0348382508101590174
-2.63063063063063041	0.0376629738488205648
-2.62762762762762758	0.0216562099630718229
-2.62462462462462476	0.0282472303866154219
-2.62162162162162149	0.0273056560403949072
-2.61861861861861867	0.0310719534252769658
-2.6156156156156154	0.0207146356168513082
-2.61261261261261257	0.0244809330017333668
-2.60960960960960975	0.0367213995026000467
-2.60660660660660648	0.0244809330017333668
-2.60360360360360366	0.0160067638857487385
-2.60060060060060039	0.0244809330017333668
-2.59759759759759756	0.0207146356168513082
-2.59459459459459474	0.0207146356168513082
-2.59159159159159147	0.0329551021177179951
-2.58858858858858865	0.0348382508101590174
-2.58558558558558538	0.0225977843092923375
-2.58258258258258255	0.0263640816941743926
-2.57957957957957973	0.0207146356168513082
-2.57657657657657646	0.038604548195041076
-2.57357357357357364	0.0301303790790564512
-2.57057057057057037	0.0235393586555128521
-2.56756756756756754	0.0329551021177179951
-2.56456456456456472	0.0235393586555128521
-2.56156156156156145	0.0254225073479538814
-2.55855855855855863	0.0310719534252769658
-2.55555555555555536	0.0244809330017333668
-2.55255255255255253	0.0254225073479538814
-2.54954954954954971	0.0235393586555128521
-2.54654654654654644	0.0282472303866154219
-2.54354354354354362	0.0263640816941743926
-2.54054054054054035	0.0263640816941743926
-2.53753753753753752	0.0188314869244102824
-2.5345345345345347	0.0225977843092923375
-2.53153153153153143	0.0254225073479538814
-2.52852852852852861	0.0273056560403949072
-2.52552552552552534	0.0244809330017333668
-2.52252252252252251	0.0273056560403949072
-2.51951951951951969	0.0254225073479538814
-2.51651651651651642	0.0235393586555128521
-2.5135135135135136	0.0225977843092923375
-2.51051051051051033	0.0273056560403949072
-2.5075075075075075	0.0207146356168513082
-2.50450450450450468	0.0310719534252769658
-2.50150150150150141	0.0225977843092923375
-2.49849849849849859	0.0225977843092923375
-2.49549549549549532	0.0301303790790564512
-2.4924924924924925	0.0207146356168513082
-2.48948948948948967	0.0301303790790564512
-2.4864864864864864	0.0301303790790564512
-2.48348348348348358	0.0301303790790564512
-2.48048048048048031	0.0301303790790564512
-2.47747747747747749	0.0301303790790564512
-2.47447447447447466	0.038604548195041076
-2.47147147147147139	0.019773061270630797
-2.46846846846846857	0.0310719534252769658
-2.4654654654654653	0.0301303790790564512
-2.46246246246246248	0.0235393586555128521
-2.45945945945945965	0.0225977843092923375
-2.45645645645645638	0.0376629738488205648
-2.45345345345345356	0.0263640816941743926
-2.45045045045045029	0.0273056560403949072
-2.44744744744744747	0.032013527771497477
-2.44444444444444464	0.0254225073479538814
-2.44144144144144137	0.0376629738488205648
-2.43843843843843855	0.0235393586555128521
-2.43543543543543528	0.0404876968874821053
-2.43243243243243246	0.0169483382319692531
-2.42942942942942963	0.0207146356168513082
-2.42642642642642636	0.0273056560403949072
-2.42342342342342354	0.0301303790790564512
-2.42042042042042027	0.0310719534252769658
-2.41741741741741745	0.0244809330017333668
-2.41441441441441462	0.0225977843092923375
-2.41141141141141135	0.0273056560403949072
-2.40840840840840853	0.0150651895395282256
-2.40540540540540526	0.0376629738488205648
-2.40240240240240244	0.0188314869244102824
-2.39939939939939961	0.032013527771497477
-2.39639639639639634	0.0301303790790564512
-2.39339339339339352	0.0329551021177179951
-2.39039039039039025	0.0310719534252769658
-2.38738738738738743	0.0338966764639385063
-2.3843843843843846	0.0273056560403949072
-2.38138138138138133	0.0225977843092923375
-2.37837837837837851	0.0216562099630718229
-2.37537537537537524	0.0338966764639385063
-2.37237237237237242	0.0263640816941743926
-2.36936936936936959	0.0244809330017333668
-2.36636636636636633	0.0329551021177179951
-2.3633633633633635	0.0216562099630718229
-2.36036036036036023	0.0348382508101590174
-2.35735735735735741	0.0357798251563795355
-2.35435435435435458	0.0404876968874821053
-2.35135135135135132	0.0433124199261436457
-2.34834834834834849	0.0291888047328359365
-2.34534534534534522	0.0291888047328359365
-2.3423423423423424	0.032013527771497477
-2.33933933933933957	0.0414292712337026164
-2.33633633633633631	0.0310719534252769658
-2.33333333333333348	0.0338966764639385063
-2.33033033033033021	0.032013527771497477
-2.32732732732732739	0.0301303790790564512
-2.32432432432432456	0.0301303790790564512
-2.3213213213213213	0.0395461225412615941
-2.31831831831831847	0.0395461225412615941
-2.3153153153153152	0.0357798251563795355
-2.31231231231231238	0.0301303790790564512
-2.30930930930930955	0.0301303790790564512
-2.30630630630630629	0.0329551021177179951
-2.30330330330330346	0.0254225073479538814
-2.30030030030030019	0.038604548195041076
-2.29729729729729737	0.0207146356168513082
-2.29429429429429455	0.0310719534252769658
-2.29129129129129128	0.0263640816941743926
-2.28828828828828845	0.0244809330017333668
-2.28528528528528518	0.0301303790790564512
-2.28228228228228236	0.0216562099630718229
-2.27927927927927954	0.0254225073479538814
-2.27627627627627627	0.0282472303866154219
-2.27327327327327344	0.0329551021177179951
-2.27027027027027017	0.0273056560403949072
-2.26726726726726735	0.0395461225412615941
-2.26426426426426453	0.0329551021177179951
-2.26126126126126126	0.0282472303866154219
-2.25825825825825799	0.0282472303866154219
-2.25525525525525516	0.0357798251563795355
-2.25225225225225234	0.032013527771497477
-2.24924924924924952	0.0348382508101590174
-2.24624624624624625	0.0367213995026000467
-2.24324324324324298	0.0235393586555128521
-2.24024024024024015	0.0310719534252769658
-2.23723723723723733	0.0338966764639385063
-2.23423423423423451	0.0348382508101590174
-2.23123123123123124	0.0357798251563795355
-2.22822822822822797	0.0301303790790564512
-2.22522522522522515	0.032013527771497477
-2.22222222222222232	0.0338966764639385063
-2.2192192192192195	0.0282472303866154219
-2.21621621621621623	0.0207146356168513082
-2.21321321321321296	0.0461371429648051931
-2.21021021021021014	0.0263640816941743926
-2.20720720720720731	0.0244809330017333668
-2.20420420420420449	0.0310719534252769658
-2.20120120120120122	0.0423708455799231345
-2.19819819819819795	0.0263640816941743926
-2.19519519519519513	0.0273056560403949072
-2.1921921921921923	0.0273056560403949072
-2.18918918918918903	0.0329551021177179951
-2.18618618618618621	0.0357798251563795355
-2.18318318318318294	0.0414292712337026164
-2.18018018018018012	0.0216562099630718229
-2.17717717717717729	0.0357798251563795355
-2.17417417417417402	0.0301303790790564512
-2.1711711711711712	0.0357798251563795355
-2.16816816816816793	0.032013527771497477
-2.16516516516516511	0.0291888047328359365
-2.16216216216216228	0.045195568618584675
-2.15915915915915901	0.0376629738488205648
-2.15615615615615619	0.0442539942723641638
-2.15315315315315292	0.032013527771497477
-2.1501501501501501	0.0442539942723641638
-2.14714714714714727	0.0291888047328359365
-2.144144144144144	0.0357798251563795355
-2.14114114114114118	0.0301303790790564512
-2.13813813813813791	0.0367213995026000467
-2.13513513513513509	0.0461371429648051931
-2.13213213213213226	0.0376629738488205648
-2.12912912912912899	0.0395461225412615941
-2.12612612612612617	0.038604548195041076
-2.1231231231231229	0.032013527771497477
-2.12012012012012008	0.0423708455799231345
-2.11711711711711725	0.0301303790790564512
-2.11411411411411398	0.038604548195041076
-2.11111111111111116	0.0395461225412615941
-2.10810810810810789	0.038604548195041076
-2.10510510510510507	0.0357798251563795355
-2.10210210210210224	0.0461371429648051931
-2.09909909909909898	0.0423708455799231345
-2.09609609609609615	0.0301303790790564512
-2.09309309309309288	0.0244809330017333668
-2.09009009009009006	0.0395461225412615941
-2.08708708708708723	0.0433124199261436457
-2.08408408408408397	0.0329551021177179951
-2.08108108108108114	0.0423708455799231345
-2.07807807807807787	0.0499034403496872447
-2.07507507507507505	0.0338966764639385063
-2.07207207207207222	0.0348382508101590174
-2.06906906906906896	0.0357798251563795355
-2.06606606606606613	0.0376629738488205648
-2.06306306306306286	0.0357798251563795355
-2.06006006006006004	0.0367213995026000467
-2.05705705705705721	0.0404876968874821053
-2.05405405405405395	0.0395461225412615941
-2.05105105105105112	0.0329551021177179951
-2.04804804804804785	0.032013527771497477
-2.04504504504504503	0.0489618660034667336
-2.0420420420420422	0.0442539942723641638
-2.03903903903903894	0.0414292712337026164
-2.03603603603603611	0.0395461225412615941
-2.03303303303303284	0.0348382508101590174
-2.03003003003003002	0.038604548195041076
-2.0270270270270272	0.0470787173110257043
-2.02402402402402393	0.0423708455799231345
-2.0210210210210211	0.0329551021177179951
-2.01801801801801783	0.0348382508101590174
-2.01501501501501501	0.0348382508101590174
-2.01201201201201219	0.0433124199261436457
-2.00900900900900892	0.0508450146959077628
-2.00600600600600609	0.0395461225412615941
-2.00300300300300282	0.0423708455799231345
-2	0.0367213995026000467
-1.99699699699699695	0.0480202916572462155
-1.99399399399399391	0.0338966764639385063
-1.99099099099099108	0.0348382508101590174
-1.98798798798798804	0.0367213995026000467
-1.98498498498498499	0.032013527771497477
-1.98198198198198194	0.0338966764639385063
-1.9789789789789789	0.038604548195041076
-1.97597597597597607	0.0348382508101590174
-1.97297297297297303	0.0414292712337026164
-1.96996996996996998	0.0433124199261436457
-1.96696696696696693	0.051786589042128274
-1.96396396396396389	0.032013527771497477
-1.96096096096096106	0.0480202916572462155
-1.95795795795795802	0.0329551021177179951
-1.95495495495495497	0.0395461225412615941
-1.95195195195195192	0.045195568618584675
-1.94894894894894888	0.0470787173110257043
-1.94594594594594605	0.0414292712337026164
-1.94294294294294301	0.0404876968874821053
-1.93993993993993996	0.0395461225412615941
-1.93693693693693691	0.045195568618584675
-1.93393393393393387	0.0555528864270103326
-1.93093093093093104	0.045195568618584675
-1.927927927927928	0.0273056560403949072
-1.92492492492492495	0.0499034403496872447
-1.92192192192192191	0.0367213995026000467
-1.91891891891891886	0.0480202916572462155
-1.91591591591591603	0.0433124199261436457
-1.91291291291291299	0.0527281633883487852
-1.90990990990990994	0.0508450146959077628
-1.9069069069069069	0.0395461225412615941
-1.90390390390390385	0.0404876968874821053
-1.9009009009009008	0.0433124199261436457
-1.89789789789789798	0.0433124199261436457
-1.89489489489489493	0.0442539942723641638
-1.89189189189189189	0.0357798251563795355
-1.88888888888888884	0.0404876968874821053
-1.88588588588588579	0.0367213995026000467
-1.88288288288288297	0.0357798251563795355
-1.87987987987987992	0.0282472303866154219
-1.87687687687687688	0.0414292712337026164
-1.87387387387387383	0.0536697377345693033
-1.87087087087087078	0.0357798251563795355
-1.86786786786786796	0.0546113120807898145
-1.86486486486486491	0.0489618660034667336
-1.86186186186186187	0.0470787173110257043
-1.85885885885885882	0.0480202916572462155
-1.85585585585585577	0.0480202916572462155
-1.85285285285285295	0.0433124199261436457
-1.8498498498498499	0.0508450146959077628
-1.84684684684684686	0.0433124199261436457
-1.84384384384384381	0.0470787173110257043
-1.84084084084084076	0.0395461225412615941
-1.83783783783783794	0.0433124199261436457
-1.83483483483483489	0.0480202916572462155
-1.83183183183183185	0.045195568618584675
-1.8288288288288288	0.045195568618584675
-1.82582582582582575	0.051786589042128274
-1.82282282282282293	0.0555528864270103326
-1.81981981981981988	0.0433124199261436457
-1.81681681681681684	0.0404876968874821053
-1.81381381381381379	0.0414292712337026164
-1.81081081081081074	0.0414292712337026164
-1.80780780780780792	0.0489618660034667336
-1.80480480480480487	0.0564944607732308438
-1.80180180180180183	0.0395461225412615941
-1.79879879879879878	0.0433124199261436457
-1.79579579579579574	0.0461371429648051931
-1.79279279279279291	0.0602607581581129023
-1.78978978978978986	0.0508450146959077628
-1.78678678678678682	0.0536697377345693033
-1.78378378378378377	0.0508450146959077628
-1.78078078078078073	0.0348382508101590174
-1.77777777777777768	0.0470787173110257043
-1.77477477477477485	0.0630854811967744428
-1.77177177177177181	0.038604548195041076
-1.76876876876876876	0.0357798251563795355
-1.76576576576576572	0.0367213995026000467
-1.76276276276276267	0.0555528864270103326
-1.75975975975975985	0.0376629738488205648
-1.7567567567567568	0.0480202916572462155
-1.75375375375375375	0.0574360351194513619
-1.75075075075075071	0.051786589042128274
-1.74774774774774766	0.0404876968874821053
-1.74474474474474484	0.0461371429648051931
-1.74174174174174179	0.0630854811967744428
-1.73873873873873874	0.0480202916572462155
-1.7357357357357357	0.0527281633883487852
-1.73273273273273265	0.0489618660034667336
-1.72972972972972983	0.0423708455799231345
-1.72672672672672678	0.0499034403496872447
-1.72372372372372373	0.0508450146959077628
-1.72072072072072069	0.0536697377345693033
-1.71771771771771764	0.0602607581581129023
-1.71471471471471482	0.0480202916572462155
-1.71171171171171177	0.0555528864270103326
-1.70870870870870872	0.0546113120807898145
-1.70570570570570568	0.0527281633883487852
-1.70270270270270263	0.0546113120807898145
-1.69969969969969981	0.0499034403496872447
-1.69669669669669676	0.0659102042354359902
-1.69369369369369371	0.0508450146959077628
-1.69069069069069067	0.0433124199261436457
-1.68768768768768762	0.0508450146959077628
-1.6846846846846848	0.0489618660034667336
-1.68168168168168175	0.0536697377345693033
-1.6786786786786787	0.0499034403496872447
-1.67567567567567566	0.0612023325043334135
-1.67267267267267261	0.0555528864270103326
-1.66966966966966979	0.0574360351194513619
-1.66666666666666674	0.0414292712337026164
-1.66366366366366369	0.0677933529278770125
-1.66066066066066065	0.0564944607732308438
-1.6576576576576576	0.0564944607732308438
-1.65465465465465478	0.0630854811967744428
-1.65165165165165173	0.051786589042128274
-1.64864864864864868	0.0555528864270103326
-1.64564564564564564	0.0668517785816565013
-1.64264264264264259	0.0546113120807898145
-1.63963963963963955	0.0461371429648051931
-1.63663663663663672	0.0508450146959077628
-1.63363363363363367	0.0564944607732308438
-1.63063063063063063	0.0546113120807898145
-1.62762762762762758	0.0527281633883487852
-1.62462462462462454	0.0593191838118923842
-1.62162162162162171	0.0555528864270103326
-1.61861861861861867	0.051786589042128274
-1.61561561561561562	0.0433124199261436457
-1.61261261261261257	0.0668517785816565013
-1.60960960960960953	0.0649686298892154651
-1.6066066066066067	0.0668517785816565013
-1.60360360360360366	0.0527281633883487852
-1.60060060060060061	0.0743843733514206185
-1.59759759759759756	0.0630854811967744428
-1.59459459459459452	0.051786589042128274
-1.59159159159159169	0.0574360351194513619
-1.58858858858858865	0.0546113120807898145
-1.5855855855855856	0.0602607581581129023
-1.58258258258258255	0.0461371429648051931
-1.57957957957957951	0.0696765016203180348
-1.57657657657657668	0.0499034403496872447
-1.57357357357357364	0.045195568618584675
-1.57057057057057059	0.0593191838118923842
-1.56756756756756754	0.0602607581581129023
-1.5645645645645645	0.058377609465671873
-1.56156156156156167	0.0564944607732308438
-1.55855855855855863	0.0527281633883487852
-1.55555555555555558	0.0574360351194513619
-1.55255255255255253	0.0800338194287436994
-1.54954954954954949	0.0649686298892154651
-1.54654654654654666	0.077209096390082152
-1.54354354354354362	0.0687349272740975237
-1.54054054054054057	0.0630854811967744428
-1.53753753753753752	0.0508450146959077628
-1.53453453453453448	0.0640270555429949539
-1.53153153153153165	0.058377609465671873
-1.52852852852852861	0.0753259476976411296
-1.52552552552552556	0.0743843733514206185
-1.52252252252252251	0.0725012246589795822
-1.51951951951951947	0.0668517785816565013
-1.51651651651651642	0.0564944607732308438
-1.5135135135135136	0.0640270555429949539
-1.51051051051051055	0.0593191838118923842
-1.5075075075075075	0.0696765016203180348
-1.50450450450450446	0.0725012246589795822
-1.50150150150150141	0.0696765016203180348
-1.49849849849849859	0.0677933529278770125
-1.49549549549549554	0.0753259476976411296
-1.4924924924924925	0.0659102042354359902
-1.48948948948948945	0.0677933529278770125
-1.4864864864864864	0.0640270555429949539
-1.48348348348348358	0.0668517785816565013
-1.48048048048048053	0.0564944607732308438
-1.47747747747747749	0.0725012246589795822
-1.47447447447447444	0.0640270555429949539
-1.47147147147147139	0.0715596503127590711
-1.46846846846846857	0.0612023325043334135
-1.46546546546546552	0.0659102042354359902
-1.46246246246246248	0.0649686298892154651
-1.45945945945945943	0.0753259476976411296
-1.45645645645645638	0.0621439068505539316
-1.45345345345345356	0.0659102042354359902
-1.45045045045045051	0.0687349272740975237
-1.44744744744744747	0.0715596503127590711
-1.44444444444444442	0.0753259476976411296
-1.44144144144144137	0.0753259476976411296
-1.43843843843843855	0.0536697377345693033
-1.4354354354354355	0.0668517785816565013
-1.43243243243243246	0.0612023325043334135
-1.42942942942942941	0.0819169681211847217
-1.42642642642642636	0.0715596503127590711
-1.42342342342342354	0.0649686298892154651
-1.42042042042042049	0.0659102042354359902
-1.41741741741741745	0.0706180759665385599
-1.4144144144144144	0.0706180759665385599
-1.41141141141141135	0.0734427990052000934
-1.40840840840840853	0.0706180759665385599
-1.40540540540540548	0.0800338194287436994
-1.40240240240240244	0.0800338194287436994
-1.39939939939939939	0.0668517785816565013
-1.39639639639639634	0.0640270555429949539
-1.3933933933933933	0.0828585424674052329
-1.39039039039039047	0.0725012246589795822
-1.38738738738738743	0.0743843733514206185
-1.38438438438438438	0.0677933529278770125
-1.38138138138138133	0.077209096390082152
-1.37837837837837829	0.0800338194287436994
-1.37537537537537546	0.0932158602758308974
-1.37237237237237242	0.0640270555429949539
-1.36936936936936937	0.0790922450825231882
-1.36636636636636633	0.09039113723716935
-1.36336336336336328	0.0621439068505539316
-1.36036036036036045	0.0781506707363026631
-1.35735735735735741	0.0734427990052000934
-1.35435435435435436	0.0838001168136257579
-1.35135135135135132	0.0819169681211847217
-1.34834834834834827	0.0847416911598462691
-1.34534534534534544	0.0715596503127590711
-1.3423423423423424	0.0847416911598462691
-1.33933933933933935	0.0790922450825231882
-1.33633633633633631	0.0790922450825231882
-1.33333333333333326	0.077209096390082152
-1.33033033033033044	0.0781506707363026631
-1.32732732732732739	0.0819169681211847217
-1.32432432432432434	0.0602607581581129023
-1.3213213213213213	0.0781506707363026631
-1.31831831831831825	0.0856832655060667803
-1.31531531531531543	0.0819169681211847217
-1.31231231231231238	0.0875664141985078026
-1.30930930930930933	0.0960405833144924309
-1.30630630630630629	0.0809753937749642105
-1.30330330330330324	0.0932158602758308974
-1.30030030030030042	0.0828585424674052329
-1.29729729729729737	0.0743843733514206185
-1.29429429429429432	0.0753259476976411296
-1.29129129129129128	0.0696765016203180348
-1.28828828828828823	0.0988653063531539783
-1.28528528528528541	0.0687349272740975237
-1.28228228228228236	0.0847416911598462691
-1.27927927927927931	0.0950990089682719197
-1.27627627627627627	0.0800338194287436994
-1.27327327327327322	0.0885079885447283277
-1.27027027027027017	0.0875664141985078026
-1.26726726726726735	0.0725012246589795822
-1.2642642642642643	0.0894495628909488388
-1.26126126126126126	0.102631603738036037
-1.25825825825825821	0.0856832655060667803
-1.25525525525525516	0.096982157660712956
-1.25225225225225234	0.0828585424674052329
-1.24924924924924929	0.0960405833144924309
-1.24624624624624625	0.0847416911598462691
-1.2432432432432432	0.0988653063531539783
-1.24024024024024015	0.0979237320069334671
-1.23723723723723733	0.0941574346220514086
-1.23423423423423428	0.0950990089682719197
-1.23123123123123124	0.0913327115833898612
-1.22822822822822819	0.0800338194287436994
-1.22522522522522515	0.077209096390082152
-1.22222222222222232	0.104514752430477059
-1.21921921921921927	0.111105772854020665
-1.21621621621621623	0.108281049815359118
-1.21321321321321318	0.0847416911598462691
-1.21021021021021014	0.0894495628909488388
-1.20720720720720731	0.0894495628909488388
-1.20420420420420426	0.0828585424674052329
-1.20120120120120122	0.0753259476976411296
-1.19819819819819817	0.0941574346220514086
-1.19519519519519513	0.0950990089682719197
-1.1921921921921923	0.0866248398522872914
-1.18918918918918926	0.0960405833144924309
-1.18618618618618621	0.100748455045595001
-1.18318318318318316	0.0979237320069334671
-1.18018018018018012	0.0998068806993744895
-1.17717717717717729	0.09039113723716935
-1.17417417417417425	0.0932158602758308974
-1.1711711711711712	0.102631603738036037
-1.16816816816816815	0.11016419850780014
-1.16516516516516511	0.103573178084256548
-1.16216216216216228	0.096982157660712956
-1.15915915915915924	0.0988653063531539783
-1.15615615615615619	0.0941574346220514086
-1.15315315315315314	0.114872070238902724
-1.1501501501501501	0.0838001168136257579
-1.14714714714714727	0.0894495628909488388
-1.14414414414414423	0.0932158602758308974
-1.14114114114114118	0.0932158602758308974
-1.13813813813813813	0.104514752430477059
-1.13513513513513509	0.109222624161579629
-1.13213213213213204	0.0932158602758308974
-1.12912912912912922	0.10545632677669757
-1.12612612612612617	0.0941574346220514086
-1.12312312312312312	0.123346239354887338
-1.12012012012012008	0.0960405833144924309
-1.11711711711711703	0.112047347200241176
-1.11411411411411421	0.0894495628909488388
-1.11111111111111116	0.104514752430477059
-1.10810810810810811	0.116755218931343746
-1.10510510510510507	0.104514752430477059
-1.10210210210210202	0.103573178084256548
-1.0990990990990992	0.104514752430477059
-1.09609609609609615	0.115813644585123235
-1.0930930930930931	0.120521516316225805
-1.09009009009009006	0.1346451315095335
-1.08708708708708701	0.115813644585123235
-1.08408408408408419	0.10545632677669757
-1.08108108108108114	0.108281049815359118
-1.07807807807807809	0.104514752430477059
-1.07507507507507505	0.113930495892682199
-1.072072072072072	0.106397901122918095
-1.06906906906906918	0.107339475469138607
-1.06606606606606613	0.122404665008666827
-1.06306306306306309	0.112988921546461688
-1.06006006006006004	0.119579941970005293
-1.05705705705705699	0.106397901122918095
-1.05405405405405417	0.124287813701107863
-1.05105105105105112	0.112988921546461688
-1.04804804804804808	0.112047347200241176
-1.04504504504504503	0.132761982817092478
-1.04204204204204198	0.12522938804732836
-1.03903903903903916	0.113930495892682199
-1.03603603603603611	0.119579941970005293
-1.03303303303303307	0.1346451315095335
-1.03003003003003002	0.121463090662446316
-1.02702702702702697	0.117696793277564257
-1.02402402402402415	0.108281049815359118
-1.0210210210210211	0.109222624161579629
-1.01801801801801806	0.10545632677669757
-1.01501501501501501	0.111105772854020665
-1.01201201201201196	0.146885598010400187
-1.00900900900900892	0.111105772854020665
-1.00600600600600609	0.13182040847087198
-1.00300300300300305	0.113930495892682199
-1	0.113930495892682199
-0.996996996996997176	0.123346239354887338
-0.993993993993993907	0.116755218931343746
-0.990990990990991083	0.113930495892682199
-0.987987987987987815	0.11016419850780014
-0.98498498498498499	0.12993725977843093
-0.981981981981982166	0.112047347200241176
-0.978978978978978898	0.14594402366417969
-0.975975975975976073	0.146885598010400187
-0.972972972972972805	0.13652828020197455
-0.969969969969969981	0.128995685432210433
-0.966966966966967156	0.124287813701107863
-0.963963963963963888	0.119579941970005293
-0.960960960960961064	0.127112536739769411
-0.957957957957957795	0.13652828020197455
-0.954954954954954971	0.13182040847087198
-0.951951951951952147	0.135586705855754025
-0.948948948948948878	0.133703557163313003
-0.945945945945946054	0.145002449317959164
-0.942942942942942786	0.140294577586856595
-0.939939939939939961	0.14123615193307712
-0.936936936936937137	0.127112536739769411
-0.933933933933933869	0.149710321049061734
-0.930930930930931044	0.120521516316225805
-0.927927927927927776	0.132761982817092478
-0.924924924924924952	0.123346239354887338
-0.921921921921922127	0.116755218931343746
-0.918918918918918859	0.122404665008666827
-0.915915915915916035	0.128995685432210433
-0.912912912912912766	0.160067638857487399
-0.909909909909909942	0.127112536739769411
-0.906906906906907118	0.12993725977843093
-0.903903903903903849	0.13935300324063607
-0.900900900900901025	0.124287813701107863
-0.897897897897897757	0.182665423166779722
-0.894894894894894932	0.153476618433943807
-0.891891891891892108	0.151593469741502757
-0.88888888888888884	0.147827172356620712
-0.885885885885886015	0.13652828020197455
-0.882882882882882747	0.146885598010400187
-0.879879879879879923	0.138411428894415572
-0.876876876876877098	0.148768746702841237
-0.87387387387387383	0.144060874971738667
-0.870870870870871006	0.151593469741502757
-0.867867867867867737	0.156301341472605326
-0.864864864864864913	0.13935300324063607
-0.861861861861862089	0.156301341472605326
-0.85885885885885882	0.130878834124651455
-0.855855855855855996	0.148768746702841237
-0.852852852852852727	0.161950787549928421
-0.849849849849849903	0.145002449317959164
-0.846846846846847079	0.154418192780164304
-0.843843843843843811	0.147827172356620712
-0.840840840840840986	0.146885598010400187
-0.837837837837837718	0.152535044087723282
-0.834834834834834894	0.155359767126384829
-0.831831831831832069	0.143119300625518142
-0.828828828828828801	0.14594402366417969
-0.825825825825825977	0.162892361896148946
-0.822822822822822708	0.158184490165046376
-0.819819819819819884	0.188314869244102817
-0.816816816816816615	0.174191254050795108
-0.813813813813813791	0.167600233627251516
-0.810810810810810967	0.166658659281030991
-0.807807807807807698	0.174191254050795108
-0.804804804804804874	0.170424956665913035
-0.801801801801801606	0.173249679704574583
-0.798798798798798781	0.17607440274323613
-0.795795795795795957	0.194905889667646409
-0.792792792792792689	0.158184490165046376
-0.789789789789789864	0.173249679704574583
-0.786786786786786596	0.202438484437410526
-0.783783783783783772	0.158184490165046376
-0.780780780780780947	0.152535044087723282
-0.777777777777777679	0.168541807973472013
-0.774774774774774855	0.189256443590323342
-0.771771771771771586	0.192081166628984862
-0.768768768768768762	0.186431720551661795
-0.765765765765765938	0.182665423166779722
-0.762762762762762669	0.1807822744743387
-0.759759759759759845	0.178899125781897678
-0.756756756756756577	0.157242915818825851
-0.753753753753753752	0.182665423166779722
-0.750750750750750928	0.201496910091190001
-0.74774774774774766	0.186431720551661795
-0.744744744744744835	0.206204781822292571
-0.741741741741741567	0.207146356168513096
-0.738738738738738743	0.175132828397015605
-0.735735735735735918	0.208087930514733621
-0.73273273273273265	0.193964315321425912
-0.729729729729729826	0.163833936242369443
-0.726726726726726557	0.197730612706307957
-0.723723723723723733	0.191139592282764365
-0.720720720720720909	0.209029504860954118
-0.71771771771771764	0.202438484437410526
-0.714714714714714816	0.192081166628984862
-0.711711711711711548	0.196789038360087432
-0.708708708708708723	0.193022740975205387
-0.705705705705705899	0.22032839701560028
-0.702702702702702631	0.208087930514733621
-0.699699699699699806	0.22032839701560028
-0.696696696696696538	0.201496910091190001
-0.693693693693693714	0.205263207476072074
-0.690690690690690889	0.21562052528449771
-0.687687687687687621	0.22221154570804133
-0.684684684684684797	0.213737376592056688
-0.681681681681681528	0.197730612706307957
-0.678678678678678704	0.213737376592056688
-0.67567567567567588	0.23633516090134904
-0.672672672672672611	0.224094694400482353
-0.669669669669669787	0.225977843092923375
-0.666666666666666519	0.229744140477805447
-0.663663663663663694	0.228802566131584922
-0.66066066066066087	0.244809330017333654
-0.657657657657657602	0.234452012208908017
-0.654654654654654777	0.247634053055995201
-0.651651651651651509	0.264582391287964458
-0.648648648648648685	0.235393586555128514
-0.64564564564564586	0.229744140477805447
-0.642642642642642592	0.230685714824025945
-0.639639639639639768	0.256108222171979816
-0.636636636636636499	0.227860991785364397
-0.633633633633633675	0.263640816941743961
-0.630630630630630851	0.245750904363554179
-0.627627627627627582	0.257049796518200369
-0.624624624624624758	0.228802566131584922
-0.62162162162162149	0.247634053055995201
-0.618618618618618665	0.247634053055995201
-0.615615615615615841	0.239159883940010587
-0.612612612612612573	0.275881283442610648
-0.609609609609609748	0.25987451955686186
-0.60660660660660648	0.278706006481272139
-0.603603603603603656	0.253283499133318268
-0.600600600600600831	0.230685714824025945
-0.597597597597597563	0.270231837365287553
-0.594594594594594739	0.275881283442610648
-0.59159159159159147	0.275881283442610648
-0.588588588588588646	0.270231837365287553
-0.585585585585585822	0.286238601251036284
-0.582582582582582553	0.313544257291431205
-0.579579579579579729	0.319193703368754245
-0.576576576576576461	0.275881283442610648
-0.573573573573573636	0.299420642098123468
-0.570570570570570812	0.257991370864420866
-0.567567567567567544	0.265523965634184955
-0.564564564564564719	0.291888047328359379
-0.561561561561561451	0.289063324289697832
-0.558558558558558627	0.324843149446077339
-0.555555555555555358	0.335200467254503032
-0.552552552552552534	0.312602682945210653
-0.54954954954954971	0.320135277714974797
-0.546546546546546441	0.341791487678046624
-0.543543543543543617	0.32860944683095944
-0.540540540540540349	0.319193703368754245
-0.537537537537537524	0.319193703368754245
-0.5345345345345347	0.322960000753636345
-0.531531531531531432	0.292829621674579876
-0.528528528528528607	0.322018426407415792
-0.525525525525525339	0.338025190293164579
-0.522522522522522515	0.339908338985605574
-0.51951951951951969	0.331434169869620932
-0.516516516516516422	0.347440933755369719
-0.513513513513513598	0.367213995026000495
-0.510510510510510329	0.3615645489486774
-0.507507507507507505	0.354973528525133808
-0.504504504504504681	0.335200467254503032
-0.501501501501501412	0.360622974602456903
-0.498498498498498588	0.349324082447810713
-0.495495495495495319	0.400169097143718455
-0.492492492492492495	0.396402799758836411
-0.489489489489489671	0.373805015449544087
-0.486486486486486402	0.368155569372220992
-0.483483483483483578	0.35968140025623635
-0.48048048048048031	0.384162333257969724
-0.477477477477477485	0.416175861029467242
-0.474474474474474661	0.41900058406812879
-0.471471471471471393	0.386045481950410774
-0.468468468468468568	0.414292712337026192
-0.4654654654654653	0.392636502373954366
-0.462462462462462476	0.413351137990805695
-0.459459459459459651	0.381337610219308176
-0.456456456456456383	0.418059009721908237
-0.453453453453453559	0.396402799758836411
-0.45045045045045029	0.382279184565528729
-0.447447447447447466	0.399227522797497958
-0.444444444444444642	0.461371429648051889
-0.441441441441441373	0.448189388800964705
-0.438438438438438549	0.439715219684980063
-0.435435435435435281	0.427474753184113376
-0.432432432432432456	0.428416327530333929
-0.429429429429429632	0.468904024417816034
-0.426426426426426364	0.469845598764036532
-0.423423423423423539	0.427474753184113376
-0.420420420420420271	0.449130963147185203
-0.417417417417417447	0.454780409224508297
-0.414414414414414622	0.473611896148918576
-0.411411411411411354	0.487735511342226313
-0.40840840840840853	0.492443383073328855
-0.405405405405405261	0.472670321802698079
-0.402402402402402437	0.535755802999472563
-0.399399399399399613	0.51127486999773919
-0.396396396396396344	0.519749039113723721
-0.39339339339339352	0.525398485191046816
-0.390390390390390252	0.545171546461677647
-0.387387387387387427	0.504683849574195542
-0.384384384384384603	0.537638951691913558
-0.381381381381381335	0.497151254804431453
-0.37837837837837851	0.555528864270103284
-0.375375375375375242	0.566827756424749474
-0.372372372372372418	0.570594053809631574
-0.369369369369369593	0.537638951691913558
-0.366366366366366325	0.558353587308764832
-0.363363363363363501	0.579068222925616105
-0.360360360360360232	0.595074986811364948
-0.357357357357357408	0.583776094656718758
-0.354354354354354584	0.572477202502072569
-0.351351351351351315	0.581892945964277652
-0.348348348348348491	0.627088514582862411
-0.345345345345345223	0.64215370412239059
-0.342342342342342398	0.629913237621523958
-0.339339339339339574	0.646861575853493131
-0.336336336336336306	0.620497494159318763
-0.333333333333333481	0.635562683698847053
-0.330330330330330213	0.613906473735775227
-0.327327327327327389	0.628971663275303405
-0.324324324324324564	0.618614345466877769
-0.321321321321321296	0.677933529278770153
-0.318318318318318472	0.664751488431682969
-0.315315315315315203	0.672284083201447058
-0.312312312312312379	0.668517785816564958
-0.309309309309309555	0.69205714447207789
-0.306306306306306286	0.703356036626723968
-0.303303303303303462	0.676050380586329158
-0.300300300300300194	0.725953820936016347
-0.297297297297297369	0.728778543974677895
-0.294294294294294101	0.740077436129324084
-0.291291291291291277	0.782448281709247184
-0.288288288288288452	0.761733646092395911
-0.285285285285285184	0.767383092169719006
-0.28228228228228236	0.743843733514206074
-0.279279279279279091	0.8154033838269652
-0.276276276276276267	0.796571896902554921
-0.273273273273273443	0.794688748210113927
-0.270270270270270174	0.827643850327831831
-0.26726726726726735	0.7654999434772779
-0.264264264264264082	0.812578660788303653
-0.261261261261261257	0.785273004747908732
-0.258258258258258433	0.821052829904288295
-0.255255255255255165	0.842709039867360121
-0.25225225225225234	0.848358485944683216
-0.249249249249249072	0.856832655060667858
-0.246246246246246248	0.87283941894641659
-0.243243243243243423	0.898261926294370405
-0.240240240240240155	0.888846182832165321
-0.237237237237237331	0.911443967141457589
-0.234234234234234062	0.901086649333031953
-0.231231231231231238	0.941574346220514058
-0.228228228228228414	0.966996853568467984
-0.225225225225225145	0.969821576607129532
-0.222222222222222321	0.978295745723114174
-0.219219219219219053	0.951931664028939695
-0.216216216216216228	1.05362169342075518
-0.213213213213213404	1.02160816564925772
-0.210210210210210136	0.965113704876026879
-0.207207207207207311	1.02066659130303727
-0.204204204204204043	1.06586215992162203
-0.201201201201201219	1.03290705780390391
-0.198198198198198394	0.9538148127213808
-0.195195195195195126	1.10258355942422193
-0.192192192192192302	1.12235662069485276
-0.189189189189189033	1.11482402592508856
-0.186186186186186209	1.0517385447283143
-0.183183183183183385	1.13177236415705784
-0.180180180180180116	1.12988921546461696
-0.177177177177177292	1.14683755369658624
-0.174174174174174023	1.13930495892682204
-0.171171171171171199	1.12894764111839629
-0.168168168168168375	1.17037691235209906
-0.165165165165165106	1.19297469666139144
-0.162162162162162282	1.17885108146808371
-0.159159159159159014	1.20992303489336051
-0.156156156156156189	1.23534554224131443
-0.153153153153153365	1.12988921546461696
-0.150150150150150097	1.01407557087949374
-0.147147147147147273	0.929333879719647427
-0.144144144144144004	0.932158602758308974
-0.14114114114114118	0.879430439369960126
-0.138138138138138356	0.837059593790037026
-0.135135135135135087	0.757025774361293369
-0.132132132132132263	0.763616794784836905
-0.129129129129128994	0.740077436129324084
-0.12612612612612617	0.681699826663652142
-0.123123123123123346	0.6346211093526265
-0.120120120120120077	0.625205365890421305
-0.117117117117117253	0.596016561157585389
-0.114114114114113985	0.591308689426482847
-0.11111111111111116	0.529164782575928916
-0.108108108108108336	0.547054695154118642
-0.105105105105105068	0.521632187806164827
-0.102102102102102243	0.455721983570728795
-0.0990990990990989751	0.467962450071595482
-0.0960960960960961508	0.455721983570728795
-0.0930930930930933265	0.382279184565528729
-0.0900900900900900581	0.393578076720174863
-0.0870870870870872338	0.378512887180646684
-0.0840840840840839654	0.365330846333559445
-0.0810810810810811411	0.309777959906549105
-0.0780780780780783168	0.322960000753636345
-0.0750750750750750484	0.281530729519933687
-0.0720720720720722241	0.265523965634184955
-0.0690690690690689557	0.247634053055995201
-0.0660660660660661314	0.235393586555128514
-0.0630630630630633071	0.228802566131584922
-0.0600600600600600387	0.192081166628984862
-0.0570570570570572144	0.169483382319692538
-0.054054054054053946	0.167600233627251516
-0.0510510510510511217	0.144060874971738667
-0.0480480480480478533	0.133703557163313003
-0.045045045045045029	0.113930495892682199
-0.0420420420420422047	0.106397901122918095
-0.0390390390390389364	0.0988653063531539783
-0.0360360360360361121	0.0715596503127590711
-0.0330330330330328437	0.0856832655060667803
-0.0300300300300300194	0.0659102042354359902
-0.0270270270270271951	0.0555528864270103326
-0.0240240240240239267	0.0555528864270103326
-0.0210210210210211024	0.0470787173110257043
-0.018018018018017834	0.0357798251563795355
-0.0150150150150150097	0.0263640816941743926
-0.0120120120120121854	0.0216562099630718229
-0.00900900900900891699	0.0150651895395282256
-0.00600600600600609269	0.0112988921546461688
-0.0030030030030028243	0.00282472303866154219
0	0.000941574346220514099
0.0030030030030028243	0.0018831486924410282
0.00600600600600609269	0.00564944607732308438
0.00900900900900891699	0.00753259476976411279
0.0120120120120121854	0.0178899125781897678
0.0150150150150150097	0.0301303790790564512
0.018018018018017834	0.0433124199261436457
0.0210210210210211024	0.051786589042128274
0.0240240240240239267	0.0527281633883487852
0.0270270270270271951	0.0574360351194513619
0.0300300300300300194	0.0687349272740975237
0.0330330330330328437	0.0838001168136257579
0.0360360360360361121	0.0734427990052000934
0.0390390390390389364	0.112988921546461688
0.0420420420420422047	0.0894495628909488388
0.045045045045045029	0.12522938804732836
0.0480480480480478533	0.133703557163313003
0.0510510510510511217	0.156301341472605326
0.054054054054053946	0.17607440274323613
0.0570570570570572144	0.174191254050795108
0.0600600600600600387	0.18549014620544127
0.063063063063062863	0.225036268746702878
0.0660660660660661314	0.244809330017333654
0.0690690690690689557	0.243867755671113157
0.0720720720720722241	0.2730565604039491
0.0750750750750750484	0.270231837365287553
0.0780780780780778727	0.30601166252166706
0.0810810810810811411	0.290004898635918329
0.0840840840840839654	0.362506123294897897
0.0870870870870872338	0.362506123294897897
0.0900900900900900581	0.389811779335292818
0.0930930930930928824	0.429357901876554426
0.0960960960960961508	0.408643266259703097
0.0990990990990989751	0.441598368377421113
0.102102102102102243	0.473611896148918576
0.105105105105105068	0.525398485191046816
0.108108108108107892	0.521632187806164827
0.11111111111111116	0.566827756424749474
0.114114114114113985	0.585659243349159753
0.117117117117117253	0.632737960660185506
0.120120120120120077	0.636504258045067495
0.123123123123122902	0.659102042354359874
0.12612612612612617	0.644036852814831584
0.129129129129128994	0.7193628005124727
0.132132132132132263	0.753259476976411269
0.135135135135135087	0.781506707363026631
0.138138138138137911	0.837059593790037026
0.14114114114114118	0.837059593790037026
0.144144144144144004	0.939691197528073063
0.147147147147147273	1.01690029391815528
0.150150150150150097	1.05362169342075518
0.153153153153152921	1.17414320973698105
0.156156156156156189	1.24570286004974018
0.159159159159159014	1.19674099404627343
0.162162162162162282	1.20333201446981697
0.165165165165165106	1.1845005275454068
0.168168168168167931	1.13648023588816049
0.171171171171171199	1.16755218931343752
0.174174174174174023	1.15060385108146823
0.177177177177177292	1.16001959454367332
0.180180180180180116	1.077161052076268
0.18318318318318294	1.12988921546461696
0.186186186186186209	1.06774530861406292
0.189189189189189033	1.10634985680910414
0.192192192192192302	1.10917457984776568
0.195195195195195126	1.09881726203933994
0.19819819819819795	1.00277667872484755
0.201201201201201219	1.04138122691988855
0.204204204204204043	1.07057003165272446
0.207207207207207311	1.03102390911146302
0.210210210210210136	1.02537446303413993
0.213213213213213404	0.965113704876026879
0.216216216216216228	0.963230556183585884
0.219219219219219053	0.982062043107996163
0.222222222222222321	0.934041751450749969
0.225225225225225145	0.902969798025472947
0.228228228228228414	0.950990089682719253
0.231231231231231238	0.9076776697565756
0.234234234234234062	0.874722567638857584
0.237237237237237331	0.9076776697565756
0.240240240240240155	0.891670905870826869
0.243243243243243423	0.883196736754842227
0.246246246246246248	0.905794521064134495
0.249249249249249072	0.870014695907755042
0.25225225225225234	0.830468573366493379
0.255255255255255165	0.850241634637124211
0.258258258258258433	0.863423675484211395
0.261261261261261257	0.808812363403421553
0.264264264264264082	0.825760701635390837
0.26726726726726735	0.807870789057201111
0.270270270270270174	0.746668456552867621
0.273273273273273443	0.779623558670585637
0.276276276276276267	0.799396619941216469
0.279279279279279091	0.808812363403421553
0.28228228228228236	0.76926624086216
0.285285285285285184	0.767383092169719006
0.288288288288288452	0.7268953952822369
0.291291291291291277	0.725012246589795795
0.294294294294294101	0.708063908357826621
0.297297297297297369	0.679816677971211147
0.300300300300300194	0.731603267013339442
0.303303303303303462	0.730661692667118889
0.306306306306306286	0.699589739241841979
0.309309309309309111	0.727836969628457342
0.312312312312312379	0.690173995779636784
0.315315315315315203	0.643095278468611142
0.318318318318318472	0.678875103624990595
0.321321321321321296	0.637445832391288048
0.32432432432432412	0.670400934509006063
0.327327327327327389	0.616731196774436774
0.330330330330330213	0.689232421433416342
0.333333333333333481	0.612964899389554674
0.336336336336336306	0.629913237621523958
0.33933933933933913	0.664751488431682969
0.342342342342342398	0.611081750697113679
0.345345345345345223	0.636504258045067495
0.348348348348348491	0.620497494159318763
0.351351351351351315	0.594133412465144395
0.35435435435435414	0.603549155927349479
0.357357357357357408	0.562119884693646932
0.360360360360360232	0.559295161654985384
0.363363363363363501	0.5847176690029392
0.366366366366366325	0.596016561157585389
0.369369369369369149	0.556470438616323837
0.372372372372372418	0.529164782575928916
0.375375375375375242	0.535755802999472563
0.37837837837837851	0.552704141231441737
0.381381381381381335	0.550820992539000742
0.384384384384384159	0.559295161654985384
0.387387387387387427	0.514099593036400737
0.390390390390390252	0.50750857261285709
0.39339339339339352	0.537638951691913558
0.396396396396396344	0.481144490918682666
0.399399399399399169	0.483969213957344213
0.402402402402402437	0.533872654307031458
0.405405405405405261	0.493384957419549353
0.40840840840840853	0.492443383073328855
0.411411411411411354	0.51127486999773919
0.414414414414414178	0.446306240108523655
0.417417417417417447	0.500917552189313442
0.420420420420420271	0.456663557916949348
0.423423423423423539	0.459488280955610895
0.426426426426426364	0.483027639611123716
0.429429429429429188	0.454780409224508297
0.432432432432432456	0.469845598764036532
0.435435435435435281	0.433124199261436471
0.438438438438438549	0.473611896148918576
0.441441441441441373	0.433124199261436471
0.444444444444444198	0.464196152686713437
0.447447447447447466	0.438773645338759566
0.45045045045045029	0.435007347953877521
0.453453453453453559	0.420883732760569784
0.456456456456456383	0.389811779335292818
0.459459459459459651	0.390753353681513316
0.462462462462462476	0.401110671489939008
0.4654654654654653	0.412409563644585142
0.468468468468468568	0.348382508101590216
0.471471471471471393	0.379454461526867182
0.474474474474474661	0.40581854322104155
0.477477477477477485	0.420883732760569784
0.48048048048048031	0.400169097143718455
0.483483483483483578	0.373805015449544087
0.486486486486486402	0.378512887180646684
0.489489489489489671	0.356856677217574858
0.492492492492492495	0.382279184565528729
0.495495495495495319	0.331434169869620932
0.498498498498498588	0.384162333257969724
0.501501501501501412	0.35026565679403121
0.504504504504504681	0.353090379832692758
0.507507507507507505	0.342733062024267121
0.510510510510510329	0.35026565679403121
0.513513513513513598	0.340849913331826071
0.516516516516516422	0.368155569372220992
0.51951951951951969	0.305070088175446563
0.522522522522522515	0.319193703368754245
0.525525525525525339	0.373805015449544087
0.528528528528528607	0.288121749943477334
0.531531531531531432	0.338966764639385076
0.5345345345345347	0.3154274059838722
0.537537537537537524	0.312602682945210653
0.540540540540540349	0.35026565679403121
0.543543543543543617	0.303186939483005513
0.546546546546546441	0.312602682945210653
0.54954954954954971	0.31731055467631325
0.552552552552552534	0.284355452558595234
0.555555555555555358	0.292829621674579876
0.558558558558558627	0.310719534252769658
0.561561561561561451	0.290946472982138826
0.564564564564564719	0.314485831637651703
0.567567567567567544	0.283413878212374737
0.570570570570570368	0.292829621674579876
0.573573573573573636	0.294712770367020926
0.576576576576576461	0.280589155173713189
0.579579579579579729	0.28247230386615424
0.582582582582582553	0.299420642098123468
0.585585585585585378	0.262699242595523408
0.588588588588588646	0.267407114326626005
0.59159159159159147	0.28247230386615424
0.594594594594594739	0.291888047328359379
0.597597597597597563	0.269290263019067
0.600600600600600387	0.249517201748436224
0.603603603603603656	0.289063324289697832
0.60660660660660648	0.262699242595523408
0.609609609609609748	0.300362216444343966
0.612612612612612573	0.262699242595523408
0.615615615615615397	0.257049796518200369
0.618618618618618665	0.23633516090134904
0.62162162162162149	0.25987451955686186
0.624624624624624758	0.25987451955686186
0.627627627627627582	0.255166647825759318
0.630630630630630407	0.228802566131584922
0.633633633633633675	0.233510437862687492
0.636636636636636499	0.264582391287964458
0.639639639639639768	0.234452012208908017
0.642642642642642592	0.22221154570804133
0.645645645645645416	0.253283499133318268
0.648648648648648685	0.2269194174391439
0.651651651651651509	0.229744140477805447
0.654654654654654777	0.242926181324892632
0.657657657657657602	0.225036268746702878
0.660660660660660426	0.237276735247569537
0.663663663663663694	0.211854227899615666
0.666666666666666519	0.232568863516466967
0.669669669669669787	0.197730612706307957
0.672672672672672611	0.263640816941743961
0.675675675675675436	0.206204781822292571
0.678678678678678704	0.218445248323159258
0.681681681681681528	0.249517201748436224
0.684684684684684797	0.22221154570804133
0.687687687687687621	0.204321633129851549
0.690690690690690445	0.217503673976938761
0.693693693693693714	0.21562052528449771
0.696696696696696538	0.208087930514733621
0.699699699699699806	0.198672187052528482
0.702702702702702631	0.183606997513000247
0.705705705705705455	0.22221154570804133
0.708708708708708723	0.187373294897882292
0.711711711711711548	0.197730612706307957
0.714714714714714816	0.188314869244102817
0.71771771771771764	0.18549014620544127
0.720720720720720909	0.22032839701560028
0.723723723723723733	0.209029504860954118
0.726726726726726557	0.197730612706307957
0.729729729729729826	0.206204781822292571
0.73273273273273265	0.202438484437410526
0.735735735735735918	0.201496910091190001
0.738738738738738743	0.170424956665913035
0.741741741741741567	0.168541807973472013
0.744744744744744835	0.175132828397015605
0.74774774774774766	0.186431720551661795
0.750750750750750928	0.187373294897882292
0.753753753753753752	0.189256443590323342
0.756756756756756577	0.190198017936543839
0.759759759759759845	0.196789038360087432
0.762762762762762669	0.171366531012133561
0.765765765765765938	0.182665423166779722
0.768768768768768762	0.167600233627251516
0.771771771771771586	0.17607440274323613
0.774774774774774855	0.198672187052528482
0.777777777777777679	0.190198017936543839
0.780780780780780947	0.169483382319692538
0.783783783783783772	0.156301341472605326
0.786786786786786596	0.169483382319692538
0.789789789789789864	0.160067638857487399
0.792792792792792689	0.170424956665913035
0.795795795795795957	0.159126064511266874
0.798798798798798781	0.164775510588589968
0.801801801801801606	0.179840700128118175
0.804804804804804874	0.181723848820559225
0.807807807807807698	0.172308105358354086
0.810810810810810967	0.169483382319692538
0.813813813813813791	0.160067638857487399
0.816816816816816615	0.172308105358354086
0.819819819819819884	0.164775510588589968
0.822822822822822708	0.171366531012133561
0.825825825825825977	0.174191254050795108
0.828828828828828801	0.183606997513000247
0.831831831831831625	0.152535044087723282
0.834834834834834894	0.18549014620544127
0.837837837837837718	0.166658659281030991
0.840840840840840986	0.169483382319692538
0.843843843843843811	0.182665423166779722
0.846846846846846635	0.135586705855754025
0.849849849849849903	0.1807822744743387
0.852852852852852727	0.174191254050795108
0.855855855855855996	0.167600233627251516
0.85885885885885882	0.177015977089456655
0.861861861861861644	0.157242915818825851
0.864864864864864913	0.172308105358354086
0.867867867867867737	0.156301341472605326
0.870870870870871006	0.153476618433943807
0.87387387387387383	0.158184490165046376
0.876876876876876654	0.137469854548195047
0.879879879879879923	0.144060874971738667
0.882882882882882747	0.146885598010400187
0.885885885885886015	0.163833936242369443
0.88888888888888884	0.14123615193307712
0.891891891891891664	0.166658659281030991
0.894894894894894932	0.128054111085989908
0.897897897897897757	0.13182040847087198
0.900900900900901025	0.13935300324063607
0.903903903903903849	0.13652828020197455
0.906906906906906674	0.173249679704574583
0.909909909909909942	0.138411428894415572
0.912912912912912766	0.144060874971738667
0.915915915915916035	0.138411428894415572
0.918918918918918859	0.123346239354887338
0.921921921921921683	0.168541807973472013
0.924924924924924952	0.164775510588589968
0.927927927927927776	0.13935300324063607
0.930930930930931044	0.12522938804732836
0.933933933933933869	0.1346451315095335
0.936936936936936693	0.137469854548195047
0.939939939939939961	0.13182040847087198
0.942942942942942786	0.118638367623784768
0.945945945945946054	0.147827172356620712
0.948948948948948878	0.154418192780164304
0.951951951951951703	0.138411428894415572
0.954954954954954971	0.118638367623784768
0.957957957957957795	0.147827172356620712
0.960960960960961064	0.126170962393548886
0.963963963963963888	0.127112536739769411
0.966966966966966712	0.116755218931343746
0.969969969969969981	0.12993725977843093
0.972972972972972805	0.13182040847087198
0.975975975975976073	0.128995685432210433
0.978978978978978898	0.135586705855754025
0.981981981981982166	0.122404665008666827
0.98498498498498499	0.132761982817092478
0.987987987987987815	0.13182040847087198
0.990990990990991083	0.109222624161579629
0.993993993993993907	0.128995685432210433
0.996996996996997176	0.120521516316225805
1	0.11016419850780014
1.00300300300300282	0.120521516316225805
1.00600600600600565	0.135586705855754025
1.00900900900900936	0.109222624161579629
1.01201201201201219	0.107339475469138607
1.01501501501501501	0.106397901122918095
1.01801801801801783	0.109222624161579629
1.02102102102102066	0.11016419850780014
1.02402402402402437	0.115813644585123235
1.0270270270270272	0.120521516316225805
1.03003003003003002	0.123346239354887338
1.03303303303303284	0.104514752430477059
1.03603603603603567	0.12522938804732836
1.03903903903903938	0.109222624161579629
1.0420420420420422	0.103573178084256548
1.04504504504504503	0.100748455045595001
1.04804804804804785	0.11016419850780014
1.05105105105105068	0.113930495892682199
1.05405405405405439	0.10545632677669757
1.05705705705705721	0.104514752430477059
1.06006006006006004	0.107339475469138607
1.06306306306306286	0.120521516316225805
1.06606606606606569	0.135586705855754025
1.0690690690690694	0.09039113723716935
1.07207207207207222	0.107339475469138607
1.07507507507507505	0.106397901122918095
1.07807807807807787	0.103573178084256548
1.0810810810810807	0.107339475469138607
1.08408408408408441	0.0950990089682719197
1.08708708708708723	0.12522938804732836
1.09009009009009006	0.13652828020197455
1.09309309309309288	0.101690029391815526
1.09609609609609571	0.114872070238902724
1.09909909909909942	0.10545632677669757
1.10210210210210224	0.111105772854020665
1.10510510510510507	0.116755218931343746
1.10810810810810789	0.100748455045595001
1.11111111111111072	0.0941574346220514086
1.11411411411411443	0.120521516316225805
1.11711711711711725	0.0922742859296103862
1.12012012012012008	0.0885079885447283277
1.1231231231231229	0.116755218931343746
1.12612612612612573	0.112988921546461688
1.12912912912912944	0.103573178084256548
1.13213213213213226	0.106397901122918095
1.13513513513513509	0.0950990089682719197
1.13813813813813791	0.096982157660712956
1.14114114114114074	0.108281049815359118
1.14414414414414445	0.109222624161579629
1.14714714714714727	0.101690029391815526
1.1501501501501501	0.100748455045595001
1.15315315315315292	0.0913327115833898612
1.15615615615615575	0.101690029391815526
1.15915915915915946	0.10545632677669757
1.16216216216216228	0.0988653063531539783
1.16516516516516511	0.0932158602758308974
1.16816816816816793	0.0950990089682719197
1.17117117117117076	0.103573178084256548
1.17417417417417447	0.096982157660712956
1.17717717717717729	0.0875664141985078026
1.18018018018018012	0.0950990089682719197
1.18318318318318294	0.096982157660712956
1.18618618618618576	0.0875664141985078026
1.18918918918918948	0.0885079885447283277
1.1921921921921923	0.0847416911598462691
1.19519519519519513	0.0847416911598462691
1.19819819819819795	0.0988653063531539783
1.20120120120120077	0.0743843733514206185
1.20420420420420449	0.077209096390082152
1.20720720720720731	0.0913327115833898612
1.21021021021021014	0.0950990089682719197
1.21321321321321296	0.0847416911598462691
1.21621621621621578	0.0932158602758308974
1.2192192192192195	0.0922742859296103862
1.22222222222222232	0.0998068806993744895
1.22522522522522515	0.102631603738036037
1.22822822822822797	0.0875664141985078026
1.23123123123123079	0.0781506707363026631
1.23423423423423451	0.0866248398522872914
1.23723723723723733	0.0894495628909488388
1.24024024024024015	0.0988653063531539783
1.24324324324324298	0.0838001168136257579
1.2462462462462458	0.09039113723716935
1.24924924924924952	0.0866248398522872914
1.25225225225225234	0.0932158602758308974
1.25525525525525516	0.10545632677669757
1.25825825825825799	0.0847416911598462691
1.26126126126126081	0.0875664141985078026
1.26426426426426453	0.0762675220438616408
1.26726726726726735	0.0875664141985078026
1.27027027027027017	0.09039113723716935
1.273273273273273	0.0979237320069334671
1.27627627627627582	0.0847416911598462691
1.27927927927927954	0.0715596503127590711
1.28228228228228236	0.0875664141985078026
1.28528528528528518	0.0875664141985078026
1.28828828828828801	0.0696765016203180348
1.29129129129129083	0.0743843733514206185
1.29429429429429455	0.0875664141985078026
1.29729729729729737	0.0800338194287436994
1.30030030030030019	0.0819169681211847217
1.30330330330330302	0.0659102042354359902
1.30630630630630584	0.0715596503127590711
1.30930930930930955	0.0819169681211847217
1.31231231231231238	0.0762675220438616408
1.3153153153153152	0.0819169681211847217
1.31831831831831803	0.0866248398522872914
1.32132132132132085	0.0715596503127590711
1.32432432432432456	0.0659102042354359902
1.32732732732732739	0.0847416911598462691
1.33033033033033021	0.0875664141985078026
1.33333333333333304	0.0725012246589795822
1.33633633633633586	0.104514752430477059
1.33933933933933957	0.0998068806993744895
1.3423423423423424	0.0894495628909488388
1.34534534534534522	0.0734427990052000934
1.34834834834834805	0.0838001168136257579
1.35135135135135087	0.0715596503127590711
1.35435435435435458	0.0706180759665385599
1.35735735735735741	0.0790922450825231882
1.36036036036036023	0.0659102042354359902
1.36336336336336306	0.0706180759665385599
1.36636636636636677	0.0856832655060667803
1.36936936936936959	0.0800338194287436994
1.37237237237237242	0.0677933529278770125
1.37537537537537524	0.0819169681211847217
1.37837837837837807	0.0790922450825231882
1.38138138138138178	0.0630854811967744428
1.3843843843843846	0.0668517785816565013
1.38738738738738743	0.077209096390082152
1.39039039039039025	0.0790922450825231882
1.39339339339339308	0.0809753937749642105
1.39639639639639679	0.0743843733514206185
1.39939939939939961	0.058377609465671873
1.40240240240240244	0.0668517785816565013
1.40540540540540526	0.0875664141985078026
1.40840840840840809	0.0706180759665385599
1.4114114114114118	0.0659102042354359902
1.41441441441441462	0.0800338194287436994
1.41741741741741745	0.0677933529278770125
1.42042042042042027	0.0640270555429949539
1.4234234234234231	0.0715596503127590711
1.42642642642642681	0.0546113120807898145
1.42942942942942963	0.0743843733514206185
1.43243243243243246	0.0838001168136257579
1.43543543543543528	0.0696765016203180348
1.43843843843843811	0.0753259476976411296
1.44144144144144182	0.0564944607732308438
1.44444444444444464	0.0781506707363026631
1.44744744744744747	0.0781506707363026631
1.45045045045045029	0.0602607581581129023
1.45345345345345311	0.0677933529278770125
1.45645645645645683	0.0696765016203180348
1.45945945945945965	0.0649686298892154651
1.46246246246246248	0.0696765016203180348
1.4654654654654653	0.0659102042354359902
1.46846846846846812	0.0715596503127590711
1.47147147147147184	0.0621439068505539316
1.47447447447447466	0.0762675220438616408
1.47747747747747749	0.0640270555429949539
1.48048048048048031	0.0762675220438616408
1.48348348348348313	0.0659102042354359902
1.48648648648648685	0.0659102042354359902
1.48948948948948967	0.0715596503127590711
1.4924924924924925	0.0800338194287436994
1.49549549549549532	0.0696765016203180348
1.49849849849849814	0.0668517785816565013
1.50150150150150186	0.0762675220438616408
1.50450450450450468	0.0602607581581129023
1.5075075075075075	0.0706180759665385599
1.51051051051051033	0.0508450146959077628
1.51351351351351315	0.0630854811967744428
1.51651651651651687	0.0564944607732308438
1.51951951951951969	0.0696765016203180348
1.52252252252252251	0.0696765016203180348
1.52552552552552534	0.0706180759665385599
1.52852852852852816	0.0593191838118923842
1.53153153153153188	0.0612023325043334135
1.5345345345345347	0.0696765016203180348
1.53753753753753752	0.0668517785816565013
1.54054054054054035	0.0762675220438616408
1.54354354354354317	0.0564944607732308438
1.54654654654654689	0.0480202916572462155
1.54954954954954971	0.0508450146959077628
1.55255255255255253	0.0668517785816565013
1.55555555555555536	0.0442539942723641638
1.55855855855855818	0.0640270555429949539
1.56156156156156189	0.0668517785816565013
1.56456456456456472	0.0640270555429949539
1.56756756756756754	0.058377609465671873
1.57057057057057037	0.0546113120807898145
1.57357357357357319	0.077209096390082152
1.5765765765765769	0.0640270555429949539
1.57957957957957973	0.0546113120807898145
1.58258258258258255	0.0649686298892154651
1.58558558558558538	0.0630854811967744428
1.5885885885885882	0.058377609465671873
1.59159159159159191	0.0499034403496872447
1.59459459459459474	0.0781506707363026631
1.59759759759759756	0.0395461225412615941
1.60060060060060039	0.0612023325043334135
1.60360360360360321	0.0527281633883487852
1.60660660660660692	0.058377609465671873
1.60960960960960975	0.0706180759665385599
1.61261261261261257	0.0499034403496872447
1.6156156156156154	0.0536697377345693033
1.61861861861861822	0.0555528864270103326
1.62162162162162193	0.0677933529278770125
1.62462462462462476	0.0668517785816565013
1.62762762762762758	0.0442539942723641638
1.63063063063063041	0.0564944607732308438
1.63363363363363323	0.0470787173110257043
1.63663663663663694	0.0593191838118923842
1.63963963963963977	0.0499034403496872447
1.64264264264264259	0.0555528864270103326
1.64564564564564542	0.0649686298892154651
1.64864864864864824	0.0574360351194513619
1.65165165165165195	0.045195568618584675
1.65465465465465478	0.0574360351194513619
1.6576576576576576	0.0574360351194513619
1.66066066066066043	0.0546113120807898145
1.66366366366366325	0.045195568618584675
1.66666666666666696	0.058377609465671873
1.66966966966966979	0.0414292712337026164
1.67267267267267261	0.0527281633883487852
1.67567567567567544	0.0649686298892154651
1.67867867867867826	0.0564944607732308438
1.68168168168168197	0.0555528864270103326
1.6846846846846848	0.0564944607732308438
1.68768768768768762	0.0630854811967744428
1.69069069069069045	0.0499034403496872447
1.69369369369369327	0.0461371429648051931
1.69669669669669698	0.051786589042128274
1.69969969969969981	0.0433124199261436457
1.70270270270270263	0.0499034403496872447
1.70570570570570545	0.0536697377345693033
1.70870870870870828	0.0499034403496872447
1.71171171171171199	0.0433124199261436457
1.71471471471471482	0.0489618660034667336
1.71771771771771764	0.0612023325043334135
1.72072072072072046	0.051786589042128274
1.72372372372372329	0.0668517785816565013
1.726726726726727	0.0546113120807898145
1.72972972972972983	0.0536697377345693033
1.73273273273273265	0.0659102042354359902
1.73573573573573547	0.038604548195041076
1.7387387387387383	0.051786589042128274
1.74174174174174201	0.0489618660034667336
1.74474474474474484	0.0574360351194513619
1.74774774774774766	0.0499034403496872447
1.75075075075075048	0.0480202916572462155
1.75375375375375331	0.0423708455799231345
1.75675675675675702	0.0489618660034667336
1.75975975975975985	0.0630854811967744428
1.76276276276276267	0.0536697377345693033
1.76576576576576549	0.0470787173110257043
1.76876876876876832	0.051786589042128274
1.77177177177177203	0.0508450146959077628
1.77477477477477485	0.0527281633883487852
1.77777777777777768	0.0555528864270103326
1.7807807807807805	0.0348382508101590174
1.78378378378378333	0.0480202916572462155
1.78678678678678704	0.0414292712337026164
1.78978978978978986	0.0338966764639385063
1.79279279279279269	0.0640270555429949539
1.79579579579579551	0.0404876968874821053
1.79879879879879834	0.0376629738488205648
1.80180180180180205	0.0527281633883487852
1.80480480480480487	0.0489618660034667336
1.8078078078078077	0.0470787173110257043
1.81081081081081052	0.0489618660034667336
1.81381381381381335	0.0536697377345693033
1.81681681681681706	0.0442539942723641638
1.81981981981981988	0.0480202916572462155
1.82282282282282271	0.0367213995026000467
1.82582582582582553	0.045195568618584675
1.82882882882882836	0.051786589042128274
1.83183183183183207	0.0536697377345693033
1.83483483483483489	0.038604548195041076
1.83783783783783772	0.0489618660034667336
1.84084084084084054	0.0442539942723641638
1.84384384384384337	0.051786589042128274
1.84684684684684708	0.0536697377345693033
1.8498498498498499	0.0367213995026000467
1.85285285285285273	0.0470787173110257043
1.85585585585585555	0.0414292712337026164
1.85885885885885838	0.0395461225412615941
1.86186186186186209	0.0555528864270103326
1.86486486486486491	0.0564944607732308438
1.86786786786786774	0.0348382508101590174
1.87087087087087056	0.0423708455799231345
1.87387387387387427	0.0527281633883487852
1.8768768768768771	0.0414292712337026164
1.87987987987987992	0.0395461225412615941
1.88288288288288275	0.0423708455799231345
1.88588588588588557	0.0329551021177179951
1.88888888888888928	0.0442539942723641638
1.89189189189189211	0.0480202916572462155
1.89489489489489493	0.0555528864270103326
1.89789789789789776	0.0461371429648051931
1.90090090090090058	0.0367213995026000467
1.90390390390390429	0.0357798251563795355
1.90690690690690712	0.0527281633883487852
1.90990990990990994	0.038604548195041076
1.91291291291291277	0.0480202916572462155
1.91591591591591559	0.0442539942723641638
1.9189189189189193	0.0461371429648051931
1.92192192192192213	0.038604548195041076
1.92492492492492495	0.0357798251563795355
1.92792792792792778	0.0461371429648051931
1.9309309309309306	0.0442539942723641638
1.93393393393393431	0.0499034403496872447
1.93693693693693714	0.038604548195041076
1.93993993993993996	0.0414292712337026164
1.94294294294294279	0.0527281633883487852
1.94594594594594561	0.0433124199261436457
1.94894894894894932	0.0414292712337026164
1.95195195195195215	0.0404876968874821053
1.95495495495495497	0.0404876968874821053
1.9579579579579578	0.032013527771497477
1.96096096096096062	0.0404876968874821053
1.96396396396396433	0.0376629738488205648
1.96696696696696716	0.0442539942723641638
1.96996996996996998	0.0395461225412615941
1.9729729729729728	0.0423708455799231345
1.97597597597597563	0.0423708455799231345
1.97897897897897934	0.032013527771497477
1.98198198198198217	0.0433124199261436457
1.98498498498498499	0.0499034403496872447
1.98798798798798781	0.0404876968874821053
1.99099099099099064	0.038604548195041076
1.99399399399399435	0.0433124199261436457
1.99699699699699718	0.038604548195041076
2	0.0367213995026000467
2.00300300300300282	0.0338966764639385063
2.00600600600600565	0.0357798251563795355
2.00900900900900936	0.0301303790790564512
2.01201201201201219	0.0376629738488205648
2.01501501501501501	0.038604548195041076
2.01801801801801783	0.0414292712337026164
2.02102102102102066	0.045195568618584675
2.02402402402402437	0.0433124199261436457
2.0270270270270272	0.0357798251563795355
2.03003003003003002	0.0480202916572462155
2.03303303303303284	0.0461371429648051931
2.03603603603603567	0.038604548195041076
2.03903903903903938	0.0338966764639385063
2.0420420420420422	0.0357798251563795355
2.04504504504504503	0.0423708455799231345
2.04804804804804785	0.0291888047328359365
2.05105105105105068	0.0414292712337026164
2.05405405405405439	0.0470787173110257043
2.05705705705705721	0.0301303790790564512
2.06006006006006004	0.0376629738488205648
2.06306306306306286	0.0423708455799231345
2.06606606606606569	0.0367213995026000467
2.0690690690690694	0.0291888047328359365
2.07207207207207222	0.0244809330017333668
2.07507507507507505	0.0348382508101590174
2.07807807807807787	0.0338966764639385063
2.0810810810810807	0.0282472303866154219
2.08408408408408441	0.0282472303866154219
2.08708708708708723	0.0348382508101590174
2.09009009009009006	0.0357798251563795355
2.09309309309309288	0.0414292712337026164
2.09609609609609571	0.032013527771497477
2.09909909909909942	0.0376629738488205648
2.10210210210210224	0.0348382508101590174
2.10510510510510507	0.0348382508101590174
2.10810810810810789	0.0310719534252769658
2.11111111111111072	0.0442539942723641638
2.11411411411411443	0.0395461225412615941
2.11711711711711725	0.0273056560403949072
2.12012012012012008	0.0442539942723641638
2.1231231231231229	0.0442539942723641638
2.12612612612612573	0.0395461225412615941
2.12912912912912944	0.0461371429648051931
2.13213213213213226	0.0480202916572462155
2.13513513513513509	0.045195568618584675
2.13813813813813791	0.0433124199261436457
2.14114114114114074	0.0348382508101590174
2.14414414414414445	0.0338966764639385063
2.14714714714714727	0.0357798251563795355
2.1501501501501501	0.0273056560403949072
2.15315315315315292	0.0480202916572462155
2.15615615615615575	0.0338966764639385063
2.15915915915915946	0.032013527771497477
2.16216216216216228	0.038604548195041076
2.16516516516516511	0.0357798251563795355
2.16816816816816793	0.0423708455799231345
2.17117117117117076	0.038604548195041076
2.17417417417417447	0.0310719534252769658
2.17717717717717729	0.0348382508101590174
2.18018018018018012	0.0263640816941743926
2.18318318318318294	0.0442539942723641638
2.18618618618618576	0.0338966764639385063
2.18918918918918948	0.0329551021177179951
2.1921921921921923	0.0338966764639385063
2.19519519519519513	0.0404876968874821053
2.19819819819819795	0.0263640816941743926
2.20120120120120077	0.0338966764639385063
2.20420420420420449	0.0404876968874821053
2.20720720720720731	0.0357798251563795355
2.21021021021021014	0.0338966764639385063
2.21321321321321296	0.0348382508101590174
2.21621621621621578	0.0367213995026000467
2.2192192192192195	0.0329551021177179951
2.22222222222222232	0.032013527771497477
2.22522522522522515	0.0357798251563795355
2.22822822822822797	0.0414292712337026164
2.23123123123123079	0.0254225073479538814
2.23423423423423451	0.038604548195041076
2.23723723723723733	0.0263640816941743926
2.24024024024024015	0.0367213995026000467
2.24324324324324298	0.0263640816941743926
2.2462462462462458	0.0244809330017333668
2.24924924924924952	0.0310719534252769658
2.25225225225225234	0.032013527771497477
2.25525525525525516	0.032013527771497477
2.25825825825825799	0.0348382508101590174
2.26126126126126081	0.0254225073479538814
2.26426426426426453	0.0273056560403949072
2.26726726726726735	0.0338966764639385063
2.27027027027027017	0.0423708455799231345
2.273273273273273	0.0273056560403949072
2.27627627627627582	0.0329551021177179951
2.27927927927927954	0.0395461225412615941
2.28228228228228236	0.0207146356168513082
2.28528528528528518	0.0263640816941743926
2.28828828828828801	0.0395461225412615941
2.29129129129129083	0.0367213995026000467
2.29429429429429455	0.0263640816941743926
2.29729729729729737	0.0291888047328359365
2.30030030030030019	0.0244809330017333668
2.30330330330330302	0.0282472303866154219
2.30630630630630584	0.0244809330017333668
2.30930930930930955	0.038604548195041076
2.31231231231231238	0.0414292712337026164
2.3153153153153152	0.0273056560403949072
2.31831831831831803	0.032013527771497477
2.32132132132132085	0.0273056560403949072
2.32432432432432456	0.0254225073479538814
2.32732732732732739	0.0244809330017333668
2.33033033033033021	0.0348382508101590174
2.33333333333333304	0.0263640816941743926
2.33633633633633586	0.0310719534252769658
2.33933933933933957	0.0254225073479538814
2.3423423423423424	0.0348382508101590174
2.34534534534534522	0.0395461225412615941
2.34834834834834805	0.0282472303866154219
2.35135135135135087	0.0291888047328359365
2.35435435435435458	0.019773061270630797
2.35735735735735741	0.0273056560403949072
2.36036036036036023	0.0235393586555128521
2.36336336336336306	0.0310719534252769658
2.36636636636636588	0.0169483382319692531
2.36936936936936959	0.0338966764639385063
2.37237237237237242	0.0282472303866154219
2.37537537537537524	0.0273056560403949072
2.37837837837837807	0.0357798251563795355
2.38138138138138089	0.0282472303866154219
2.3843843843843846	0.0273056560403949072
2.38738738738738743	0.032013527771497477
2.39039039039039025	0.0178899125781897678
2.39339339339339308	0.0310719534252769658
2.39639639639639679	0.0216562099630718229
2.39939939939939961	0.0329551021177179951
2.40240240240240244	0.0225977843092923375
2.40540540540540526	0.0348382508101590174
2.40840840840840809	0.0273056560403949072
2.4114114114114118	0.0338966764639385063
2.41441441441441462	0.0244809330017333668
2.41741741741741745	0.038604548195041076
2.42042042042042027	0.0301303790790564512
2.4234234234234231	0.0310719534252769658
2.42642642642642681	0.0329551021177179951
2.42942942942942963	0.0310719534252769658
2.43243243243243246	0.0273056560403949072
2.43543543543543528	0.0235393586555128521
2.43843843843843811	0.0367213995026000467
2.44144144144144182	0.0235393586555128521
2.44444444444444464	0.0244809330017333668
2.44744744744744747	0.0160067638857487385
2.45045045045045029	0.0301303790790564512
2.45345345345345311	0.0216562099630718229
2.45645645645645683	0.0282472303866154219
2.45945945945945965	0.0225977843092923375
2.46246246246246248	0.0282472303866154219
2.4654654654654653	0.032013527771497477
2.46846846846846812	0.0310719534252769658
2.47147147147147184	0.0367213995026000467
2.47447447447447466	0.0254225073479538814
2.47747747747747749	0.0310719534252769658
2.48048048048048031	0.0348382508101590174
2.48348348348348313	0.032013527771497477
2.48648648648648685	0.0291888047328359365
2.48948948948948967	0.0376629738488205648
2.4924924924924925	0.032013527771497477
2.49549549549549532	0.0329551021177179951
2.49849849849849814	0.0235393586555128521
2.50150150150150186	0.0263640816941743926
2.50450450450450468	0.0291888047328359365
2.5075075075075075	0.0254225073479538814
2.51051051051051033	0.0301303790790564512
2.51351351351351315	0.0216562099630718229
2.51651651651651687	0.0225977843092923375
2.51951951951951969	0.0207146356168513082
2.52252252252252251	0.0244809330017333668
2.52552552552552534	0.0329551021177179951
2.52852852852852816	0.0216562099630718229
2.53153153153153188	0.0291888047328359365
2.5345345345345347	0.0301303790790564512
2.53753753753753752	0.0301303790790564512
2.54054054054054035	0.0348382508101590174
2.54354354354354317	0.032013527771497477
2.54654654654654689	0.0301303790790564512
2.54954954954954971	0.0348382508101590174
2.55255255255255253	0.0225977843092923375
2.55555555555555536	0.0291888047328359365
2.55855855855855818	0.0254225073479538814
2.56156156156156189	0.0263640816941743926
2.56456456456456472	0.0225977843092923375
2.56756756756756754	0.0244809330017333668
2.57057057057057037	0.0273056560403949072
2.57357357357357319	0.0301303790790564512
2.5765765765765769	0.0244809330017333668
2.57957957957957973	0.0244809330017333668
2.58258258258258255	0.0442539942723641638
2.58558558558558538	0.0263640816941743926
2.5885885885885882	0.0188314869244102824
2.59159159159159191	0.0263640816941743926
2.59459459459459474	0.0291888047328359365
2.59759759759759756	0.0254225073479538814
2.60060060060060039	0.0310719534252769658
2.60360360360360321	0.0244809330017333668
2.60660660660660692	0.0178899125781897678
2.60960960960960975	0.0235393586555128521
2.61261261261261257	0.0273056560403949072
2.6156156156156154	0.0235393586555128521
2.61861861861861822	0.0188314869244102824
2.62162162162162193	0.0207146356168513082
2.62462462462462476	0.0216562099630718229
2.62762762762762758	0.0329551021177179951
2.63063063063063041	0.0235393586555128521
2.63363363363363323	0.0282472303866154219
2.63663663663663694	0.0207146356168513082
2.63963963963963977	0.0235393586555128521
2.64264264264264259	0.0225977843092923375
2.64564564564564542	0.0273056560403949072
2.64864864864864824	0.0395461225412615941
2.65165165165165195	0.0291888047328359365
2.65465465465465478	0.0207146356168513082
2.6576576576576576	0.0254225073479538814
2.66066066066066043	0.0188314869244102824
2.66366366366366325	0.0207146356168513082
2.66666666666666696	0.0188314869244102824
2.66966966966966979	0.0282472303866154219
2.67267267267267261	0.0178899125781897678
2.67567567567567544	0.0291888047328359365
2.67867867867867826	0.0235393586555128521
2.68168168168168197	0.0263640816941743926
2.6846846846846848	0.0291888047328359365
2.68768768768768762	0.0282472303866154219
2.69069069069069045	0.0263640816941743926
2.69369369369369327	0.0254225073479538814
2.69669669669669698	0.0216562099630718229
2.69969969969969981	0.0348382508101590174
2.70270270270270263	0.0282472303866154219
2.70570570570570545	0.0273056560403949072
2.70870870870870828	0.0263640816941743926
2.71171171171171199	0.0178899125781897678
2.71471471471471482	0.0207146356168513082
2.71771771771771764	0.0225977843092923375
2.72072072072072046	0.0216562099630718229
2.72372372372372329	0.0235393586555128521
2.726726726726727	0.0301303790790564512
2.72972972972972983	0.019773061270630797
2.73273273273273265	0.019773061270630797
2.73573573573573547	0.0235393586555128521
2.7387387387387383	0.0225977843092923375
2.74174174174174201	0.0235393586555128521
2.74474474474474484	0.0169483382319692531
2.74774774774774766	0.0235393586555128521
2.75075075075075048	0.0235393586555128521
2.75375375375375331	0.0235393586555128521
2.75675675675675702	0.0178899125781897678
2.75975975975975985	0.019773061270630797
2.76276276276276267	0.0207146356168513082
2.76576576576576549	0.032013527771497477
2.76876876876876832	0.0216562099630718229
2.77177177177177203	0.019773061270630797
2.77477477477477485	0.0216562099630718229
2.77777777777777768	0.0169483382319692531
2.7807807807807805	0.0244809330017333668
2.78378378378378333	0.0254225073479538814
2.78678678678678704	0.0160067638857487385
2.78978978978978986	0.0169483382319692531
2.79279279279279269	0.0178899125781897678
2.79579579579579551	0.0178899125781897678
2.79879879879879834	0.0282472303866154219
2.80180180180180205	0.0131820408470871963
2.80480480480480487	0.0160067638857487385
2.8078078078078077	0.019773061270630797
2.81081081081081052	0.0207146356168513082
2.81381381381381335	0.0216562099630718229
2.81681681681681706	0.0254225073479538814
2.81981981981981988	0.0244809330017333668
2.82282282282282271	0.019773061270630797
2.82582582582582553	0.0141236151933077109
2.82882882882882836	0.0254225073479538814
2.83183183183183207	0.019773061270630797
2.83483483483483489	0.019773061270630797
2.83783783783783772	0.019773061270630797
2.84084084084084054	0.019773061270630797
2.84384384384384337	0.019773061270630797
2.84684684684684708	0.0254225073479538814
2.8498498498498499	0.0225977843092923375
2.85285285285285273	0.0207146356168513082
2.85585585585585555	0.0122404665008666834
2.85885885885885838	0.0150651895395282256
2.86186186186186209	0.0244809330017333668
2.86486486486486491	0.0273056560403949072
2.86786786786786774	0.0188314869244102824
2.87087087087087056	0.0291888047328359365
2.87387387387387339	0.0188314869244102824
2.8768768768768771	0.0244809330017333668
2.87987987987987992	0.0216562099630718229
2.88288288288288275	0.0178899125781897678
2.88588588588588557	0.0244809330017333668
2.8888888888888884	0.0216562099630718229
2.89189189189189211	0.0225977843092923375
2.89489489489489493	0.019773061270630797
2.89789789789789776	0.0169483382319692531
2.90090090090090058	0.0188314869244102824
2.90390390390390429	0.0178899125781897678
2.90690690690690712	0.0216562099630718229
2.90990990990990994	0.0169483382319692531
2.91291291291291277	0.0150651895395282256
2.91591591591591559	0.0235393586555128521
2.9189189189189193	0.0207146356168513082
2.92192192192192213	0.0273056560403949072
2.92492492492492495	0.0216562099630718229
2.92792792792792778	0.0225977843092923375
2.9309309309309306	0.0160067638857487385
2.93393393393393431	0.0188314869244102824
2.93693693693693714	0.019773061270630797
2.93993993993993996	0.019773061270630797
2.94294294294294279	0.0207146356168513082
2.94594594594594561	0.0273056560403949072
2.94894894894894932	0.0131820408470871963
2.95195195195195215	0.0254225073479538814
2.95495495495495497	0.0216562099630718229
2.9579579579579578	0.0216562099630718229
2.96096096096096062	0.019773061270630797
2.96396396396396433	0.0225977843092923375
2.96696696696696716	0.0225977843092923375
2.96996996996996998	0.0263640816941743926
2.9729729729729728	0.0169483382319692531
2.97597597597597563	0.0178899125781897678
2.97897897897897934	0.0263640816941743926
2.98198198198198217	0.0169483382319692531
2.98498498498498499	0.0216562099630718229
2.98798798798798781	0.0188314869244102824
2.99099099099099064	0.0225977843092923375
2.99399399399399435	0.0178899125781897678
2.99699699699699718	0.0254225073479538814
3	0.0207146356168513082
