-3	0.00622460536277798931
-2.99699699699699718	0.0142276694006354051
-2.99399399399399391	0.0106707520504765539
-2.99099099099099108	0.0151168987381751167
-2.98798798798798781	0.0124492107255559786
-2.98498498498498499	0.0124492107255559786
-2.98198198198198217	0.00889229337539712734
-2.9789789789789789	0.0115599813880162654
-2.97597597597597607	0.00800306403785741409
-2.9729729729729728	0.00889229337539712734
-2.96996996996996998	0.0168953574132545414
-2.96696696696696716	0.0097815227129368406
-2.96396396396396389	0.00800306403785741409
-2.96096096096096106	0.0177845867507942547
-2.9579579579579578	0.0160061280757148282
-2.95495495495495497	0.00800306403785741409
-2.95195195195195215	0.00622460536277798931
-2.94894894894894888	0.00622460536277798931
-2.94594594594594605	0.0142276694006354051
-2.94294294294294279	0.0115599813880162654
-2.93993993993993996	0.00711383470031770257
-2.93693693693693714	0.0115599813880162654
-2.93393393393393387	0.00800306403785741409
-2.93093093093093104	0.0115599813880162654
-2.92792792792792778	0.0142276694006354051
-2.92492492492492495	0.0097815227129368406
-2.92192192192192213	0.0133384400630956919
-2.91891891891891886	0.0186738160883339679
-2.91591591591591603	0.0124492107255559786
-2.91291291291291277	0.0142276694006354051
-2.90990990990990994	0.0115599813880162654
-2.90690690690690712	0.0097815227129368406
-2.90390390390390385	0.00800306403785741409
-2.90090090090090102	0.0106707520504765539
-2.89789789789789776	0.00533537602523827693
-2.89489489489489493	0.0124492107255559786
-2.89189189189189211	0.0097815227129368406
-2.88888888888888884	0.00622460536277798931
-2.88588588588588602	0.00800306403785741409
-2.88288288288288275	0.00800306403785741409
-2.87987987987987992	0.00800306403785741409
-2.8768768768768771	0.0106707520504765539
-2.87387387387387383	0.0160061280757148282
-2.87087087087087101	0.00800306403785741409
-2.86786786786786774	0.0151168987381751167
-2.86486486486486491	0.00889229337539712734
-2.86186186186186209	0.0124492107255559786
-2.85885885885885882	0.00622460536277798931
-2.855855855855856	0.0097815227129368406
-2.85285285285285273	0.0133384400630956919
-2.8498498498498499	0.0133384400630956919
-2.84684684684684708	0.0097815227129368406
-2.84384384384384381	0.0124492107255559786
-2.84084084084084099	0.00889229337539712734
-2.83783783783783772	0.0133384400630956919
-2.83483483483483489	0.0106707520504765539
-2.83183183183183207	0.0097815227129368406
-2.8288288288288288	0.0142276694006354051
-2.82582582582582598	0.00622460536277798931
-2.82282282282282271	0.0151168987381751167
-2.81981981981981988	0.0097815227129368406
-2.81681681681681662	0.0151168987381751167
-2.81381381381381379	0.0151168987381751167
-2.81081081081081097	0.00889229337539712734
-2.8078078078078077	0.0115599813880162654
-2.80480480480480487	0.0151168987381751167
-2.80180180180180161	0.0142276694006354051
-2.79879879879879878	0.0097815227129368406
-2.79579579579579596	0.0186738160883339679
-2.79279279279279269	0.024009192113572244
-2.78978978978978986	0.0124492107255559786
-2.7867867867867866	0.0133384400630956919
-2.78378378378378377	0.0151168987381751167
-2.78078078078078095	0.0106707520504765539
-2.77777777777777768	0.00622460536277798931
-2.77477477477477485	0.0160061280757148282
-2.77177177177177159	0.0097815227129368406
-2.76876876876876876	0.0115599813880162654
-2.76576576576576594	0.0160061280757148282
-2.76276276276276267	0.0168953574132545414
-2.75975975975975985	0.00711383470031770257
-2.75675675675675658	0.0133384400630956919
-2.75375375375375375	0.0142276694006354051
-2.75075075075075093	0.0124492107255559786
-2.74774774774774766	0.0142276694006354051
-2.74474474474474484	0.0106707520504765539
-2.74174174174174157	0.0124492107255559786
-2.73873873873873874	0.0186738160883339679
-2.73573573573573592	0.0142276694006354051
-2.73273273273273265	0.00533537602523827693
-2.72972972972972983	0.0106707520504765539
-2.72672672672672656	0.0115599813880162654
-2.72372372372372373	0.00711383470031770257
-2.72072072072072091	0.0142276694006354051
-2.71771771771771764	0.0204522747634133945
-2.71471471471471482	0.0115599813880162654
-2.71171171171171155	0.00889229337539712734
-2.70870870870870872	0.0133384400630956919
-2.7057057057057059	0.0115599813880162654
-2.70270270270270263	0.0160061280757148282
-2.69969969969969981	0.0115599813880162654
-2.69669669669669654	0.0142276694006354051
-2.69369369369369371	0.0106707520504765539
-2.69069069069069045	0.0177845867507942547
-2.68768768768768762	0.0151168987381751167
-2.6846846846846848	0.0115599813880162654
-2.68168168168168153	0.0213415041009531077
-2.6786786786786787	0.0097815227129368406
-2.67567567567567544	0.0133384400630956919
-2.67267267267267261	0.0124492107255559786
-2.66966966966966979	0.0124492107255559786
-2.66666666666666652	0.0186738160883339679
-2.66366366366366369	0.0133384400630956919
-2.66066066066066043	0.0133384400630956919
-2.6576576576576576	0.0106707520504765539
-2.65465465465465478	0.0124492107255559786
-2.65165165165165151	0.0142276694006354051
-2.64864864864864868	0.0142276694006354051
-2.64564564564564542	0.0151168987381751167
-2.64264264264264259	0.0186738160883339679
-2.63963963963963977	0.0124492107255559786
-2.6366366366366365	0.0124492107255559786
-2.63363363363363367	0.0142276694006354051
-2.63063063063063041	0.0115599813880162654
-2.62762762762762758	0.022230733438492821
-2.62462462462462476	0.0106707520504765539
-2.62162162162162149	0.0106707520504765539
-2.61861861861861867	0.0151168987381751167
-2.6156156156156154	0.0133384400630956919
-2.61261261261261257	0.027566109463731097
-2.60960960960960975	0.0115599813880162654
-2.60660660660660648	0.0160061280757148282
-2.60360360360360366	0.0115599813880162654
-2.60060060060060039	0.0177845867507942547
-2.59759759759759756	0.0097815227129368406
-2.59459459459459474	0.0213415041009531077
-2.59159159159159147	0.0195630454258736812
-2.58858858858858865	0.0133384400630956919
-2.58558558558558538	0.0204522747634133945
-2.58258258258258255	0.0115599813880162654
-2.57957957957957973	0.0168953574132545414
-2.57657657657657646	0.0177845867507942547
-2.57357357357357364	0.0115599813880162654
-2.57057057057057037	0.0133384400630956919
-2.56756756756756754	0.0124492107255559786
-2.56456456456456472	0.0168953574132545414
-2.56156156156156145	0.0213415041009531077
-2.55855855855855863	0.0231199627760325307
-2.55555555555555536	0.0204522747634133945
-2.55255255255255253	0.0195630454258736812
-2.54954954954954971	0.0115599813880162654
-2.54654654654654644	0.0195630454258736812
-2.54354354354354362	0.0115599813880162654
-2.54054054054054035	0.0106707520504765539
-2.53753753753753752	0.0177845867507942547
-2.5345345345345347	0.0177845867507942547
-2.53153153153153143	0.0168953574132545414
-2.52852852852852861	0.0106707520504765539
-2.52552552552552534	0.0204522747634133945
-2.52252252252252251	0.0195630454258736812
-2.51951951951951969	0.0186738160883339679
-2.51651651651651642	0.0142276694006354051
-2.5135135135135136	0.0115599813880162654
-2.51051051051051033	0.0151168987381751167
-2.5075075075075075	0.0168953574132545414
-2.50450450450450468	0.0186738160883339679
-2.50150150150150141	0.0160061280757148282
-2.49849849849849859	0.0142276694006354051
-2.49549549549549532	0.0151168987381751167
-2.4924924924924925	0.0195630454258736812
-2.48948948948948967	0.0133384400630956919
-2.4864864864864864	0.0168953574132545414
-2.48348348348348358	0.0115599813880162654
-2.48048048048048031	0.0151168987381751167
-2.47747747747747749	0.0213415041009531077
-2.47447447447447466	0.0142276694006354051
-2.47147147147147139	0.0248984214511119573
-2.46846846846846857	0.0142276694006354051
-2.4654654654654653	0.0115599813880162654
-2.46246246246246248	0.0168953574132545414
-2.45945945945945965	0.0177845867507942547
-2.45645645645645638	0.00889229337539712734
-2.45345345345345356	0.0177845867507942547
-2.45045045045045029	0.0142276694006354051
-2.44744744744744747	0.0133384400630956919
-2.44444444444444464	0.0195630454258736812
-2.44144144144144137	0.0213415041009531077
-2.43843843843843855	0.0160061280757148282
-2.43543543543543528	0.022230733438492821
-2.43243243243243246	0.0124492107255559786
-2.42942942942942963	0.0106707520504765539
-2.42642642642642636	0.0204522747634133945
-2.42342342342342354	0.022230733438492821
-2.42042042042042027	0.0213415041009531077
-2.41741741741741745	0.0177845867507942547
-2.41441441441441462	0.0195630454258736812
-2.41141141141141135	0.0186738160883339679
-2.40840840840840853	0.0195630454258736812
-2.40540540540540526	0.0160061280757148282
-2.40240240240240244	0.0213415041009531077
-2.39939939939939961	0.0133384400630956919
-2.39639639639639634	0.0160061280757148282
-2.39339339339339352	0.0204522747634133945
-2.39039039039039025	0.0124492107255559786
-2.38738738738738743	0.0168953574132545414
-2.3843843843843846	0.0213415041009531077
-2.38138138138138133	0.0231199627760325307
-2.37837837837837851	0.0124492107255559786
-2.37537537537537524	0.0177845867507942547
-2.37237237237237242	0.0106707520504765539
-2.36936936936936959	0.0168953574132545414
-2.36636636636636633	0.0160061280757148282
-2.3633633633633635	0.0151168987381751167
-2.36036036036036023	0.0186738160883339679
-2.35735735735735741	0.0186738160883339679
-2.35435435435435458	0.0160061280757148282
-2.35135135135135132	0.0204522747634133945
-2.34834834834834849	0.0231199627760325307
-2.34534534534534522	0.0168953574132545414
-2.3423423423423424	0.0168953574132545414
-2.33933933933933957	0.0168953574132545414
-2.33633633633633631	0.0168953574132545414
-2.33333333333333348	0.0213415041009531077
-2.33033033033033021	0.0195630454258736812
-2.32732732732732739	0.0213415041009531077
-2.32432432432432456	0.0160061280757148282
-2.3213213213213213	0.0284553388012708103
-2.31831831831831847	0.0133384400630956919
-2.3153153153153152	0.0186738160883339679
-2.31231231231231238	0.0168953574132545414
-2.30930930930930955	0.022230733438492821
-2.30630630630630629	0.0151168987381751167
-2.30330330330330346	0.0195630454258736812
-2.30030030030030019	0.0177845867507942547
-2.29729729729729737	0.0124492107255559786
-2.29429429429429455	0.0195630454258736812
-2.29129129129129128	0.027566109463731097
-2.28828828828828845	0.0266768801261913838
-2.28528528528528518	0.0160061280757148282
-2.28228228228228236	0.0195630454258736812
-2.27927927927927954	0.0168953574132545414
-2.27627627627627627	0.024009192113572244
-2.27327327327327344	0.024009192113572244
-2.27027027027027017	0.0186738160883339679
-2.26726726726726735	0.022230733438492821
-2.26426426426426453	0.0160061280757148282
-2.26126126126126126	0.0186738160883339679
-2.25825825825825799	0.0151168987381751167
-2.25525525525525516	0.0231199627760325307
-2.25225225225225234	0.0106707520504765539
-2.24924924924924952	0.0213415041009531077
-2.24624624624624625	0.0186738160883339679
-2.24324324324324298	0.0177845867507942547
-2.24024024024024015	0.0213415041009531077
-2.23723723723723733	0.0160061280757148282
-2.23423423423423451	0.0115599813880162654
-2.23123123123123124	0.0168953574132545414
-2.22822822822822797	0.0168953574132545414
-2.22522522522522515	0.022230733438492821
-2.22222222222222232	0.0204522747634133945
-2.2192192192192195	0.0151168987381751167
-2.21621621621621623	0.0186738160883339679
-2.21321321321321296	0.0160061280757148282
-2.21021021021021014	0.0186738160883339679
-2.20720720720720731	0.0168953574132545414
-2.20420420420420449	0.0204522747634133945
-2.20120120120120122	0.0168953574132545414
-2.19819819819819795	0.024009192113572244
-2.19519519519519513	0.0204522747634133945
-2.1921921921921923	0.0186738160883339679
-2.18918918918918903	0.022230733438492821
-2.18618618618618621	0.0151168987381751167
-2.18318318318318294	0.0266768801261913838
-2.18018018018018012	0.022230733438492821
-2.17717717717717729	0.0151168987381751167
-2.17417417417417402	0.0151168987381751167
-2.1711711711711712	0.024009192113572244
-2.16816816816816793	0.0213415041009531077
-2.16516516516516511	0.0142276694006354051
-2.16216216216216228	0.0160061280757148282
-2.15915915915915901	0.0311230268138899466
-2.15615615615615619	0.0142276694006354051
-2.15315315315315292	0.024009192113572244
-2.1501501501501501	0.0168953574132545414
-2.14714714714714727	0.0213415041009531077
-2.144144144144144	0.0311230268138899466
-2.14114114114114118	0.0248984214511119573
-2.13813813813813791	0.0195630454258736812
-2.13513513513513509	0.0231199627760325307
-2.13213213213213226	0.0311230268138899466
-2.12912912912912899	0.0231199627760325307
-2.12612612612612617	0.0151168987381751167
-2.1231231231231229	0.0204522747634133945
-2.12012012012012008	0.0231199627760325307
-2.11711711711711725	0.0231199627760325307
-2.11411411411411398	0.022230733438492821
-2.11111111111111116	0.0293445681388105201
-2.10810810810810789	0.0151168987381751167
-2.10510510510510507	0.0231199627760325307
-2.10210210210210224	0.027566109463731097
-2.09909909909909898	0.0337907148265090829
-2.09609609609609615	0.0213415041009531077
-2.09309309309309288	0.0257876507886516705
-2.09009009009009006	0.0177845867507942547
-2.08708708708708723	0.022230733438492821
-2.08408408408408397	0.022230733438492821
-2.08108108108108114	0.0248984214511119573
-2.07807807807807787	0.024009192113572244
-2.07507507507507505	0.027566109463731097
-2.07207207207207222	0.0204522747634133945
-2.06906906906906896	0.0248984214511119573
-2.06606606606606613	0.0213415041009531077
-2.06306306306306286	0.0231199627760325307
-2.06006006006006004	0.0231199627760325307
-2.05705705705705721	0.0257876507886516705
-2.05405405405405395	0.0186738160883339679
-2.05105105105105112	0.027566109463731097
-2.04804804804804785	0.0266768801261913838
-2.04504504504504503	0.027566109463731097
-2.0420420420420422	0.0257876507886516705
-2.03903903903903894	0.0231199627760325307
-2.03603603603603611	0.0195630454258736812
-2.03303303303303284	0.0213415041009531077
-2.03003003003003002	0.0168953574132545414
-2.0270270270270272	0.0213415041009531077
-2.02402402402402393	0.024009192113572244
-2.0210210210210211	0.0320122561514296564
-2.01801801801801783	0.0284553388012708103
-2.01501501501501501	0.0160061280757148282
-2.01201201201201219	0.0248984214511119573
-2.00900900900900892	0.0293445681388105201
-2.00600600600600609	0.0231199627760325307
-2.00300300300300282	0.0284553388012708103
-2	0.0231199627760325307
-1.99699699699699695	0.027566109463731097
-1.99399399399399391	0.0266768801261913838
-1.99099099099099108	0.027566109463731097
-1.98798798798798804	0.0266768801261913838
-1.98498498498498499	0.022230733438492821
-1.98198198198198194	0.0195630454258736812
-1.9789789789789789	0.027566109463731097
-1.97597597597597607	0.0302337974763502333
-1.97297297297297303	0.0284553388012708103
-1.96996996996996998	0.0195630454258736812
-1.96696696696696693	0.0302337974763502333
-1.96396396396396389	0.0329014854889693731
-1.96096096096096106	0.0195630454258736812
-1.95795795795795802	0.0266768801261913838
-1.95495495495495497	0.0204522747634133945
-1.95195195195195192	0.0160061280757148282
-1.94894894894894888	0.024009192113572244
-1.94594594594594605	0.0284553388012708103
-1.94294294294294301	0.0311230268138899466
-1.93993993993993996	0.024009192113572244
-1.93693693693693691	0.0195630454258736812
-1.93393393393393387	0.024009192113572244
-1.93093093093093104	0.0248984214511119573
-1.927927927927928	0.0293445681388105201
-1.92492492492492495	0.0293445681388105201
-1.92192192192192191	0.0186738160883339679
-1.91891891891891886	0.0257876507886516705
-1.91591591591591603	0.0195630454258736812
-1.91291291291291299	0.0293445681388105201
-1.90990990990990994	0.0337907148265090829
-1.9069069069069069	0.0302337974763502333
-1.90390390390390385	0.0320122561514296564
-1.9009009009009008	0.0293445681388105201
-1.89789789789789798	0.0266768801261913838
-1.89489489489489493	0.022230733438492821
-1.89189189189189189	0.0266768801261913838
-1.88888888888888884	0.0302337974763502333
-1.88588588588588579	0.022230733438492821
-1.88288288288288297	0.027566109463731097
-1.87987987987987992	0.0186738160883339679
-1.87687687687687688	0.024009192113572244
-1.87387387387387383	0.0266768801261913838
-1.87087087087087078	0.0391260908517473624
-1.86786786786786796	0.0320122561514296564
-1.86486486486486491	0.0248984214511119573
-1.86186186186186187	0.0248984214511119573
-1.85885885885885882	0.0302337974763502333
-1.85585585585585577	0.0266768801261913838
-1.85285285285285295	0.0320122561514296564
-1.8498498498498499	0.0329014854889693731
-1.84684684684684686	0.027566109463731097
-1.84384384384384381	0.0320122561514296564
-1.84084084084084076	0.0329014854889693731
-1.83783783783783794	0.0346799441640487996
-1.83483483483483489	0.0355691735015885094
-1.83183183183183185	0.0257876507886516705
-1.8288288288288288	0.0257876507886516705
-1.82582582582582575	0.0186738160883339679
-1.82282282282282293	0.024009192113572244
-1.81981981981981988	0.0329014854889693731
-1.81681681681681684	0.0248984214511119573
-1.81381381381381379	0.027566109463731097
-1.81081081081081074	0.0284553388012708103
-1.80780780780780792	0.0320122561514296564
-1.80480480480480487	0.0248984214511119573
-1.80180180180180183	0.0497968429022239145
-1.79879879879879878	0.0373476321766679359
-1.79579579579579574	0.0311230268138899466
-1.79279279279279291	0.0257876507886516705
-1.78978978978978986	0.0293445681388105201
-1.78678678678678682	0.0266768801261913838
-1.78378378378378377	0.0284553388012708103
-1.78078078078078073	0.0373476321766679359
-1.77777777777777768	0.0186738160883339679
-1.77477477477477485	0.0320122561514296564
-1.77177177177177181	0.0329014854889693731
-1.76876876876876876	0.0409045495268267889
-1.76576576576576572	0.024009192113572244
-1.76276276276276267	0.0373476321766679359
-1.75975975975975985	0.0346799441640487996
-1.7567567567567568	0.024009192113572244
-1.75375375375375375	0.022230733438492821
-1.75075075075075071	0.0337907148265090829
-1.74774774774774766	0.0409045495268267889
-1.74474474474474484	0.0329014854889693731
-1.74174174174174179	0.0364584028391282261
-1.73873873873873874	0.0257876507886516705
-1.7357357357357357	0.0453506962145253517
-1.73273273273273265	0.027566109463731097
-1.72972972972972983	0.0284553388012708103
-1.72672672672672678	0.0320122561514296564
-1.72372372372372373	0.0373476321766679359
-1.72072072072072069	0.0391260908517473624
-1.71771771771771764	0.0337907148265090829
-1.71471471471471482	0.0284553388012708103
-1.71171171171171177	0.0337907148265090829
-1.70870870870870872	0.0382368615142076526
-1.70570570570570568	0.0320122561514296564
-1.70270270270270263	0.0382368615142076526
-1.69969969969969981	0.0284553388012708103
-1.69669669669669676	0.0329014854889693731
-1.69369369369369371	0.0311230268138899466
-1.69069069069069067	0.0284553388012708103
-1.68768768768768762	0.0435722375394459252
-1.6846846846846848	0.0337907148265090829
-1.68168168168168175	0.0409045495268267889
-1.6786786786786787	0.0257876507886516705
-1.67567567567567566	0.0311230268138899466
-1.67267267267267261	0.0284553388012708103
-1.66966966966966979	0.0337907148265090829
-1.66666666666666674	0.0320122561514296564
-1.66366366366366369	0.0417937788643664987
-1.66066066066066065	0.0444614668769856419
-1.6576576576576576	0.0400153201892870722
-1.65465465465465478	0.0311230268138899466
-1.65165165165165173	0.0302337974763502333
-1.64864864864864868	0.0444614668769856419
-1.64564564564564564	0.0337907148265090829
-1.64264264264264259	0.0382368615142076526
-1.63963963963963955	0.0329014854889693731
-1.63663663663663672	0.0391260908517473624
-1.63363363363363367	0.0329014854889693731
-1.63063063063063063	0.0302337974763502333
-1.62762762762762758	0.0382368615142076526
-1.62462462462462454	0.0346799441640487996
-1.62162162162162171	0.0364584028391282261
-1.61861861861861867	0.0382368615142076526
-1.61561561561561562	0.0435722375394459252
-1.61261261261261257	0.0320122561514296564
-1.60960960960960953	0.0417937788643664987
-1.6066066066066067	0.0409045495268267889
-1.60360360360360366	0.0400153201892870722
-1.60060060060060061	0.0471291548896047782
-1.59759759759759756	0.0435722375394459252
-1.59459459459459452	0.0391260908517473624
-1.59159159159159169	0.0435722375394459252
-1.58858858858858865	0.0444614668769856419
-1.5855855855855856	0.0417937788643664987
-1.58258258258258255	0.0337907148265090829
-1.57957957957957951	0.0435722375394459252
-1.57657657657657668	0.0373476321766679359
-1.57357357357357364	0.0435722375394459252
-1.57057057057057059	0.0346799441640487996
-1.56756756756756754	0.0284553388012708103
-1.5645645645645645	0.055132218927462194
-1.56156156156156167	0.0400153201892870722
-1.55855855855855863	0.0542429895899224773
-1.55555555555555558	0.0417937788643664987
-1.55255255255255253	0.0382368615142076526
-1.54954954954954949	0.0444614668769856419
-1.54654654654654666	0.0409045495268267889
-1.54354354354354362	0.051575301577303341
-1.54054054054054057	0.0409045495268267889
-1.53753753753753752	0.0311230268138899466
-1.53453453453453448	0.0373476321766679359
-1.53153153153153165	0.0435722375394459252
-1.52852852852852861	0.0471291548896047782
-1.52552552552552556	0.0346799441640487996
-1.52252252252252251	0.0373476321766679359
-1.51951951951951947	0.0409045495268267889
-1.51651651651651642	0.0444614668769856419
-1.5135135135135136	0.0320122561514296564
-1.51051051051051055	0.0444614668769856419
-1.5075075075075075	0.0604675949527004666
-1.50450450450450446	0.0417937788643664987
-1.50150150150150141	0.0400153201892870722
-1.49849849849849859	0.0444614668769856419
-1.49549549549549554	0.0426830082019062154
-1.4924924924924925	0.048018384227144488
-1.48948948948948945	0.0506860722397636312
-1.4864864864864864	0.0471291548896047782
-1.48348348348348358	0.0533537602523827675
-1.48048048048048053	0.0524645309148430508
-1.47747747747747749	0.0471291548896047782
-1.47447447447447444	0.0506860722397636312
-1.47147147147147139	0.0471291548896047782
-1.46846846846846857	0.0426830082019062154
-1.46546546546546552	0.0586891362776210401
-1.46246246246246248	0.0329014854889693731
-1.45945945945945943	0.0400153201892870722
-1.45645645645645638	0.048018384227144488
-1.45345345345345356	0.0595783656151607569
-1.45045045045045051	0.0382368615142076526
-1.44744744744744747	0.0471291548896047782
-1.44444444444444442	0.0329014854889693731
-1.44144144144144137	0.0524645309148430508
-1.43843843843843855	0.0329014854889693731
-1.4354354354354355	0.055132218927462194
-1.43243243243243246	0.0417937788643664987
-1.42942942942942941	0.0533537602523827675
-1.42642642642642636	0.0489076135646842047
-1.42342342342342354	0.0489076135646842047
-1.42042042042042049	0.051575301577303341
-1.41741741741741745	0.048018384227144488
-1.4144144144144144	0.0489076135646842047
-1.41141141141141135	0.0471291548896047782
-1.40840840840840853	0.0453506962145253517
-1.40540540540540548	0.0524645309148430508
-1.40240240240240244	0.0497968429022239145
-1.39939939939939939	0.051575301577303341
-1.39639639639639634	0.0560214482650019038
-1.3933933933933933	0.0542429895899224773
-1.39039039039039047	0.0417937788643664987
-1.38738738738738743	0.0524645309148430508
-1.38438438438438438	0.0604675949527004666
-1.38138138138138133	0.0391260908517473624
-1.37837837837837829	0.0373476321766679359
-1.37537537537537546	0.0613568242902401834
-1.37237237237237242	0.0506860722397636312
-1.36936936936936937	0.055132218927462194
-1.36636636636636633	0.066692200315478456
-1.36336336336336328	0.055132218927462194
-1.36036036036036045	0.0622460536277798931
-1.35735735735735741	0.0533537602523827675
-1.35435435435435436	0.0649137416403990364
-1.35135135135135132	0.0489076135646842047
-1.34834834834834827	0.051575301577303341
-1.34534534534534544	0.0471291548896047782
-1.3423423423423424	0.0524645309148430508
-1.33933933933933935	0.0471291548896047782
-1.33633633633633631	0.0524645309148430508
-1.33333333333333326	0.0506860722397636312
-1.33033033033033044	0.0569106776025416206
-1.32732732732732739	0.0577999069400813303
-1.32432432432432434	0.0533537602523827675
-1.3213213213213213	0.0604675949527004666
-1.31831831831831825	0.0453506962145253517
-1.31531531531531543	0.0462399255520650615
-1.31231231231231238	0.0640245123028593127
-1.30930930930930933	0.0613568242902401834
-1.30630630630630629	0.0409045495268267889
-1.30330330330330324	0.055132218927462194
-1.30030030030030042	0.0631352829653196029
-1.29729729729729737	0.0506860722397636312
-1.29429429429429432	0.0489076135646842047
-1.29129129129129128	0.0560214482650019038
-1.28828828828828823	0.0471291548896047782
-1.28528528528528541	0.0586891362776210401
-1.28228228228228236	0.0586891362776210401
-1.27927927927927931	0.0729168056782564522
-1.27627627627627627	0.055132218927462194
-1.27327327327327322	0.0631352829653196029
-1.27027027027027017	0.0622460536277798931
-1.26726726726726735	0.0542429895899224773
-1.2642642642642643	0.0755844936908755816
-1.26126126126126126	0.0595783656151607569
-1.25825825825825821	0.0560214482650019038
-1.25525525525525516	0.0818090990536535778
-1.25225225225225234	0.0800306403785741444
-1.24924924924924929	0.0631352829653196029
-1.24624624624624625	0.0604675949527004666
-1.2432432432432432	0.0506860722397636312
-1.24024024024024015	0.0675814296530181657
-1.23723723723723733	0.0684706589905578894
-1.23423423423423428	0.0595783656151607569
-1.23123123123123124	0.0746952643533358718
-1.22822822822822819	0.0631352829653196029
-1.22522522522522515	0.0746952643533358718
-1.22222222222222232	0.0755844936908755816
-1.21921921921921927	0.0622460536277798931
-1.21621621621621623	0.0649137416403990364
-1.21321321321321318	0.0622460536277798931
-1.21021021021021014	0.066692200315478456
-1.20720720720720731	0.0595783656151607569
-1.20420420420420426	0.0684706589905578894
-1.20120120120120122	0.0658029709779387462
-1.19819819819819817	0.0649137416403990364
-1.19519519519519513	0.0489076135646842047
-1.1921921921921923	0.0613568242902401834
-1.18918918918918926	0.0658029709779387462
-1.18618618618618621	0.0649137416403990364
-1.18318318318318316	0.0755844936908755816
-1.18018018018018012	0.0658029709779387462
-1.17717717717717729	0.0604675949527004666
-1.17417417417417425	0.0675814296530181657
-1.1711711711711712	0.0631352829653196029
-1.16816816816816815	0.0560214482650019038
-1.16516516516516511	0.0862552457413521406
-1.16216216216216228	0.0693598883280975992
-1.15915915915915924	0.096036768454288976
-1.15615615615615619	0.0729168056782564522
-1.15315315315315314	0.073806035015796162
-1.1501501501501501	0.0729168056782564522
-1.14714714714714727	0.077362952365955015
-1.14414414414414423	0.0658029709779387462
-1.14114114114114118	0.0684706589905578894
-1.13813813813813813	0.070249117665637309
-1.13513513513513509	0.070249117665637309
-1.13213213213213204	0.0844767870662727072
-1.12912912912912922	0.077362952365955015
-1.12612612612612617	0.0622460536277798931
-1.12312312312312312	0.0871444750788918504
-1.12012012012012008	0.0729168056782564522
-1.11711711711711703	0.0764737230284153052
-1.11411411411411421	0.070249117665637309
-1.11111111111111116	0.0684706589905578894
-1.10810810810810811	0.0755844936908755816
-1.10510510510510507	0.0649137416403990364
-1.10210210210210202	0.073806035015796162
-1.0990990990990992	0.0800306403785741444
-1.09609609609609615	0.0755844936908755816
-1.0930930930930931	0.080919869716113868
-1.09009009009009006	0.080919869716113868
-1.08708708708708701	0.0907013924290507034
-1.08408408408408419	0.0871444750788918504
-1.08108108108108114	0.0720275763407167285
-1.07807807807807809	0.0764737230284153052
-1.07507507507507505	0.0586891362776210401
-1.072072072072072	0.0729168056782564522
-1.06906906906906918	0.0782521817034947248
-1.06606606606606613	0.0835875577287329974
-1.06306306306306309	0.0835875577287329974
-1.06006006006006004	0.0782521817034947248
-1.05705705705705699	0.0818090990536535778
-1.05405405405405417	0.0880337044164315602
-1.05105105105105112	0.0871444750788918504
-1.04804804804804808	0.0871444750788918504
-1.04504504504504503	0.0640245123028593127
-1.04204204204204198	0.0978152271293684095
-1.03903903903903916	0.0898121630915109936
-1.03603603603603611	0.0880337044164315602
-1.03303303303303307	0.0818090990536535778
-1.03003003003003002	0.0933690804416698467
-1.02702702702702697	0.0942583097792095564
-1.02402402402402415	0.0835875577287329974
-1.0210210210210211	0.0862552457413521406
-1.01801801801801806	0.0729168056782564522
-1.01501501501501501	0.110264437854924388
-1.01201201201201196	0.0826983283911932876
-1.00900900900900892	0.0898121630915109936
-1.00600600600600609	0.109375208517384664
-1.00300300300300305	0.104929061829686102
-1	0.0898121630915109936
-0.996996996996997176	0.0951475391167492662
-0.993993993993993907	0.0898121630915109936
-0.990990990990991083	0.0951475391167492662
-0.987987987987987815	0.100482915141987539
-0.98498498498498499	0.0880337044164315602
-0.981981981981982166	0.0844767870662727072
-0.978978978978978898	0.101372144479527262
-0.975975975975976073	0.106707520504765535
-0.972972972972972805	0.099593685804447829
-0.969969969969969981	0.0942583097792095564
-0.966966966966967156	0.0987044564669081192
-0.963963963963963888	0.0969259977918286858
-0.960960960960961064	0.100482915141987539
-0.957957957957957795	0.103150603154606682
-0.954954954954954971	0.109375208517384664
-0.951951951951952147	0.0969259977918286858
-0.948948948948948878	0.101372144479527262
-0.945945945945946054	0.0898121630915109936
-0.942942942942942786	0.11648904321770237
-0.939939939939939961	0.0951475391167492662
-0.936936936936937137	0.11648904321770237
-0.933933933933933869	0.118267501892781804
-0.930930930930931044	0.104039832492146392
-0.927927927927927776	0.105818291167225825
-0.924924924924924952	0.103150603154606682
-0.921921921921922127	0.0978152271293684095
-0.918918918918918859	0.112042896530003808
-0.915915915915916035	0.119156731230321514
-0.912912912912912766	0.100482915141987539
-0.909909909909909942	0.112932125867543517
-0.906906906906907118	0.126270565930639206
-0.903903903903903849	0.112932125867543517
-0.900900900900901025	0.104039832492146392
-0.897897897897897757	0.129827483280798073
-0.894894894894894932	0.122713648580480367
-0.891891891891892108	0.109375208517384664
-0.88888888888888884	0.128049024605718625
-0.885885885885886015	0.112042896530003808
-0.882882882882882747	0.110264437854924388
-0.879879879879879923	0.103150603154606682
-0.876876876876877098	0.110264437854924388
-0.87387387387387383	0.120045960567861223
-0.870870870870871006	0.115599813880162661
-0.867867867867867737	0.106707520504765535
-0.864864864864864913	0.0969259977918286858
-0.861861861861862089	0.128938253943258363
-0.85885885885885882	0.104929061829686102
-0.855855855855855996	0.106707520504765535
-0.852852852852852727	0.141387464668814328
-0.849849849849849903	0.123602877918020077
-0.846846846846847079	0.118267501892781804
-0.843843843843843811	0.132495171293417202
-0.840840840840840986	0.139609005993734908
-0.837837837837837718	0.121824419242940643
-0.834834834834834894	0.121824419242940643
-0.831831831831832069	0.141387464668814328
-0.828828828828828801	0.141387464668814328
-0.825825825825825977	0.137830547318655489
-0.822822822822822708	0.138719776656195198
-0.819819819819819884	0.129827483280798073
-0.816816816816816615	0.136052088643576041
-0.813813813813813791	0.118267501892781804
-0.810810810810810967	0.148501299369132034
-0.807807807807807698	0.15561513406944974
-0.804804804804804874	0.131605941955877492
-0.801801801801801606	0.128049024605718625
-0.798798798798798781	0.136052088643576041
-0.795795795795795957	0.135162859306036331
-0.792792792792792689	0.146722840694052614
-0.789789789789789864	0.137830547318655489
-0.786786786786786596	0.136052088643576041
-0.783783783783783772	0.15383667539437032
-0.780780780780780947	0.140498235331274618
-0.777777777777777679	0.124492107255559786
-0.774774774774774855	0.147612070031592324
-0.771771771771771586	0.138719776656195198
-0.768768768768768762	0.158282822082068869
-0.765765765765765938	0.144944382018973195
-0.762762762762762669	0.144055152681433457
-0.759759759759759845	0.145833611356512904
-0.756756756756756577	0.15561513406944974
-0.753753753753753752	0.159172051419608579
-0.750750750750750928	0.162728968769767446
-0.74774774774774766	0.164507427444846865
-0.744744744744744835	0.159172051419608579
-0.741741741741741567	0.159172051419608579
-0.738738738738738743	0.172510491482704281
-0.735735735735735918	0.15650436340698945
-0.73273273273273265	0.162728968769767446
-0.729729729729729826	0.15383667539437032
-0.726726726726726557	0.165396656782386575
-0.723723723723723733	0.168064344795005705
-0.720720720720720909	0.182292014195641117
-0.71771771771771764	0.161839739432227736
-0.714714714714714816	0.160950510094687999
-0.711711711711711548	0.175178179495323411
-0.708708708708708723	0.171621262145164571
-0.705705705705705899	0.175178179495323411
-0.702702702702702631	0.180513555520561697
-0.699699699699699806	0.17606740883286312
-0.696696696696696538	0.182292014195641117
-0.693693693693693714	0.181402784858101407
-0.690690690690690889	0.193851995583657372
-0.687687687687687621	0.17606740883286312
-0.684684684684684797	0.168953574132545414
-0.681681681681681528	0.171621262145164571
-0.678678678678678704	0.184070472870720536
-0.67567567567567588	0.15650436340698945
-0.672672672672672611	0.208079664984292784
-0.669669669669669787	0.181402784858101407
-0.666666666666666519	0.201855059621514787
-0.663663663663663694	0.17695663817040283
-0.66066066066066087	0.193851995583657372
-0.657657657657657602	0.192073536908577952
-0.654654654654654777	0.222307334384928196
-0.651651651651651509	0.2160827290221502
-0.648648648648648685	0.202744288959054525
-0.64564564564564586	0.205411976971673654
-0.642642642642642592	0.204522747634133945
-0.639639639639639768	0.206301206309213364
-0.636636636636636499	0.208968894321832493
-0.633633633633633675	0.221418105047388486
-0.630630630630630851	0.225864251735087035
-0.627627627627627582	0.216971958359689909
-0.624624624624624758	0.197408912933816238
-0.62162162162162149	0.227642710410166482
-0.618618618618618665	0.205411976971673654
-0.615615615615615841	0.210747352996911913
-0.612612612612612573	0.21341504100953107
-0.609609609609609748	0.231199627760325321
-0.60660660660660648	0.228531939747706192
-0.603603603603603656	0.225864251735087035
-0.600600600600600831	0.237424233123103318
-0.597597597597597563	0.222307334384928196
-0.594594594594594739	0.246316526498500443
-0.59159159159159147	0.21252581167199136
-0.588588588588588646	0.224975022397547325
-0.585585585585585822	0.240981150473262157
-0.582582582582582553	0.229421169085245902
-0.579579579579579729	0.240981150473262157
-0.576576576576576461	0.223196563722467906
-0.573573573573573636	0.239202691798182737
-0.570570570570570812	0.263211883911754985
-0.567567567567567544	0.244538067823421024
-0.564564564564564719	0.250762673186198992
-0.561561561561561451	0.237424233123103318
-0.558558558558558627	0.277439553312390397
-0.555555555555555358	0.261433425236675565
-0.552552552552552534	0.241870379810801867
-0.54954954954954971	0.272104177287152083
-0.546546546546546441	0.265879571924374114
-0.543543543543543617	0.246316526498500443
-0.540540540540540349	0.288110305362866914
-0.537537537537537524	0.271214947949612373
-0.5345345345345347	0.270325718612072663
-0.531531531531531432	0.249873443848659282
-0.528528528528528607	0.265879571924374114
-0.525525525525525339	0.299670286750883197
-0.522522522522522515	0.271214947949612373
-0.51951951951951969	0.293445681388105228
-0.516516516516516422	0.286331846687787495
-0.513513513513513598	0.286331846687787495
-0.510510510510510329	0.30945180946382006
-0.507507507507507505	0.30856258012628035
-0.504504504504504681	0.283664158675168365
-0.501501501501501412	0.276550323974850687
-0.498498498498498588	0.303227204101042036
-0.495495495495495319	0.345020982965408562
-0.492492492492492495	0.300559516088422907
-0.489489489489489671	0.319233332176756868
-0.486486486486486402	0.347688670978027692
-0.483483483483483578	0.325457937539534892
-0.48048048048048031	0.326347166877074601
-0.477477477477477485	0.31034103880135977
-0.474474474474474661	0.292556452050565519
-0.471471471471471393	0.364584028391282233
-0.468468468468468568	0.313008726813978899
-0.4654654654654653	0.345910212302948272
-0.462462462462462476	0.341464065615249723
-0.459459459459459651	0.346799441640487982
-0.456456456456456383	0.341464065615249723
-0.453453453453453559	0.369919404416520492
-0.45045045045045029	0.35391327634080566
-0.447447447447447466	0.325457937539534892
-0.444444444444444642	0.352134817665726241
-0.441441441441441373	0.358359423028504265
-0.438438438438438549	0.377033239116838226
-0.435435435435435281	0.340574836277710014
-0.432432432432432456	0.382368615142076484
-0.429429429429429632	0.340574836277710014
-0.426426426426426364	0.365473257728821943
-0.423423423423423539	0.387703991167314743
-0.420420420420420271	0.376144009779298516
-0.417417417417417447	0.396596284542711897
-0.414414414414414622	0.385925532492235324
-0.411411411411411354	0.393928596530092767
-0.40840840840840853	0.412602412618426728
-0.405405405405405261	0.448171586120015231
-0.402402402402402437	0.423273164668903301
-0.399399399399399613	0.384147073817155904
-0.396396396396396344	0.424162394006443011
-0.39339339339339352	0.388593220504854509
-0.390390390390390252	0.390371679179933928
-0.387387387387387427	0.435722375394459238
-0.384384384384384603	0.438390063407078423
-0.381381381381381335	0.418827017981204697
-0.37837837837837851	0.430386999369220979
-0.375375375375375242	0.459731567508031513
-0.372372372372372418	0.446393127444935811
-0.369369369369369593	0.489076135646842047
-0.366366366366366325	0.433054687381840109
-0.363363363363363501	0.480183842271444894
-0.360360360360360232	0.477516154258825765
-0.357357357357357408	0.464177714195730062
-0.354354354354354584	0.497079199684699435
-0.351351351351351315	0.456174650157872674
-0.348348348348348491	0.497079199684699435
-0.345345345345345223	0.50241457570993775
-0.342342342342342398	0.519309933123192291
-0.339339339339339574	0.480183842271444894
-0.336336336336336306	0.476626924921286055
-0.333333333333333481	0.514863786435493687
-0.330330330330330213	0.531759143848748228
-0.327327327327327389	0.536205290536446832
-0.324324324324324564	0.535316061198907067
-0.321321321321321296	0.525534538485970204
-0.318318318318318472	0.542429895899224745
-0.315315315315315203	0.558436023974939633
-0.312312312312312379	0.514863786435493687
-0.309309309309309555	0.548654501262002769
-0.306306306306306286	0.498857658359778855
-0.303303303303303462	0.553989877287241028
-0.300300300300300194	0.553989877287241028
-0.297297297297297369	0.602897490851925233
-0.294294294294294101	0.586002133438670691
-0.291291291291291277	0.584223674763591272
-0.288288288288288452	0.576220610725733828
-0.285285285285285184	0.580666757413432433
-0.28228228228228236	0.575331381388194174
-0.279279279279279091	0.578888298738353013
-0.276276276276276267	0.614457472239941516
-0.273273273273273443	0.59311596813898837
-0.270270270270270174	0.585112904101131037
-0.26726726726726735	0.654472792429228623
-0.264264264264264082	0.627795912303037218
-0.261261261261261257	0.631352829653196057
-0.258258258258258433	0.599340573501766394
-0.255255255255255165	0.667811232492324325
-0.25225225225225234	0.677592755205261077
-0.249249249249249072	0.684706589905578866
-0.246246246246246248	0.684706589905578866
-0.243243243243243423	0.673146608517562584
-0.240240240240240155	0.704269635331452482
-0.237237237237237331	0.696266571293595149
-0.234234234234234062	0.675814296530181657
-0.231231231231231238	0.650026645741530018
-0.228228228228228414	0.730057286120104232
-0.225225225225225145	0.726500368769945282
-0.222222222222222321	0.729168056782564467
-0.219219219219219053	0.778075670347248671
-0.216216216216216228	0.729168056782564467
-0.213213213213213404	0.701601947318833408
-0.210210210210210136	0.750509560883517612
-0.207207207207207311	0.775407982334629486
-0.204204204204204043	0.732724974132723306
-0.201201201201201219	0.801195633123281237
-0.198198198198198394	0.795860257098042978
-0.195195195195195126	0.782521817034947276
-0.192192192192192302	0.784300275710026695
-0.189189189189189033	0.813644843848837174
-0.186186186186186209	0.819869449211615198
-0.183183183183183385	0.802084862460820891
-0.180180180180180116	0.826094054574393111
-0.177177177177177292	0.826983283911932876
-0.174174174174174023	0.875001668139077315
-0.171171171171171199	0.843878641325187417
-0.168168168168168375	0.8776693561516965
-0.165165165165165106	0.881226273501855339
-0.162162162162162282	0.97548458328106491
-0.159159159159159014	0.919463135016063027
-0.156156156156156189	0.90167854826526872
-0.153153153153153365	0.918573905678523261
-0.150150150150150097	0.894564713564951042
-0.147147147147147273	0.972816895268445725
-0.144144144144144004	0.923020052366221866
-0.14114114114114118	0.950586161829952925
-0.138138138138138356	0.900789318927729066
-0.135135135135135087	0.938136951104396988
-0.132132132132132263	1.01549990347035202
-0.129129129129128994	0.931023116404079309
-0.12612612612612617	0.952364620505032344
-0.123123123123123346	0.914127758990824768
-0.120120120120120077	0.95147539116749269
-0.117117117117117253	0.974595353943525144
-0.114114114114113985	1.03061680220852714
-0.11111111111111116	1.02083527949559016
-0.108108108108108336	0.985266105994001773
-0.105105105105105068	0.992379940694319451
-0.102102102102102243	0.986155335331541427
-0.0990990990990989751	0.984376876656462008
-0.0960960960960961508	1.00660761009495481
-0.0930930930930933265	1.06618597571011553
-0.0900900900900900581	1.0315060315460669
-0.0870870870870872338	1.0448444716091625
-0.0840840840840839654	1.02261373817066969
-0.0810810810810811411	1.04128755425900366
-0.0780780780780783168	1.03950909558392413
-0.0750750750750750484	1.09108439716122763
-0.0720720720720722241	1.02883834353344761
-0.0690690690690689557	1.06885366372273483
-0.0660660660660661314	1.06618597571011553
-0.0630630630630633071	1.15421968012654719
-0.0600600600600600387	1.12398588265019694
-0.0570570570570572144	1.09997669053662461
-0.054054054054053946	1.07329981041043321
-0.0510510510510511217	1.05907214100979785
-0.0480480480480478533	1.04217678359654342
-0.045045045045045029	1.11242590126218066
-0.0420420420420422047	1.07063212239781413
-0.0390390390390389364	1.10709052523694229
-0.0360360360360361121	1.09908746119908507
-0.0330330330330328437	1.08663825047352902
-0.0300300300300300194	1.1871211656155165
-0.0270270270270271951	1.08219210378583042
-0.0240240240240239267	1.13109971735051462
-0.0210210210210211024	1.16844734952718254
-0.018018018018017834	1.13910278138837207
-0.0150150150150150097	1.13465663470067346
-0.0120120120120121854	1.15155199211392811
-0.00900900900900891699	1.12220742397511741
-0.00600600600600609269	1.13465663470067346
-0.0030030030030028243	1.16933657886472231
0	1.11687204794987927
0.0030030030030028243	1.1159828186123395
0.00600600600600609269	1.09641977318646577
0.00900900900900891699	1.15777659747670603
0.0120120120120121854	1.1382135520508323
0.0150150150150150097	1.17111503753980162
0.018018018018017834	1.0981982318615453
0.0210210210210211024	1.1382135520508323
0.0240240240240239267	1.13643509337575299
0.0270270270270271951	1.10975821324956159
0.0300300300300300194	1.13021048801297486
0.0330330330330328437	1.14177046940099114
0.0360360360360361121	1.07863518643567158
0.0390390390390389364	1.15066276277638835
0.0420420420420422047	1.11420435993726019
0.045045045045045029	1.12398588265019694
0.0480480480480478533	1.10709052523694229
0.0510510510510511217	1.09730900252400554
0.054054054054053946	1.12309665331265718
0.0570570570570572144	1.05106907697194041
0.0600600600600600387	1.07063212239781413
0.063063063063062863	1.1159828186123395
0.0660660660660661314	1.02617065552082853
0.0690690690690689557	1.05462599432209925
0.0720720720720722241	1.05818291167225831
0.0750750750750750484	1.07063212239781413
0.0780780780780778727	1.03684140757130505
0.0810810810810811411	1.01549990347035202
0.0840840840840839654	1.01816759148297109
0.0870870870870872338	1.03684140757130505
0.0900900900900900581	0.980819959306303168
0.0930930930930928824	1.05284753564701994
0.0960960960960961508	1.03861986624638458
0.0990990990990989751	0.996826087382018056
0.102102102102102243	1.02261373817066969
0.105105105105105068	1.02083527949559016
0.108108108108107892	0.956810767192730949
0.11111111111111116	1.04306601293408319
0.114114114114113985	1.03684140757130505
0.117117117117117253	1.00749683943249457
0.120120120120120077	0.976373812618604675
0.123123123123122902	0.970149207255826651
0.12612612612612617	0.979041500631223749
0.129129129129128994	0.995047628706938636
0.132132132132132263	0.978152271293684095
0.135135135135135087	0.981709188643842934
0.138138138138137911	0.964813831230588392
0.14114114114114118	0.954143079180111764
0.144144144144144004	0.861663228075981724
0.147147147147147273	0.918573905678523261
0.150150150150150097	0.896343172240030461
0.153153153153152921	0.910570841640665929
0.156156156156156189	0.888340108202173018
0.159159159159159014	0.896343172240030461
0.162162162162162282	0.884783190852014179
0.165165165165165106	0.888340108202173018
0.168168168168167931	0.843878641325187417
0.171171171171171199	0.899010860252649646
0.174174174174174023	0.862552457413521378
0.177177177177177292	0.845657100000266837
0.180180180180180116	0.826983283911932876
0.18318318318318294	0.83142943059963148
0.186186186186186209	0.834097118612250554
0.189189189189189033	0.824315595899313691
0.192192192192192302	0.830540201262091715
0.195195195195195126	0.786967963722645769
0.19819819819819795	0.811866385173757754
0.201201201201201219	0.825204825236853456
0.204204204204204043	0.752288019558597032
0.207207207207207311	0.827872513249472641
0.210210210210210136	0.741617267508120404
0.213213213213213404	0.771851064984470647
0.216216216216216228	0.747841872870898428
0.219219219219219053	0.690041965930817125
0.222222222222222321	0.698045029968674569
0.225225225225225145	0.773629523659550067
0.228228228228228414	0.734503432807802725
0.231231231231231238	0.727389598107485047
0.234234234234234062	0.71494038738192911
0.237237237237237331	0.66336508580462572
0.240240240240240155	0.690041965930817125
0.243243243243243423	0.732724974132723306
0.246246246246246248	0.633131288328275477
0.249249249249249072	0.657140480441847696
0.25225225225225234	0.706048094006531901
0.255255255255255165	0.658918939116927116
0.258258258258258433	0.626906682965497453
0.261261261261261257	0.656251251104308042
0.264264264264264082	0.594894426814067789
0.26726726726726735	0.62068207760271954
0.270270270270270174	0.655362021766768277
0.273273273273273443	0.588669821451289876
0.276276276276276267	0.661586627129546301
0.279279279279279091	0.615346701577481281
0.28228228228228236	0.580666757413432433
0.285285285285285184	0.619792848265179774
0.288288288288288452	0.577999069400813248
0.291291291291291277	0.571774464038035335
0.294294294294294101	0.560214482650019052
0.297297297297297369	0.551322189274621954
0.300300300300300194	0.579777528075892779
0.303303303303303462	0.584223674763591272
0.306306306306306286	0.575331381388194174
0.309309309309309111	0.539762207886605672
0.312312312312312379	0.555768335962320448
0.315315315315315203	0.506860722397636243
0.318318318318318472	0.528202226498589389
0.321321321321321296	0.537983749211526252
0.32432432432432412	0.496189970347159726
0.327327327327327389	0.52464530914843055
0.330330330330330213	0.550432959937082189
0.333333333333333481	0.517531474448112871
0.336336336336336306	0.536205290536446832
0.33933933933933913	0.486408447634222862
0.342342342342342398	0.491743823659461177
0.345345345345345223	0.482851530284064023
0.348348348348348491	0.497079199684699435
0.351351351351351315	0.464177714195730062
0.35435435435435414	0.475737695583746345
0.357357357357357408	0.489076135646842047
0.360360360360360232	0.473070007571127216
0.363363363363363501	0.420605476656284116
0.366366366366366325	0.457953108832952094
0.369369369369369149	0.474848466246206635
0.372372372372372418	0.441946980757237262
0.375375375375375242	0.435722375394459238
0.37837837837837851	0.435722375394459238
0.381381381381381335	0.417048559306125277
0.384384384384384159	0.397485513880251606
0.387387387387387427	0.387703991167314743
0.390390390390390252	0.417048559306125277
0.39339339339339352	0.44906081545755494
0.396396396396396344	0.409934724605807599
0.399399399399399169	0.403710119243029575
0.402402402402402437	0.391260908517473638
0.405405405405405261	0.384147073817155904
0.40840840840840853	0.422383935331363591
0.411411411411411354	0.385925532492235324
0.414414414414414178	0.372587092429139677
0.417417417417417447	0.424162394006443011
0.420420420420420271	0.365473257728821943
0.423423423423423539	0.404599348580569285
0.426426426426426364	0.395707055205172187
0.429429429429429188	0.348577900315567402
0.432432432432432456	0.380590156466997065
0.435435435435435281	0.375254780441758806
0.438438438438438549	0.368140945741441072
0.441441441441441373	0.375254780441758806
0.444444444444444198	0.356580964353424845
0.447447447447447466	0.337907148265090829
0.45045045045045029	0.345020982965408562
0.453453453453453559	0.350356358990646821
0.456456456456456383	0.372587092429139677
0.459459459459459651	0.337017918927551119
0.462462462462462476	0.321901020189375997
0.4654654654654653	0.346799441640487982
0.468468468468468568	0.306784121451200931
0.471471471471471393	0.323679478864455472
0.474474474474474661	0.353024047003265951
0.477477477477477485	0.325457937539534892
0.48048048048048031	0.33257177223985257
0.483483483483483578	0.31123026813889948
0.486486486486486402	0.302337974763502326
0.489489489489489671	0.271214947949612373
0.492492492492492495	0.293445681388105228
0.495495495495495319	0.296113369400724358
0.498498498498498588	0.302337974763502326
0.501501501501501412	0.300559516088422907
0.504504504504504681	0.33346100157739228
0.507507507507507505	0.296113369400724358
0.510510510510510329	0.289888764037946389
0.513513513513513598	0.288999534700406624
0.516516516516516422	0.282774929337628655
0.51951951951951969	0.298781057413343487
0.522522522522522515	0.274771865299771267
0.525525525525525339	0.287221076025327204
0.528528528528528607	0.269436489274532953
0.531531531531531432	0.284553388012708075
0.5345345345345347	0.263211883911754985
0.537537537537537524	0.246316526498500443
0.540540540540540349	0.260544195899135855
0.543543543543543617	0.278328782649930107
0.546546546546546441	0.294334910725644938
0.54954954954954971	0.248984214511119573
0.552552552552552534	0.248984214511119573
0.555555555555555358	0.258765737224056436
0.558558558558558627	0.271214947949612373
0.561561561561561451	0.256098049211437251
0.564564564564564719	0.266768801261913824
0.567567567567567544	0.252541131861278412
0.570570570570570368	0.232978086435404741
0.573573573573573636	0.224975022397547325
0.576576576576576461	0.228531939747706192
0.579579579579579729	0.263211883911754985
0.582582582582582553	0.260544195899135855
0.585585585585585378	0.224975022397547325
0.588588588588588646	0.208079664984292784
0.59159159159159147	0.210747352996911913
0.594594594594594739	0.238313462460643027
0.597597597597597563	0.210747352996911913
0.600600600600600387	0.248984214511119573
0.603603603603603656	0.245427297160960733
0.60660660660660648	0.21519349968461049
0.609609609609609748	0.202744288959054525
0.612612612612612573	0.21430427034707078
0.615615615615615397	0.222307334384928196
0.618618618618618665	0.208968894321832493
0.62162162162162149	0.222307334384928196
0.624624624624624758	0.208079664984292784
0.627627627627627582	0.205411976971673654
0.630630630630630407	0.197408912933816238
0.633633633633633675	0.184959702208260246
0.636636636636636499	0.223196563722467906
0.639639639639639768	0.184959702208260246
0.642642642642642592	0.208968894321832493
0.645645645645645416	0.201855059621514787
0.648648648648648685	0.192962766246117662
0.651651651651651509	0.17606740883286312
0.654654654654654777	0.199187371608895658
0.657657657657657602	0.208079664984292784
0.660660660660660426	0.204522747634133945
0.663663663663663694	0.200076600946435368
0.666666666666666519	0.21341504100953107
0.669669669669669787	0.229421169085245902
0.672672672672672611	0.195630454258736819
0.675675675675675436	0.17695663817040283
0.678678678678678704	0.199187371608895658
0.681681681681681528	0.199187371608895658
0.684684684684684797	0.192962766246117662
0.687687687687687621	0.17606740883286312
0.690690690690690445	0.177845867507942568
0.693693693693693714	0.158282822082068869
0.696696696696696538	0.184959702208260246
0.699699699699699806	0.193851995583657372
0.702702702702702631	0.168953574132545414
0.705705705705705455	0.17695663817040283
0.708708708708708723	0.184959702208260246
0.711711711711711548	0.15561513406944974
0.714714714714714816	0.144944382018973195
0.71771771771771764	0.17695663817040283
0.720720720720720909	0.169842803470085152
0.723723723723723733	0.15294744605683061
0.726726726726726557	0.171621262145164571
0.729729729729729826	0.17606740883286312
0.73273273273273265	0.157393592744529159
0.735735735735735918	0.164507427444846865
0.738738738738738743	0.151168987381751163
0.741741741741741567	0.150279758044211453
0.744744744744744835	0.172510491482704281
0.74774774774774766	0.188516619558419113
0.750750750750750928	0.15294744605683061
0.753753753753753752	0.148501299369132034
0.756756756756756577	0.152058216719290873
0.759759759759759845	0.160061280757148289
0.762762762762762669	0.169842803470085152
0.765765765765765938	0.119156731230321514
0.768768768768768762	0.140498235331274618
0.771771771771771586	0.144055152681433457
0.774774774774774855	0.160950510094687999
0.777777777777777679	0.141387464668814328
0.780780780780780947	0.120045960567861223
0.783783783783783772	0.142276694006354038
0.786786786786786596	0.129827483280798073
0.789789789789789864	0.125381336593099496
0.792792792792792689	0.140498235331274618
0.795795795795795957	0.160061280757148289
0.798798798798798781	0.149390528706671744
0.801801801801801606	0.132495171293417202
0.804804804804804874	0.134273629968496622
0.807807807807807698	0.143165923343893747
0.810810810810810967	0.135162859306036331
0.813813813813813791	0.15650436340698945
0.816816816816816615	0.121824419242940643
0.819819819819819884	0.128938253943258363
0.822822822822822708	0.126270565930639206
0.825825825825825977	0.118267501892781804
0.828828828828828801	0.135162859306036331
0.831831831831831625	0.131605941955877492
0.834834834834834894	0.135162859306036331
0.837837837837837718	0.0987044564669081192
0.840840840840840986	0.147612070031592324
0.843843843843843811	0.118267501892781804
0.846846846846846635	0.0978152271293684095
0.849849849849849903	0.127159795268178916
0.852852852852852727	0.128049024605718625
0.855855855855855996	0.124492107255559786
0.85885885885885882	0.126270565930639206
0.861861861861861644	0.106707520504765535
0.864864864864864913	0.111153667192464098
0.867867867867867737	0.142276694006354038
0.870870870870871006	0.102261373817066972
0.87387387387387383	0.118267501892781804
0.876876876876876654	0.128938253943258363
0.879879879879879923	0.118267501892781804
0.882882882882882747	0.111153667192464098
0.885885885885886015	0.134273629968496622
0.88888888888888884	0.109375208517384664
0.891891891891891664	0.115599813880162661
0.894894894894894932	0.112932125867543517
0.897897897897897757	0.129827483280798073
0.900900900900901025	0.111153667192464098
0.903903903903903849	0.114710584542622951
0.906906906906906674	0.126270565930639206
0.909909909909909942	0.107596749842305245
0.912912912912912766	0.11737827255524208
0.915915915915916035	0.129827483280798073
0.918918918918918859	0.123602877918020077
0.921921921921921683	0.0987044564669081192
0.924924924924924952	0.114710584542622951
0.927927927927927776	0.0933690804416698467
0.930930930930931044	0.105818291167225825
0.933933933933933869	0.109375208517384664
0.936936936936936693	0.0933690804416698467
0.939939939939939961	0.112042896530003808
0.942942942942942786	0.0835875577287329974
0.945945945945946054	0.0987044564669081192
0.948948948948948878	0.103150603154606682
0.951951951951951703	0.103150603154606682
0.954954954954954971	0.092479851104130123
0.957957957957957795	0.104039832492146392
0.960960960960961064	0.104929061829686102
0.963963963963963888	0.109375208517384664
0.966966966966966712	0.096036768454288976
0.969969969969969981	0.0826983283911932876
0.972972972972972805	0.105818291167225825
0.975975975975976073	0.0915906217665904132
0.978978978978978898	0.092479851104130123
0.981981981981982166	0.102261373817066972
0.98498498498498499	0.0978152271293684095
0.987987987987987815	0.0898121630915109936
0.990990990990991083	0.104039832492146392
0.993993993993993907	0.0791414110410344346
0.996996996996997176	0.0915906217665904132
1	0.099593685804447829
1.00300300300300282	0.104929061829686102
1.00600600600600565	0.0862552457413521406
1.00900900900900936	0.0871444750788918504
1.01201201201201219	0.104039832492146392
1.01501501501501501	0.0818090990536535778
1.01801801801801783	0.101372144479527262
1.02102102102102066	0.0907013924290507034
1.02402402402402437	0.0871444750788918504
1.0270270270270272	0.0853660164038124308
1.03003003003003002	0.099593685804447829
1.03303303303303284	0.099593685804447829
1.03603603603603567	0.106707520504765535
1.03903903903903938	0.103150603154606682
1.0420420420420422	0.092479851104130123
1.04504504504504503	0.0907013924290507034
1.04804804804804785	0.0969259977918286858
1.05105105105105068	0.0826983283911932876
1.05405405405405439	0.0844767870662727072
1.05705705705705721	0.0782521817034947248
1.06006006006006004	0.096036768454288976
1.06306306306306286	0.096036768454288976
1.06606606606606569	0.0951475391167492662
1.0690690690690694	0.0835875577287329974
1.07207207207207222	0.0675814296530181657
1.07507507507507505	0.0933690804416698467
1.07807807807807787	0.0907013924290507034
1.0810810810810807	0.080919869716113868
1.08408408408408441	0.0826983283911932876
1.08708708708708723	0.0729168056782564522
1.09009009009009006	0.0782521817034947248
1.09309309309309288	0.0818090990536535778
1.09609609609609571	0.0862552457413521406
1.09909909909909942	0.0746952643533358718
1.10210210210210224	0.0675814296530181657
1.10510510510510507	0.0782521817034947248
1.10810810810810789	0.0711383470031770188
1.11111111111111072	0.0880337044164315602
1.11411411411411443	0.070249117665637309
1.11711711711711725	0.0826983283911932876
1.12012012012012008	0.0853660164038124308
1.1231231231231229	0.0595783656151607569
1.12612612612612573	0.0720275763407167285
1.12912912912912944	0.077362952365955015
1.13213213213213226	0.0595783656151607569
1.13513513513513509	0.0595783656151607569
1.13813813813813791	0.0764737230284153052
1.14114114114114074	0.0711383470031770188
1.14414414414414445	0.0826983283911932876
1.14714714714714727	0.0711383470031770188
1.1501501501501501	0.0622460536277798931
1.15315315315315292	0.0658029709779387462
1.15615615615615575	0.070249117665637309
1.15915915915915946	0.0711383470031770188
1.16216216216216228	0.0755844936908755816
1.16516516516516511	0.0577999069400813303
1.16816816816816793	0.0791414110410344346
1.17117117117117076	0.0729168056782564522
1.17417417417417447	0.0604675949527004666
1.17717717717717729	0.0577999069400813303
1.18018018018018012	0.0595783656151607569
1.18318318318318294	0.0720275763407167285
1.18618618618618576	0.0631352829653196029
1.18918918918918948	0.0489076135646842047
1.1921921921921923	0.048018384227144488
1.19519519519519513	0.0622460536277798931
1.19819819819819795	0.0595783656151607569
1.20120120120120077	0.0577999069400813303
1.20420420420420449	0.0640245123028593127
1.20720720720720731	0.0542429895899224773
1.21021021021021014	0.0729168056782564522
1.21321321321321296	0.0675814296530181657
1.21621621621621578	0.0711383470031770188
1.2192192192192195	0.0577999069400813303
1.22222222222222232	0.055132218927462194
1.22522522522522515	0.0542429895899224773
1.22822822822822797	0.0613568242902401834
1.23123123123123079	0.0604675949527004666
1.23423423423423451	0.0533537602523827675
1.23723723723723733	0.0560214482650019038
1.24024024024024015	0.0604675949527004666
1.24324324324324298	0.0560214482650019038
1.2462462462462458	0.0524645309148430508
1.24924924924924952	0.066692200315478456
1.25225225225225234	0.0604675949527004666
1.25525525525525516	0.0577999069400813303
1.25825825825825799	0.0577999069400813303
1.26126126126126081	0.0613568242902401834
1.26426426426426453	0.0658029709779387462
1.26726726726726735	0.0569106776025416206
1.27027027027027017	0.0684706589905578894
1.273273273273273	0.0453506962145253517
1.27627627627627582	0.0595783656151607569
1.27927927927927954	0.0658029709779387462
1.28228228228228236	0.0569106776025416206
1.28528528528528518	0.0613568242902401834
1.28828828828828801	0.0693598883280975992
1.29129129129129083	0.0560214482650019038
1.29429429429429455	0.048018384227144488
1.29729729729729737	0.0622460536277798931
1.30030030030030019	0.0489076135646842047
1.30330330330330302	0.0569106776025416206
1.30630630630630584	0.0684706589905578894
1.30930930930930955	0.0489076135646842047
1.31231231231231238	0.0542429895899224773
1.3153153153153152	0.0604675949527004666
1.31831831831831803	0.0622460536277798931
1.32132132132132085	0.0524645309148430508
1.32432432432432456	0.0577999069400813303
1.32732732732732739	0.0569106776025416206
1.33033033033033021	0.048018384227144488
1.33333333333333304	0.0497968429022239145
1.33633633633633586	0.0569106776025416206
1.33933933933933957	0.0533537602523827675
1.3423423423423424	0.0489076135646842047
1.34534534534534522	0.0471291548896047782
1.34834834834834805	0.0497968429022239145
1.35135135135135087	0.0604675949527004666
1.35435435435435458	0.0489076135646842047
1.35735735735735741	0.0426830082019062154
1.36036036036036023	0.0560214482650019038
1.36336336336336306	0.0533537602523827675
1.36636636636636677	0.0586891362776210401
1.36936936936936959	0.051575301577303341
1.37237237237237242	0.0426830082019062154
1.37537537537537524	0.0542429895899224773
1.37837837837837807	0.0462399255520650615
1.38138138138138178	0.0462399255520650615
1.3843843843843846	0.0409045495268267889
1.38738738738738743	0.0542429895899224773
1.39039039039039025	0.0462399255520650615
1.39339339339339308	0.0506860722397636312
1.39639639639639679	0.0577999069400813303
1.39939939939939961	0.0542429895899224773
1.40240240240240244	0.0391260908517473624
1.40540540540540526	0.0497968429022239145
1.40840840840840809	0.055132218927462194
1.4114114114114118	0.0524645309148430508
1.41441441441441462	0.0569106776025416206
1.41741741741741745	0.0640245123028593127
1.42042042042042027	0.051575301577303341
1.4234234234234231	0.0400153201892870722
1.42642642642642681	0.0489076135646842047
1.42942942942942963	0.051575301577303341
1.43243243243243246	0.0489076135646842047
1.43543543543543528	0.051575301577303341
1.43843843843843811	0.0497968429022239145
1.44144144144144182	0.0453506962145253517
1.44444444444444464	0.0471291548896047782
1.44744744744744747	0.0506860722397636312
1.45045045045045029	0.0444614668769856419
1.45345345345345311	0.048018384227144488
1.45645645645645683	0.0649137416403990364
1.45945945945945965	0.0426830082019062154
1.46246246246246248	0.051575301577303341
1.4654654654654653	0.0382368615142076526
1.46846846846846812	0.0489076135646842047
1.47147147147147184	0.0569106776025416206
1.47447447447447466	0.0417937788643664987
1.47747747747747749	0.0462399255520650615
1.48048048048048031	0.051575301577303341
1.48348348348348313	0.0417937788643664987
1.48648648648648685	0.0453506962145253517
1.48948948948948967	0.048018384227144488
1.4924924924924925	0.0497968429022239145
1.49549549549549532	0.0364584028391282261
1.49849849849849814	0.0391260908517473624
1.50150150150150186	0.0453506962145253517
1.50450450450450468	0.0542429895899224773
1.5075075075075075	0.0435722375394459252
1.51051051051051033	0.0409045495268267889
1.51351351351351315	0.0337907148265090829
1.51651651651651687	0.0533537602523827675
1.51951951951951969	0.0506860722397636312
1.52252252252252251	0.0409045495268267889
1.52552552552552534	0.055132218927462194
1.52852852852852816	0.0409045495268267889
1.53153153153153188	0.0462399255520650615
1.5345345345345347	0.0435722375394459252
1.53753753753753752	0.0417937788643664987
1.54054054054054035	0.0435722375394459252
1.54354354354354317	0.0346799441640487996
1.54654654654654689	0.0382368615142076526
1.54954954954954971	0.0409045495268267889
1.55255255255255253	0.0569106776025416206
1.55555555555555536	0.0382368615142076526
1.55855855855855818	0.0364584028391282261
1.56156156156156189	0.0382368615142076526
1.56456456456456472	0.0462399255520650615
1.56756756756756754	0.0355691735015885094
1.57057057057057037	0.0409045495268267889
1.57357357357357319	0.0462399255520650615
1.5765765765765769	0.0373476321766679359
1.57957957957957973	0.0409045495268267889
1.58258258258258255	0.0248984214511119573
1.58558558558558538	0.0453506962145253517
1.5885885885885882	0.0400153201892870722
1.59159159159159191	0.0382368615142076526
1.59459459459459474	0.0391260908517473624
1.59759759759759756	0.0373476321766679359
1.60060060060060039	0.0346799441640487996
1.60360360360360321	0.0346799441640487996
1.60660660660660692	0.0409045495268267889
1.60960960960960975	0.0382368615142076526
1.61261261261261257	0.0346799441640487996
1.6156156156156154	0.0346799441640487996
1.61861861861861822	0.0364584028391282261
1.62162162162162193	0.0426830082019062154
1.62462462462462476	0.0453506962145253517
1.62762762762762758	0.0382368615142076526
1.63063063063063041	0.0329014854889693731
1.63363363363363323	0.0311230268138899466
1.63663663663663694	0.0453506962145253517
1.63963963963963977	0.0346799441640487996
1.64264264264264259	0.0409045495268267889
1.64564564564564542	0.0311230268138899466
1.64864864864864824	0.0382368615142076526
1.65165165165165195	0.0373476321766679359
1.65465465465465478	0.0355691735015885094
1.6576576576576576	0.0417937788643664987
1.66066066066066043	0.0382368615142076526
1.66366366366366325	0.0320122561514296564
1.66666666666666696	0.0453506962145253517
1.66966966966966979	0.0346799441640487996
1.67267267267267261	0.0409045495268267889
1.67567567567567544	0.0355691735015885094
1.67867867867867826	0.0346799441640487996
1.68168168168168197	0.0337907148265090829
1.6846846846846848	0.0320122561514296564
1.68768768768768762	0.0355691735015885094
1.69069069069069045	0.0373476321766679359
1.69369369369369327	0.0329014854889693731
1.69669669669669698	0.0257876507886516705
1.69969969969969981	0.0373476321766679359
1.70270270270270263	0.0257876507886516705
1.70570570570570545	0.0364584028391282261
1.70870870870870828	0.0391260908517473624
1.71171171171171199	0.0266768801261913838
1.71471471471471482	0.0382368615142076526
1.71771771771771764	0.0382368615142076526
1.72072072072072046	0.0364584028391282261
1.72372372372372329	0.027566109463731097
1.726726726726727	0.0417937788643664987
1.72972972972972983	0.0284553388012708103
1.73273273273273265	0.0444614668769856419
1.73573573573573547	0.0409045495268267889
1.7387387387387383	0.0231199627760325307
1.74174174174174201	0.0355691735015885094
1.74474474474474484	0.0355691735015885094
1.74774774774774766	0.0257876507886516705
1.75075075075075048	0.0355691735015885094
1.75375375375375331	0.0346799441640487996
1.75675675675675702	0.0320122561514296564
1.75975975975975985	0.0320122561514296564
1.76276276276276267	0.027566109463731097
1.76576576576576549	0.0231199627760325307
1.76876876876876832	0.0355691735015885094
1.77177177177177203	0.0337907148265090829
1.77477477477477485	0.0364584028391282261
1.77777777777777768	0.0302337974763502333
1.7807807807807805	0.0337907148265090829
1.78378378378378333	0.0346799441640487996
1.78678678678678704	0.022230733438492821
1.78978978978978986	0.0320122561514296564
1.79279279279279269	0.0364584028391282261
1.79579579579579551	0.0302337974763502333
1.79879879879879834	0.0231199627760325307
1.80180180180180205	0.0257876507886516705
1.80480480480480487	0.0302337974763502333
1.8078078078078077	0.0346799441640487996
1.81081081081081052	0.0204522747634133945
1.81381381381381335	0.0311230268138899466
1.81681681681681706	0.0373476321766679359
1.81981981981981988	0.0320122561514296564
1.82282282282282271	0.0231199627760325307
1.82582582582582553	0.0329014854889693731
1.82882882882882836	0.0320122561514296564
1.83183183183183207	0.0293445681388105201
1.83483483483483489	0.0293445681388105201
1.83783783783783772	0.027566109463731097
1.84084084084084054	0.0373476321766679359
1.84384384384384337	0.0284553388012708103
1.84684684684684708	0.022230733438492821
1.8498498498498499	0.0257876507886516705
1.85285285285285273	0.0195630454258736812
1.85585585585585555	0.027566109463731097
1.85885885885885838	0.024009192113572244
1.86186186186186209	0.024009192113572244
1.86486486486486491	0.0329014854889693731
1.86786786786786774	0.0213415041009531077
1.87087087087087056	0.0293445681388105201
1.87387387387387427	0.0168953574132545414
1.8768768768768771	0.024009192113572244
1.87987987987987992	0.0231199627760325307
1.88288288288288275	0.0337907148265090829
1.88588588588588557	0.0284553388012708103
1.88888888888888928	0.0284553388012708103
1.89189189189189211	0.0266768801261913838
1.89489489489489493	0.0337907148265090829
1.89789789789789776	0.0337907148265090829
1.90090090090090058	0.0293445681388105201
1.90390390390390429	0.0320122561514296564
1.90690690690690712	0.022230733438492821
1.90990990990990994	0.0257876507886516705
1.91291291291291277	0.0248984214511119573
1.91591591591591559	0.024009192113572244
1.9189189189189193	0.0293445681388105201
1.92192192192192213	0.0302337974763502333
1.92492492492492495	0.0248984214511119573
1.92792792792792778	0.0257876507886516705
1.9309309309309306	0.0213415041009531077
1.93393393393393431	0.0204522747634133945
1.93693693693693714	0.0284553388012708103
1.93993993993993996	0.0248984214511119573
1.94294294294294279	0.0213415041009531077
1.94594594594594561	0.0293445681388105201
1.94894894894894932	0.0293445681388105201
1.95195195195195215	0.0284553388012708103
1.95495495495495497	0.0257876507886516705
1.9579579579579578	0.027566109463731097
1.96096096096096062	0.0320122561514296564
1.96396396396396433	0.0231199627760325307
1.96696696696696716	0.024009192113572244
1.96996996996996998	0.0231199627760325307
1.9729729729729728	0.0346799441640487996
1.97597597597597563	0.0231199627760325307
1.97897897897897934	0.0204522747634133945
1.98198198198198217	0.0177845867507942547
1.98498498498498499	0.0346799441640487996
1.98798798798798781	0.0248984214511119573
1.99099099099099064	0.0204522747634133945
1.99399399399399435	0.0266768801261913838
1.99699699699699718	0.0213415041009531077
2	0.0248984214511119573
2.00300300300300282	0.0248984214511119573
2.00600600600600565	0.0311230268138899466
2.00900900900900936	0.027566109463731097
2.01201201201201219	0.022230733438492821
2.01501501501501501	0.024009192113572244
2.01801801801801783	0.0257876507886516705
2.02102102102102066	0.0266768801261913838
2.02402402402402437	0.022230733438492821
2.0270270270270272	0.0284553388012708103
2.03003003003003002	0.0284553388012708103
2.03303303303303284	0.027566109463731097
2.03603603603603567	0.0266768801261913838
2.03903903903903938	0.0248984214511119573
2.0420420420420422	0.022230733438492821
2.04504504504504503	0.0231199627760325307
2.04804804804804785	0.0231199627760325307
2.05105105105105068	0.0248984214511119573
2.05405405405405439	0.027566109463731097
2.05705705705705721	0.0293445681388105201
2.06006006006006004	0.024009192113572244
2.06306306306306286	0.0213415041009531077
2.06606606606606569	0.0204522747634133945
2.0690690690690694	0.024009192113572244
2.07207207207207222	0.024009192113572244
2.07507507507507505	0.024009192113572244
2.07807807807807787	0.0231199627760325307
2.0810810810810807	0.0177845867507942547
2.08408408408408441	0.024009192113572244
2.08708708708708723	0.0168953574132545414
2.09009009009009006	0.0266768801261913838
2.09309309309309288	0.027566109463731097
2.09609609609609571	0.0213415041009531077
2.09909909909909942	0.0213415041009531077
2.10210210210210224	0.0266768801261913838
2.10510510510510507	0.0302337974763502333
2.10810810810810789	0.022230733438492821
2.11111111111111072	0.0142276694006354051
2.11411411411411443	0.022230733438492821
2.11711711711711725	0.0195630454258736812
2.12012012012012008	0.0257876507886516705
2.1231231231231229	0.024009192113572244
2.12612612612612573	0.0231199627760325307
2.12912912912912944	0.024009192113572244
2.13213213213213226	0.0195630454258736812
2.13513513513513509	0.0257876507886516705
2.13813813813813791	0.0204522747634133945
2.14114114114114074	0.0204522747634133945
2.14414414414414445	0.0142276694006354051
2.14714714714714727	0.0151168987381751167
2.1501501501501501	0.0186738160883339679
2.15315315315315292	0.024009192113572244
2.15615615615615575	0.0177845867507942547
2.15915915915915946	0.022230733438492821
2.16216216216216228	0.0177845867507942547
2.16516516516516511	0.0248984214511119573
2.16816816816816793	0.0311230268138899466
2.17117117117117076	0.0195630454258736812
2.17417417417417447	0.024009192113572244
2.17717717717717729	0.0177845867507942547
2.18018018018018012	0.0257876507886516705
2.18318318318318294	0.0177845867507942547
2.18618618618618576	0.0248984214511119573
2.18918918918918948	0.0204522747634133945
2.1921921921921923	0.0186738160883339679
2.19519519519519513	0.022230733438492821
2.19819819819819795	0.0168953574132545414
2.20120120120120077	0.0160061280757148282
2.20420420420420449	0.0213415041009531077
2.20720720720720731	0.0195630454258736812
2.21021021021021014	0.0160061280757148282
2.21321321321321296	0.0168953574132545414
2.21621621621621578	0.024009192113572244
2.2192192192192195	0.0133384400630956919
2.22222222222222232	0.024009192113572244
2.22522522522522515	0.0142276694006354051
2.22822822822822797	0.0195630454258736812
2.23123123123123079	0.022230733438492821
2.23423423423423451	0.0195630454258736812
2.23723723723723733	0.0160061280757148282
2.24024024024024015	0.0204522747634133945
2.24324324324324298	0.0177845867507942547
2.2462462462462458	0.0204522747634133945
2.24924924924924952	0.0177845867507942547
2.25225225225225234	0.0204522747634133945
2.25525525525525516	0.0284553388012708103
2.25825825825825799	0.0160061280757148282
2.26126126126126081	0.0248984214511119573
2.26426426426426453	0.0231199627760325307
2.26726726726726735	0.0204522747634133945
2.27027027027027017	0.022230733438492821
2.273273273273273	0.0195630454258736812
2.27627627627627582	0.0177845867507942547
2.27927927927927954	0.0284553388012708103
2.28228228228228236	0.0133384400630956919
2.28528528528528518	0.0186738160883339679
2.28828828828828801	0.024009192113572244
2.29129129129129083	0.0186738160883339679
2.29429429429429455	0.0168953574132545414
2.29729729729729737	0.022230733438492821
2.30030030030030019	0.0133384400630956919
2.30330330330330302	0.0177845867507942547
2.30630630630630584	0.0186738160883339679
2.30930930930930955	0.0142276694006354051
2.31231231231231238	0.027566109463731097
2.3153153153153152	0.0213415041009531077
2.31831831831831803	0.0168953574132545414
2.32132132132132085	0.0151168987381751167
2.32432432432432456	0.0177845867507942547
2.32732732732732739	0.0204522747634133945
2.33033033033033021	0.0231199627760325307
2.33333333333333304	0.0142276694006354051
2.33633633633633586	0.0186738160883339679
2.33933933933933957	0.0133384400630956919
2.3423423423423424	0.0168953574132545414
2.34534534534534522	0.0186738160883339679
2.34834834834834805	0.0248984214511119573
2.35135135135135087	0.0115599813880162654
2.35435435435435458	0.024009192113572244
2.35735735735735741	0.0115599813880162654
2.36036036036036023	0.0195630454258736812
2.36336336336336306	0.0195630454258736812
2.36636636636636588	0.024009192113572244
2.36936936936936959	0.0177845867507942547
2.37237237237237242	0.0168953574132545414
2.37537537537537524	0.0231199627760325307
2.37837837837837807	0.0142276694006354051
2.38138138138138089	0.0115599813880162654
2.3843843843843846	0.0231199627760325307
2.38738738738738743	0.0186738160883339679
2.39039039039039025	0.0168953574132545414
2.39339339339339308	0.0195630454258736812
2.39639639639639679	0.0168953574132545414
2.39939939939939961	0.0204522747634133945
2.40240240240240244	0.0160061280757148282
2.40540540540540526	0.0186738160883339679
2.40840840840840809	0.0160061280757148282
2.4114114114114118	0.0204522747634133945
2.41441441441441462	0.0160061280757148282
2.41741741741741745	0.0124492107255559786
2.42042042042042027	0.0204522747634133945
2.4234234234234231	0.0133384400630956919
2.42642642642642681	0.0151168987381751167
2.42942942942942963	0.0133384400630956919
2.43243243243243246	0.0186738160883339679
2.43543543543543528	0.0142276694006354051
2.43843843843843811	0.0231199627760325307
2.44144144144144182	0.0133384400630956919
2.44444444444444464	0.0248984214511119573
2.44744744744744747	0.0266768801261913838
2.45045045045045029	0.0177845867507942547
2.45345345345345311	0.024009192113572244
2.45645645645645683	0.022230733438492821
2.45945945945945965	0.0160061280757148282
2.46246246246246248	0.0142276694006354051
2.4654654654654653	0.0124492107255559786
2.46846846846846812	0.0204522747634133945
2.47147147147147184	0.0106707520504765539
2.47447447447447466	0.0133384400630956919
2.47747747747747749	0.0195630454258736812
2.48048048048048031	0.0151168987381751167
2.48348348348348313	0.0151168987381751167
2.48648648648648685	0.0106707520504765539
2.48948948948948967	0.0115599813880162654
2.4924924924924925	0.0213415041009531077
2.49549549549549532	0.0124492107255559786
2.49849849849849814	0.0204522747634133945
2.50150150150150186	0.0168953574132545414
2.50450450450450468	0.0204522747634133945
2.5075075075075075	0.0142276694006354051
2.51051051051051033	0.0124492107255559786
2.51351351351351315	0.0133384400630956919
2.51651651651651687	0.0124492107255559786
2.51951951951951969	0.0160061280757148282
2.52252252252252251	0.0133384400630956919
2.52552552552552534	0.0151168987381751167
2.52852852852852816	0.022230733438492821
2.53153153153153188	0.0124492107255559786
2.5345345345345347	0.0284553388012708103
2.53753753753753752	0.0204522747634133945
2.54054054054054035	0.0151168987381751167
2.54354354354354317	0.0195630454258736812
2.54654654654654689	0.0124492107255559786
2.54954954954954971	0.0186738160883339679
2.55255255255255253	0.0151168987381751167
2.55555555555555536	0.0124492107255559786
2.55855855855855818	0.0106707520504765539
2.56156156156156189	0.0168953574132545414
2.56456456456456472	0.022230733438492821
2.56756756756756754	0.0160061280757148282
2.57057057057057037	0.0151168987381751167
2.57357357357357319	0.0115599813880162654
2.5765765765765769	0.0151168987381751167
2.57957957957957973	0.0195630454258736812
2.58258258258258255	0.0106707520504765539
2.58558558558558538	0.0177845867507942547
2.5885885885885882	0.0168953574132545414
2.59159159159159191	0.0115599813880162654
2.59459459459459474	0.0204522747634133945
2.59759759759759756	0.0168953574132545414
2.60060060060060039	0.0133384400630956919
2.60360360360360321	0.0106707520504765539
2.60660660660660692	0.0177845867507942547
2.60960960960960975	0.0168953574132545414
2.61261261261261257	0.0168953574132545414
2.6156156156156154	0.0151168987381751167
2.61861861861861822	0.022230733438492821
2.62162162162162193	0.0106707520504765539
2.62462462462462476	0.0133384400630956919
2.62762762762762758	0.0115599813880162654
2.63063063063063041	0.0160061280757148282
2.63363363363363323	0.0151168987381751167
2.63663663663663694	0.0133384400630956919
2.63963963963963977	0.0133384400630956919
2.64264264264264259	0.0168953574132545414
2.64564564564564542	0.0177845867507942547
2.64864864864864824	0.0133384400630956919
2.65165165165165195	0.0204522747634133945
2.65465465465465478	0.0142276694006354051
2.6576576576576576	0.0124492107255559786
2.66066066066066043	0.0186738160883339679
2.66366366366366325	0.0133384400630956919
2.66666666666666696	0.0151168987381751167
2.66966966966966979	0.0168953574132545414
2.67267267267267261	0.0151168987381751167
2.67567567567567544	0.0106707520504765539
2.67867867867867826	0.0151168987381751167
2.68168168168168197	0.0133384400630956919
2.6846846846846848	0.0151168987381751167
2.68768768768768762	0.0151168987381751167
2.69069069069069045	0.0142276694006354051
2.69369369369369327	0.0168953574132545414
2.69669669669669698	0.0160061280757148282
2.69969969969969981	0.0142276694006354051
2.70270270270270263	0.0151168987381751167
2.70570570570570545	0.0115599813880162654
2.70870870870870828	0.0097815227129368406
2.71171171171171199	0.0124492107255559786
2.71471471471471482	0.0106707520504765539
2.71771771771771764	0.00800306403785741409
2.72072072072072046	0.0142276694006354051
2.72372372372372329	0.0160061280757148282
2.726726726726727	0.0124492107255559786
2.72972972972972983	0.00622460536277798931
2.73273273273273265	0.0124492107255559786
2.73573573573573547	0.0133384400630956919
2.7387387387387383	0.0142276694006354051
2.74174174174174201	0.00889229337539712734
2.74474474474474484	0.00889229337539712734
2.74774774774774766	0.0097815227129368406
2.75075075075075048	0.0097815227129368406
2.75375375375375331	0.00800306403785741409
2.75675675675675702	0.00622460536277798931
2.75975975975975985	0.0151168987381751167
2.76276276276276267	0.0186738160883339679
2.76576576576576549	0.00800306403785741409
2.76876876876876832	0.0160061280757148282
2.77177177177177203	0.0115599813880162654
2.77477477477477485	0.0142276694006354051
2.77777777777777768	0.0195630454258736812
2.7807807807807805	0.0186738160883339679
2.78378378378378333	0.0186738160883339679
2.78678678678678704	0.0106707520504765539
2.78978978978978986	0.0097815227129368406
2.79279279279279269	0.0115599813880162654
2.79579579579579551	0.0097815227129368406
2.79879879879879834	0.0124492107255559786
2.80180180180180205	0.0115599813880162654
2.80480480480480487	0.00889229337539712734
2.8078078078078077	0.00444614668769856367
2.81081081081081052	0.0097815227129368406
2.81381381381381335	0.0142276694006354051
2.81681681681681706	0.0106707520504765539
2.81981981981981988	0.0124492107255559786
2.82282282282282271	0.0124492107255559786
2.82582582582582553	0.0106707520504765539
2.82882882882882836	0.0124492107255559786
2.83183183183183207	0.0142276694006354051
2.83483483483483489	0.0142276694006354051
2.83783783783783772	0.0160061280757148282
2.84084084084084054	0.00444614668769856367
2.84384384384384337	0.0177845867507942547
2.84684684684684708	0.0106707520504765539
2.8498498498498499	0.0124492107255559786
2.85285285285285273	0.0133384400630956919
2.85585585585585555	0.0124492107255559786
2.85885885885885838	0.0115599813880162654
2.86186186186186209	0.0115599813880162654
2.86486486486486491	0.0106707520504765539
2.86786786786786774	0.0106707520504765539
2.87087087087087056	0.0115599813880162654
2.87387387387387339	0.0097815227129368406
2.8768768768768771	0.0106707520504765539
2.87987987987987992	0.00711383470031770257
2.88288288288288275	0.00889229337539712734
2.88588588588588557	0.0168953574132545414
2.8888888888888884	0.0168953574132545414
2.89189189189189211	0.0142276694006354051
2.89489489489489493	0.00711383470031770257
2.89789789789789776	0.0160061280757148282
2.90090090090090058	0.0160061280757148282
2.90390390390390429	0.0160061280757148282
2.90690690690690712	0.0106707520504765539
2.90990990990990994	0.0186738160883339679
2.91291291291291277	0.0142276694006354051
2.91591591591591559	0.00800306403785741409
2.9189189189189193	0.0115599813880162654
2.92192192192192213	0.0097815227129368406
2.92492492492492495	0.0106707520504765539
2.92792792792792778	0.0142276694006354051
2.9309309309309306	0.0142276694006354051
2.93393393393393431	0.00800306403785741409
2.93693693693693714	0.0168953574132545414
2.93993993993993996	0.022230733438492821
2.94294294294294279	0.0124492107255559786
2.94594594594594561	0.0177845867507942547
2.94894894894894932	0.0097815227129368406
2.95195195195195215	0.0115599813880162654
2.95495495495495497	0.00800306403785741409
2.9579579579579578	0.0151168987381751167
2.96096096096096062	0.0151168987381751167
2.96396396396396433	0.0115599813880162654
2.96696696696696716	0.0115599813880162654
2.96996996996996998	0.0097815227129368406
2.9729729729729728	0.0124492107255559786
2.97597597597597563	0.0151168987381751167
2.97897897897897934	0.0151168987381751167
2.98198198198198217	0.0124492107255559786
2.98498498498498499	0.00889229337539712734
2.98798798798798781	0.00800306403785741409
2.99099099099099064	0.0195630454258736812
2.99399399399399435	0.0124492107255559786
2.99699699699699718	0.0124492107255559786
3	0.00711383470031770257
