-3	0.0360444061037685157
-2.99400000000000022	0.0362261469043175799
-2.98799999999999999	0.0364184908816548442
-2.98200000000000021	0.036626236150223819
-2.97599999999999998	0.0368520839072457793
-2.9700000000000002	0.0370975325189494831
-2.96399999999999997	0.0373638987618480495
-2.95800000000000018	0.0376530469126772974
-2.95199999999999996	0.0379675371576817314
-2.94600000000000017	0.038310130998075842
-2.93999999999999995	0.0386828253140498179
-2.93400000000000016	0.0390857484793678267
-2.92799999999999994	0.0395162877826013212
-2.92200000000000015	0.0399687221143436161
-2.91599999999999993	0.0404344861231011807
-2.91000000000000014	0.0409030811590329127
-2.90399999999999991	0.0413635442281858265
-2.89800000000000013	0.041806188674773051
-2.8919999999999999	0.0422240886207147781
-2.88600000000000012	0.0426137531167917263
-2.87999999999999989	0.0429747961193240879
-2.87400000000000011	0.043308908662204007
-2.86799999999999988	0.0436186223320507924
-2.8620000000000001	0.0439061378443886263
-2.85599999999999987	0.0441722826145375669
-2.85000000000000009	0.0444157636819766596
-2.84399999999999986	0.0446331121178327184
-2.83800000000000008	0.0448196980473996726
-2.83199999999999985	0.0449718080398992942
-2.82600000000000007	0.0450891941936092527
-2.81999999999999984	0.0451770559012288769
-2.81400000000000006	0.0452464606241478329
-2.80799999999999983	0.0453128819301182179
-2.80200000000000005	0.0453934538002564239
-2.79599999999999982	0.045504031215465042
-2.79000000000000004	0.0456569092388359118
-2.78399999999999981	0.0458594760920351813
-2.77800000000000002	0.0461137382185280581
-2.7719999999999998	0.0464166658118286835
-2.76600000000000001	0.0467612956540652477
-2.75999999999999979	0.0471382338688127178
-2.754	0.0475369020492176289
-2.74800000000000022	0.0479460634714679312
-2.74199999999999999	0.0483538499020040521
-2.73599999999999977	0.048748053419947833
-2.72999999999999998	0.0491172867636512633
-2.7240000000000002	0.0494528493697725946
-2.71799999999999997	0.0497503874165790144
-2.71199999999999974	0.050010313766257232
-2.70599999999999996	0.0502366082593626445
-2.70000000000000018	0.0504346096463860888
-2.69399999999999995	0.0506090171329249411
-2.68800000000000017	0.0507631298871312614
-2.68199999999999994	0.0508995793503722802
-2.67600000000000016	0.0510220023702845152
-2.66999999999999993	0.0511366374432329837
-2.66400000000000015	0.0512527802529240684
-2.65799999999999992	0.051381441431685923
-2.65200000000000014	0.0515324064303640944
-2.64599999999999991	0.0517108643737132709
-2.64000000000000012	0.0519152590944061271
-2.6339999999999999	0.0521377044638545589
-2.62800000000000011	0.0523672915422785795
-2.62199999999999989	0.0525951564838887248
-2.6160000000000001	0.0528188490433679075
-2.60999999999999988	0.0530434222228891514
-2.60400000000000009	0.0532784406713969552
-2.59799999999999986	0.0535327467851197183
-2.59200000000000008	0.0538101436822357171
-2.58599999999999985	0.0541081478160966023
-2.58000000000000007	0.0544197798538922431
-2.57399999999999984	0.0547368096731638554
-2.56800000000000006	0.0550527240940822463
-2.56199999999999983	0.0553644932698825823
-2.55600000000000005	0.0556731172264964755
-2.54999999999999982	0.0559833983745821467
-2.54400000000000004	0.056303331956049002
-2.53799999999999981	0.0566431513812460444
-2.53200000000000003	0.0570137822181996864
-2.5259999999999998	0.0574245539090199389
-2.52000000000000002	0.0578804256316131568
-2.51400000000000023	0.058379417436158855
-2.50800000000000001	0.0589113098981796576
-2.50199999999999978	0.0594588273731158287
-2.496	0.060001940357264083
-2.49000000000000021	0.060524410809048905
-2.48399999999999999	0.061019906848710781
-2.47799999999999976	0.061494313760494107
-2.47199999999999998	0.0619626921650782911
-2.46600000000000019	0.062442995393262167
-2.45999999999999996	0.0629506559922350245
-2.45399999999999974	0.0634962815191232877
-2.44799999999999995	0.064085432512578408
-2.44200000000000017	0.0647185362687418414
-2.43599999999999994	0.0653905135474976973
-2.42999999999999972	0.0660909517900460097
-2.42399999999999993	0.0668052736023748706
-2.41800000000000015	0.0675164338010909026
-2.41199999999999992	0.0682066672608401675
-2.40600000000000014	0.0688596203903155402
-2.39999999999999991	0.06946333543378308
-2.39400000000000013	0.0700131134693033758
-2.3879999999999999	0.0705120634076258773
-2.38200000000000012	0.0709687602574205906
-2.37599999999999989	0.0713947373359045262
-2.37000000000000011	0.071805226798355562
-2.36399999999999988	0.0722230965065136093
-2.3580000000000001	0.0726816786010783256
-2.35199999999999987	0.0732214911173850597
-2.34600000000000009	0.0738799675531428557
-2.33999999999999986	0.074679231273388727
-2.33400000000000007	0.0756194273361725233
-2.32799999999999985	0.0766817401832138174
-2.32200000000000006	0.077839183567206191
-2.31599999999999984	0.0790691517203038069
-2.31000000000000005	0.0803611819166951957
-2.30399999999999983	0.0817160811452796593
-2.29800000000000004	0.083137569568001668
-2.29199999999999982	0.0846222949666829705
-2.28600000000000003	0.0861546590232817461
-2.28000000000000025	0.0877081671529057888
-2.27400000000000002	0.0892492516733835728
-2.26799999999999979	0.0907385762170995896
-2.26200000000000001	0.0921296773175607348
-2.25600000000000023	0.0933703530989687669
-2.25	0.0944120112154302332
-2.24399999999999977	0.0952255216885259659
-2.23799999999999999	0.0958159215956764926
-2.23200000000000021	0.0962284306833241371
-2.22599999999999998	0.0965418269634713555
-2.21999999999999975	0.096848732068144594
-2.21399999999999997	0.0972284388138678901
-2.20800000000000018	0.0977241172249624923
-2.20199999999999996	0.0983338622671148799
-2.19599999999999973	0.099016402978016671
-2.18999999999999995	0.0997071330247683296
-2.18400000000000016	0.100339149866841157
-2.17799999999999994	0.100863567541522078
-2.17199999999999971	0.101263710538751439
-2.16599999999999993	0.101558359906156345
-2.16000000000000014	0.101790896503283365
-2.15399999999999991	0.102008731128314822
-2.14800000000000013	0.102246696380358423
-2.1419999999999999	0.102525740816647642
-2.13600000000000012	0.102863058196898227
-2.12999999999999989	0.103278820458015869
-2.12400000000000011	0.103791454945725004
-2.11799999999999988	0.104408501608431403
-2.1120000000000001	0.105123888226352644
-2.10599999999999987	0.105922444730026488
-2.10000000000000009	0.106784959933564239
-2.09399999999999986	0.107691254528357691
-2.08800000000000008	0.108623954382724458
-2.08199999999999985	0.109572479002215922
-2.07600000000000007	0.110533009040705787
-2.06999999999999984	0.111503871539866004
-2.06400000000000006	0.112481458448801183
-2.05799999999999983	0.113461192876367051
-2.05200000000000005	0.1144414557392891
-2.04599999999999982	0.115423754269307718
-2.04000000000000004	0.116405519925380535
-2.03399999999999981	0.117369504835345792
-2.02800000000000002	0.118279292927173554
-2.02200000000000024	0.119089672623821682
-2.01600000000000001	0.119771221813861253
-2.00999999999999979	0.120335544048097556
-2.004	0.12084200708873466
-1.998	0.121375569756447255
-1.99199999999999999	0.122006567833274834
-1.98599999999999999	0.122758777823033502
-1.97999999999999998	0.123604152927689365
-1.97399999999999998	0.124483176067752457
-1.96799999999999997	0.125337445602404701
-1.96199999999999997	0.126138831737222484
-1.95599999999999996	0.126904455305939773
-1.94999999999999996	0.127693508791824312
-1.94399999999999995	0.128587954500413326
-1.93799999999999994	0.129663476761502111
-1.93199999999999994	0.13096113324762193
-1.92599999999999993	0.132473571006777341
-1.91999999999999993	0.134155666715926047
-1.91399999999999992	0.13595648524081036
-1.90799999999999992	0.137852185407855848
-1.90199999999999991	0.139850560434743587
-1.89599999999999991	0.141954790260828523
-1.8899999999999999	0.144111320906922358
-1.8839999999999999	0.146191357291878044
-1.87799999999999989	0.148035364940380498
-1.87199999999999989	0.149527957102078807
-1.86599999999999988	0.150637859341110791
-1.85999999999999988	0.151404593083867528
-1.85399999999999987	0.151908256528831775
-1.84799999999999986	0.152253480238548067
-1.84200000000000008	0.152565364745974791
-1.83600000000000008	0.152976974122770004
-1.83000000000000007	0.153598526835513366
-1.82400000000000007	0.154481936234389383
-1.81800000000000006	0.155596005167466384
-1.81200000000000006	0.156819808115387288
-1.80600000000000005	0.157966693011035553
-1.80000000000000004	0.158846067528444157
-1.79400000000000004	0.159346062472606464
-1.78800000000000003	0.159498993117071219
-1.78200000000000003	0.159492901602095366
-1.77600000000000002	0.15961420281467148
-1.77000000000000002	0.160139737044935365
-1.76400000000000001	0.161232157126797365
-1.75800000000000001	0.162889520973668017
-1.752	0.164963678382365281
-1.746	0.167230548173906396
-1.73999999999999999	0.169471280743867192
-1.73399999999999999	0.1715328641598452
-1.72799999999999998	0.173358804881884515
-1.72199999999999998	0.174964057350650626
-1.71599999999999997	0.176349801792427346
-1.70999999999999996	0.177440292267337985
-1.70399999999999996	0.178133179837698052
-1.69799999999999995	0.178425520725691927
-1.69199999999999995	0.17847075343567026
-1.68599999999999994	0.178510562289191765
-1.67999999999999994	0.178767855028990091
-1.67399999999999993	0.179373809850079863
-1.66799999999999993	0.180338436675335584
-1.66199999999999992	0.181557979117141166
-1.65599999999999992	0.182843571348676237
-1.64999999999999991	0.183974216937361296
-1.64399999999999991	0.184772448335087491
-1.6379999999999999	0.185145505579428382
-1.6319999999999999	0.185078906029333912
-1.62599999999999989	0.184662054993982999
-1.61999999999999988	0.184114465178117498
-1.61399999999999988	0.18367977915086231
-1.60799999999999987	0.183453476870933191
-1.60199999999999987	0.183366758509522026
-1.59599999999999986	0.183336361787651503
-1.59000000000000008	0.183352457464872914
-1.58400000000000007	0.183417907894154047
-1.57800000000000007	0.18353643712491044
-1.57200000000000006	0.183866778889955063
-1.56600000000000006	0.184781797328990111
-1.56000000000000005	0.18660097791963251
-1.55400000000000005	0.189246334204338396
-1.54800000000000004	0.192165115197123204
-1.54200000000000004	0.194566959995814109
-1.53600000000000003	0.195873858357802161
-1.53000000000000003	0.196088468879941247
-1.52400000000000002	0.195675526778133074
-1.51800000000000002	0.195077122145492637
-1.51200000000000001	0.194408066322428519
-1.50600000000000001	0.193506321917212148
-1.5	0.192153699658828059
-1.49399999999999999	0.190317512303425307
-1.48799999999999999	0.188262070922766533
-1.48199999999999998	0.186394163931721313
-1.47599999999999998	0.184988363031716591
-1.46999999999999997	0.184085264535579912
-1.46399999999999997	0.183642214850643526
-1.45799999999999996	0.18372445450538949
-1.45199999999999996	0.184462180234096607
-1.44599999999999995	0.185834522103138972
-1.43999999999999995	0.187568356059260255
-1.43399999999999994	0.189217271064693604
-1.42799999999999994	0.190305686511830358
-1.42199999999999993	0.190475376300259541
-1.41599999999999993	0.189673463301741119
-1.40999999999999992	0.188267840594206953
-1.40399999999999991	0.186882556308604536
-1.39799999999999991	0.186073148334450489
-1.3919999999999999	0.186048635988721317
-1.3859999999999999	0.186561967269270823
-1.37999999999999989	0.187072828531262114
-1.37399999999999989	0.187088792651733449
-1.36799999999999988	0.186476635972379401
-1.36199999999999988	0.185535694709537291
-1.35599999999999987	0.184694252463813158
-1.34999999999999987	0.184124907416846922
-1.34399999999999986	0.183650005555170442
-1.33799999999999986	0.182940635442202126
-1.33200000000000007	0.181890530369418796
-1.32600000000000007	0.18083207092151074
-1.32000000000000006	0.180250031533714911
-1.31400000000000006	0.180353544230536095
-1.30800000000000005	0.181039291115447726
-1.30200000000000005	0.182118366303611529
-1.29600000000000004	0.183412054606165636
-1.29000000000000004	0.184680368803485206
-1.28400000000000003	0.185547790455443951
-1.27800000000000002	0.185569595408556692
-1.27200000000000002	0.184512708921027724
-1.26600000000000001	0.182634482947833188
-1.26000000000000001	0.180760045732439867
-1.254	0.179968596240796391
-1.248	0.180857793856469107
-1.24199999999999999	0.182999663996304213
-1.23599999999999999	0.185178980773851892
-1.22999999999999998	0.186228627277280151
-1.22399999999999998	0.185657522935878339
-1.21799999999999997	0.183669984897852245
-1.21199999999999997	0.180957858633928104
-1.20599999999999996	0.178345635582595891
-1.19999999999999996	0.176361993192448357
-1.19399999999999995	0.175144591782853271
-1.18799999999999994	0.174392715369207502
-1.18199999999999994	0.173285806672937109
-1.17599999999999993	0.171165709231181323
-1.16999999999999993	0.168473101948917098
-1.16399999999999992	0.166207995023424288
-1.15799999999999992	0.164575726466810401
-1.15199999999999991	0.162906401363934944
-1.14599999999999991	0.160991478496648299
-1.1399999999999999	0.159583928988735718
-1.1339999999999999	0.159242615436247736
-1.12799999999999989	0.159581370252095678
-1.12199999999999989	0.159882375313986164
-1.11599999999999988	0.159959308059671929
-1.10999999999999988	0.160266982461681057
-1.10399999999999987	0.161274198327443496
-1.09799999999999986	0.162877438548569925
-1.09199999999999986	0.16466059892090118
-1.08599999999999985	0.16653726423719642
-1.08000000000000007	0.1689041455263465
-1.07400000000000007	0.171962287263565688
-1.06800000000000006	0.174986334846427588
-1.06200000000000006	0.176846279675965362
-1.05600000000000005	0.177204145966866705
-1.05000000000000004	0.176437442638700426
-1.04400000000000004	0.175128354473888609
-1.03800000000000003	0.174139743127661728
-1.03200000000000003	0.17409912468458133
-1.02600000000000002	0.174966981441040365
-1.02000000000000002	0.176510438869470598
-1.01400000000000001	0.178169689792055885
-1.00800000000000001	0.179350013771502614
-1.002	0.181097228289315099
-0.995999999999999996	0.184957494972344594
-0.989999999999999769	0.190489335863372744
-0.983999999999999986	0.195685026896048969
-0.977999999999999758	0.198833382311903145
-0.971999999999999975	0.199399180425431533
-0.965999999999999748	0.198169685627648529
-0.959999999999999964	0.196053784220622918
-0.953999999999999737	0.192382965635727238
-0.947999999999999954	0.186888873877320782
-0.942000000000000171	0.180907919809800061
-0.935999999999999943	0.17537481351366499
-0.93000000000000016	0.170253986874891933
-0.923999999999999932	0.165554929752157437
-0.918000000000000149	0.161511909446841545
-0.911999999999999922	0.158111084026523463
-0.906000000000000139	0.155328657062332148
-0.899999999999999911	0.153832486229079024
-0.894000000000000128	0.154040594376553819
-0.887999999999999901	0.155403578180663027
-0.882000000000000117	0.157133385735268194
-0.87599999999999989	0.158639163632197128
-0.870000000000000107	0.160382372675452523
-0.863999999999999879	0.162603573107744648
-0.858000000000000096	0.163905458077801131
-0.851999999999999869	0.162776953307828987
-0.846000000000000085	0.159449177916433954
-0.839999999999999858	0.155988282135582246
-0.834000000000000075	0.154162578564527641
-0.827999999999999847	0.153266172294460962
-0.822000000000000064	0.153038961000938778
-0.815999999999999837	0.155448161601494217
-0.810000000000000053	0.160156084904484769
-0.803999999999999826	0.163539055889522833
-0.798000000000000043	0.163659136268892336
-0.791999999999999815	0.162618613505402798
-0.786000000000000032	0.163537295459813492
-0.779999999999999805	0.16608444378707532
-0.774000000000000021	0.166945708559186307
-0.767999999999999794	0.16524183913351545
-0.762000000000000011	0.16349293608248508
-0.755999999999999783	0.162966249788083328
-0.75	0.163647515519303732
-0.743999999999999773	0.16701671911947652
-0.737999999999999989	0.171701786181863381
-0.731999999999999762	0.174083571723430169
-0.725999999999999979	0.174630555288864314
-0.719999999999999751	0.174207544375814927
-0.713999999999999968	0.172873933831463544
-0.707999999999999741	0.174162488560612672
-0.701999999999999957	0.17536027334673121
-0.69599999999999973	0.173834294447952342
-0.689999999999999947	0.170873101972757097
-0.684000000000000163	0.167777392991460605
-0.677999999999999936	0.163836320488023518
-0.672000000000000153	0.154699210593091135
-0.665999999999999925	0.144611276381401033
-0.660000000000000142	0.138719416827175757
-0.653999999999999915	0.136782007622527346
-0.648000000000000131	0.137838259925240292
-0.641999999999999904	0.141365126426039572
-0.636000000000000121	0.144292101104437409
-0.629999999999999893	0.145308353196507256
-0.62400000000000011	0.144329681813138572
-0.617999999999999883	0.142795018468629492
-0.612000000000000099	0.141172541417661113
-0.605999999999999872	0.139130756198516808
-0.600000000000000089	0.136052486415011081
-0.593999999999999861	0.132968404795261924
-0.588000000000000078	0.130573046309859192
-0.581999999999999851	0.130860584375168093
-0.576000000000000068	0.136096237614635296
-0.56999999999999984	0.143879356989279367
-0.564000000000000057	0.1474057973043853
-0.557999999999999829	0.142620691432384067
-0.552000000000000046	0.137207954273446814
-0.545999999999999819	0.134183893960890532
-0.540000000000000036	0.131446859569708918
-0.533999999999999808	0.131343663764908608
-0.528000000000000025	0.130529338014581747
-0.521999999999999797	0.129644280385317917
-0.516000000000000014	0.132312847551165041
-0.509999999999999787	0.138898609315305233
-0.504000000000000004	0.141924084905547587
-0.497999999999999776	0.145802651674497741
-0.491999999999999993	0.15463773315332785
-0.485999999999999766	0.155650721511970958
-0.479999999999999982	0.1520095576859192
-0.473999999999999755	0.148442580647369898
-0.467999999999999972	0.142497875212756364
-0.461999999999999744	0.136579650298601668
-0.455999999999999961	0.130936592571345656
-0.449999999999999734	0.131201826884557754
-0.44399999999999995	0.128239427362037056
-0.438000000000000167	0.119959626095288888
-0.43199999999999994	0.115340120299418286
-0.426000000000000156	0.116169104038094009
-0.419999999999999929	0.131723259906560725
-0.414000000000000146	0.142944369605772809
-0.407999999999999918	0.138863326152897038
-0.402000000000000135	0.130105826485555465
-0.395999999999999908	0.123648925614454619
-0.390000000000000124	0.122198474049484501
-0.383999999999999897	0.125650135490678744
-0.378000000000000114	0.134696167732276273
-0.371999999999999886	0.140293606602521187
-0.366000000000000103	0.138075791388082902
-0.359999999999999876	0.139300320860494042
-0.354000000000000092	0.14000520776721681
-0.347999999999999865	0.147834923558818471
-0.342000000000000082	0.151992123397399093
-0.335999999999999854	0.15530784925256455
-0.330000000000000071	0.153015606911044211
-0.323999999999999844	0.143275490392574062
-0.31800000000000006	0.135752907483126101
-0.311999999999999833	0.136381192549245356
-0.30600000000000005	0.15150359495341989
-0.299999999999999822	0.161987883996365684
-0.294000000000000039	0.177799629944390303
-0.287999999999999812	0.166752800961842307
-0.282000000000000028	0.153043380810450408
-0.275999999999999801	0.150155952597369219
-0.270000000000000018	0.145902565811602575
-0.26399999999999979	0.140448078925546477
-0.258000000000000007	0.139309639833225474
-0.25199999999999978	0.165367147822869098
-0.245999999999999996	0.171227124747659415
-0.239999999999999769	0.16956725627189001
-0.233999999999999986	0.166731461568219386
-0.227999999999999758	0.195298124030597708
-0.221999999999999975	0.20680186015466287
-0.215999999999999748	0.168821922563205745
-0.209999999999999964	0.140924634913268038
-0.203999999999999737	0.156312320385147363
-0.197999999999999954	0.166658007382401718
-0.191999999999999726	0.137631588818825285
-0.185999999999999943	0.14946528559348618
-0.18000000000000016	0.197152955048520678
-0.173999999999999932	0.172925313459486696
-0.168000000000000149	0.192744574236960509
-0.161999999999999922	0.204777633480371368
-0.156000000000000139	0.251409649816836056
-0.149999999999999911	0.210160502681916272
-0.144000000000000128	0.219345537691046893
-0.137999999999999901	0.268073133529089902
-0.132000000000000117	0.279430093593513729
-0.12599999999999989	0.383822437442312536
-0.120000000000000107	0.243241641376414186
-0.113999999999999879	0.188011777022511622
-0.108000000000000096	0.236654159820888221
-0.101999999999999869	0.236453266394906075
-0.0960000000000000853	0.276858318305178763
-0.0899999999999998579	0.289882304482225239
-0.0840000000000000746	0.34078927697375816
-0.0779999999999998472	0.364824906577674191
-0.0720000000000000639	0.413083637048093033
-0.0659999999999998366	0.421379638288229996
-0.0600000000000000533	0.41915393620593
-0.0539999999999998259	0.470685595344685459
-0.0480000000000000426	0.591271357508556084
-0.0419999999999998153	0.703364848002845933
-0.036000000000000032	0.682327113521539963
-0.0299999999999998046	0.649776834492364341
-0.0240000000000000213	0.797119290355674304
-0.0179999999999997939	0.902413220770543312
-0.0120000000000000107	0.987166803928187786
-0.00599999999999978328	1.03992791644081684
0	1.05893530056274465
0.00600000000000022737	1.04682239873316107
0.0120000000000000107	1.00097790701166667
0.018000000000000238	0.931707665354800318
0.0240000000000000213	0.947687496231171433
0.0300000000000002487	0.83310664018881142
0.036000000000000032	0.730179411515193943
0.0420000000000002593	0.626167611774675059
0.0480000000000000426	0.511021805050356104
0.05400000000000027	0.35479788752601521
0.0600000000000000533	0.456265075173024004
0.0660000000000002807	0.437824238985041525
0.0720000000000000639	0.470149384676258164
0.0779999999999998472	0.353754942212595402
0.0840000000000000746	0.373467571041932345
0.0899999999999998579	0.309779837983740702
0.0960000000000000853	0.337198420415499689
0.101999999999999869	0.326856810982047274
0.108000000000000096	0.284279619245509374
0.113999999999999879	0.260791150178198761
0.120000000000000107	0.228671711854690901
0.12599999999999989	0.212896846837587028
0.132000000000000117	0.274132190321807523
0.137999999999999901	0.236372035657700152
0.144000000000000128	0.215387983529919197
0.149999999999999911	0.218658565371363828
0.156000000000000139	0.180390515328413492
0.161999999999999922	0.222722231613530469
0.168000000000000149	0.251885653506595419
0.173999999999999932	0.22782269772375266
0.18000000000000016	0.226783558727894408
0.185999999999999943	0.173271506563624389
0.192000000000000171	0.165293715580221934
0.197999999999999954	0.162937034405090192
0.204000000000000181	0.170215737282236185
0.209999999999999964	0.176319664668448006
0.216000000000000192	0.16930170434423758
0.221999999999999975	0.173522445357441851
0.228000000000000203	0.162850854295677472
0.233999999999999986	0.153052274196002203
0.240000000000000213	0.149411615559198963
0.245999999999999996	0.138369437903424541
0.252000000000000224	0.139276881236047534
0.258000000000000007	0.124982143806104659
0.264000000000000234	0.12944722494759936
0.270000000000000018	0.144494074485510771
0.276000000000000245	0.128665523860988451
0.282000000000000028	0.115913974595415081
0.288000000000000256	0.131158093132575676
0.294000000000000039	0.147520758275907354
0.300000000000000266	0.152987108145643952
0.30600000000000005	0.141499428775028913
0.312000000000000277	0.141451258267812713
0.31800000000000006	0.144430833456730218
0.324000000000000288	0.143235620154646109
0.330000000000000071	0.148502312108350742
0.335999999999999854	0.145688550332756545
0.342000000000000082	0.139780671403464507
0.347999999999999865	0.13204099357541052
0.354000000000000092	0.12904755888037131
0.359999999999999876	0.130507736475456326
0.366000000000000103	0.133716423680066782
0.371999999999999886	0.139709600683447094
0.378000000000000114	0.145564482435673964
0.383999999999999897	0.136509250066049942
0.390000000000000124	0.134500585613578111
0.395999999999999908	0.141035783316777463
0.402000000000000135	0.146260498186913307
0.407999999999999918	0.138947012052962671
0.414000000000000146	0.133591117288549943
0.419999999999999929	0.135250425044985689
0.426000000000000156	0.126761426358869916
0.43199999999999994	0.121281893862892037
0.438000000000000167	0.117805148982693286
0.44399999999999995	0.113333395872700915
0.450000000000000178	0.11506561657149221
0.455999999999999961	0.117643446082170838
0.462000000000000188	0.115788377620592173
0.467999999999999972	0.112452146483206145
0.474000000000000199	0.114201905873320131
0.479999999999999982	0.117363778805842173
0.48600000000000021	0.119891031807176807
0.491999999999999993	0.121400459388208662
0.49800000000000022	0.125201695399815294
0.504000000000000004	0.130157072896231629
0.510000000000000231	0.132202789316534647
0.516000000000000014	0.129749474527431241
0.522000000000000242	0.129909608759564865
0.528000000000000025	0.137387324907353503
0.534000000000000252	0.143869545536994381
0.540000000000000036	0.146448710757576178
0.546000000000000263	0.14371761589371207
0.552000000000000046	0.140722571676948044
0.558000000000000274	0.139880058335948243
0.564000000000000057	0.141612222886948025
0.570000000000000284	0.148851943877258197
0.576000000000000068	0.164239099380371872
0.582000000000000295	0.177199627102728546
0.588000000000000078	0.173784285275806971
0.593999999999999861	0.162944596307867035
0.600000000000000089	0.15509343504633788
0.605999999999999872	0.152635305808894006
0.612000000000000099	0.155250486363465612
0.617999999999999883	0.158318924566177938
0.62400000000000011	0.159147938659278759
0.629999999999999893	0.158377740896137875
0.636000000000000121	0.160181231979391686
0.641999999999999904	0.161806057377558044
0.648000000000000131	0.162366501275201219
0.653999999999999915	0.16483433472475098
0.660000000000000142	0.167743193950115221
0.665999999999999925	0.166485020717540316
0.672000000000000153	0.160309173001988575
0.677999999999999936	0.152232041965899345
0.684000000000000163	0.145832607289152039
0.689999999999999947	0.142536866472399548
0.696000000000000174	0.140089939961288823
0.701999999999999957	0.13876442901047914
0.708000000000000185	0.139272863711296435
0.713999999999999968	0.1418169870506161
0.720000000000000195	0.145681035678109611
0.725999999999999979	0.148805119802666669
0.732000000000000206	0.150253164098043568
0.737999999999999989	0.150396907545614272
0.744000000000000217	0.150381403170533307
0.75	0.151800408693046229
0.756000000000000227	0.153414995258136705
0.762000000000000011	0.154451430515745336
0.768000000000000238	0.155172916598131844
0.774000000000000021	0.156189075005332328
0.780000000000000249	0.157029371009525326
0.786000000000000032	0.156902045129915291
0.792000000000000259	0.155815315026591072
0.798000000000000043	0.15427266098240211
0.80400000000000027	0.152286099781903494
0.810000000000000053	0.149542956320074888
0.816000000000000281	0.146362611528296216
0.822000000000000064	0.14440554097424968
0.828000000000000291	0.144938972696727508
0.834000000000000075	0.147086968285267627
0.839999999999999858	0.148994044669928938
0.846000000000000085	0.149450143090751691
0.851999999999999869	0.148609892338293414
0.858000000000000096	0.148303313084823085
0.863999999999999879	0.149040420802898366
0.870000000000000107	0.148942039377888857
0.87599999999999989	0.147669308301957958
0.882000000000000117	0.146527435544876322
0.887999999999999901	0.14591894459646948
0.894000000000000128	0.145288066909302654
0.899999999999999911	0.144987734492023873
0.906000000000000139	0.145453702126336709
0.911999999999999922	0.146395262766867734
0.918000000000000149	0.148059460089827011
0.923999999999999932	0.150562422798380224
0.93000000000000016	0.152913734884257579
0.935999999999999943	0.154288804664687224
0.942000000000000171	0.154708021772633153
0.947999999999999954	0.154546789468804013
0.954000000000000181	0.155025934295905859
0.959999999999999964	0.15777354896952453
0.966000000000000192	0.163420366044000093
0.971999999999999975	0.170667645132792339
0.978000000000000203	0.176587994354597905
0.983999999999999986	0.178821111983227671
0.990000000000000213	0.177736090287348408
0.995999999999999996	0.175374508983202726
1.00199999999999978	0.173259454365561283
1.00800000000000001	0.172207810772792236
1.01400000000000023	0.172615997621996309
1.02000000000000046	0.17455912696100212
1.0259999999999998	0.177768281612831786
1.03200000000000003	0.18132620553373216
1.03800000000000026	0.183458458157607418
1.04400000000000048	0.183079839543496908
1.04999999999999982	0.181118619800665986
1.05600000000000005	0.17898579709297982
1.06200000000000028	0.176953315337806089
1.0680000000000005	0.174968447197472204
1.07399999999999984	0.173727921812948494
1.08000000000000007	0.173904595082287561
1.0860000000000003	0.175346000131162
1.09200000000000053	0.177237013323421816
1.09799999999999986	0.178911852249875492
1.10400000000000009	0.1804356173468111
1.11000000000000032	0.181967920532271066
1.11599999999999966	0.182778736912669881
1.12199999999999989	0.181821052651225556
1.12800000000000011	0.179219866863017052
1.13400000000000034	0.176388084321792316
1.13999999999999968	0.174812171860752458
1.14599999999999991	0.175045640574111344
1.15200000000000014	0.176639478567199998
1.15800000000000036	0.17866173423195375
1.1639999999999997	0.1804324425206629
1.16999999999999993	0.181962222588714445
1.17600000000000016	0.18333367353892438
1.18200000000000038	0.184342676377764636
1.18799999999999972	0.184912455607089049
1.19399999999999995	0.185113805099871576
1.20000000000000018	0.185182693885989735
1.20600000000000041	0.185422509646338302
1.21199999999999974	0.185714787354393979
1.21799999999999997	0.185525133666794934
1.2240000000000002	0.184468447734721819
1.23000000000000043	0.182889648070102218
1.23599999999999977	0.181645353414309513
1.24199999999999999	0.181184516738977092
1.24800000000000022	0.181367238910701972
1.25400000000000045	0.182023189302410904
1.25999999999999979	0.183074019753704215
1.26600000000000001	0.184302379948653339
1.27200000000000024	0.185452436159569023
1.27800000000000047	0.186429209610163155
1.28399999999999981	0.187231631085472278
1.29000000000000004	0.187808459506356717
1.29600000000000026	0.188231008049927345
1.30200000000000049	0.188815456041151991
1.30799999999999983	0.189867636544569562
1.31400000000000006	0.191512117908405249
1.32000000000000028	0.193729427000389587
1.32600000000000051	0.1962733619891745
1.33199999999999985	0.198489545467203071
1.33800000000000008	0.19957872396257112
1.34400000000000031	0.199208041880374359
1.35000000000000053	0.197699575791794147
1.35599999999999987	0.195650995041248416
1.3620000000000001	0.193483135897234593
1.36800000000000033	0.191358937864759437
1.37399999999999967	0.189387550020055306
1.37999999999999989	0.187707129353508639
1.38600000000000012	0.186409834139689701
1.39200000000000035	0.185534126335841903
1.39799999999999969	0.185060183911299803
1.40399999999999991	0.184823548026347373
1.41000000000000014	0.184607529907153817
1.41600000000000037	0.184408725522010569
1.42199999999999971	0.184527288927029243
1.42799999999999994	0.185356342754774861
1.43400000000000016	0.187040859293800821
1.44000000000000039	0.189290917365625033
1.44599999999999973	0.191526774578654052
1.45199999999999996	0.193183151546877874
1.45800000000000018	0.193945264456942185
1.46400000000000041	0.193858476929086476
1.46999999999999975	0.193311313146138725
1.47599999999999998	0.192867127762150009
1.48200000000000021	0.192984940781842779
1.48800000000000043	0.19382694547194948
1.49399999999999977	0.195252704718561598
1.5	0.197000921542702767
1.50600000000000023	0.198952337253771205
1.51200000000000045	0.201179848315177406
1.51799999999999979	0.203766262203070897
1.52400000000000002	0.206659744610492607
1.53000000000000025	0.209616860705728547
1.53600000000000048	0.212207323308970991
1.54199999999999982	0.213988871863046992
1.54800000000000004	0.214741885770843161
1.55400000000000027	0.214433628422507988
1.5600000000000005	0.212996052084909016
1.56599999999999984	0.210343208694475953
1.57200000000000006	0.206607666713633037
1.57800000000000029	0.20220780040128622
1.58400000000000052	0.197661283176126662
1.58999999999999986	0.193366620269224437
1.59600000000000009	0.189509969669359318
1.60200000000000031	0.186122342817365866
1.60800000000000054	0.183232948053663219
1.61399999999999988	0.180950654259745464
1.62000000000000011	0.179366547311890195
1.62600000000000033	0.178430019610976986
1.63199999999999967	0.177976354296796951
1.6379999999999999	0.177854689768716989
1.64400000000000013	0.1779971649581846
1.65000000000000036	0.17838839298282877
1.65599999999999969	0.179004609999912939
1.66199999999999992	0.179755531283974451
1.66800000000000015	0.18045622087649682
1.67400000000000038	0.180882452073423183
1.67999999999999972	0.180873694779952549
1.68599999999999994	0.180383471079584329
1.69200000000000017	0.179446143862883462
1.6980000000000004	0.178121677092600739
1.70399999999999974	0.176494194289138734
1.70999999999999996	0.17470557511986376
1.71600000000000019	0.172942140979428977
1.72200000000000042	0.171366280672110294
1.72799999999999976	0.17004663235677922
1.73399999999999999	0.168941065554192388
1.74000000000000021	0.167962925217222586
1.74600000000000044	0.167093056342207724
1.75199999999999978	0.166443368162841804
1.75800000000000001	0.166195367107213721
1.76400000000000023	0.166444018778354824
1.77000000000000046	0.167082391529887853
1.7759999999999998	0.167829968576492045
1.78200000000000003	0.168381568985191937
1.78800000000000026	0.168559826667100454
1.79400000000000048	0.168355370323835796
1.79999999999999982	0.167843376836550429
1.80600000000000005	0.167079405809841874
1.81200000000000028	0.166077890783210974
1.8180000000000005	0.16487127949952618
1.82399999999999984	0.16356167768099289
1.83000000000000007	0.162299688137866466
1.8360000000000003	0.161210351579662708
1.84200000000000053	0.160333213299757388
1.84799999999999986	0.15961800516070021
1.85400000000000009	0.158966217938067478
1.86000000000000032	0.158289771544120828
1.86599999999999966	0.157560313651914641
1.87199999999999989	0.156816405810877163
1.87800000000000011	0.156110923206513375
1.88400000000000034	0.15544465400428284
1.88999999999999968	0.15475964107290785
1.89599999999999991	0.153991055132274318
1.90200000000000014	0.153110900352372015
1.90800000000000036	0.152134118157900039
1.9139999999999997	0.151106968513462836
1.91999999999999993	0.15008755166170562
1.92600000000000016	0.149121346163921753
1.93200000000000038	0.148230274762377517
1.93799999999999972	0.147419586928790092
1.94399999999999995	0.146684257606904955
1.95000000000000018	0.14600826316436441
1.95600000000000041	0.14536389151518872
1.96199999999999974	0.144712584335737832
1.96799999999999997	0.144004963972600597
1.9740000000000002	0.143184756063997332
1.98000000000000043	0.142202817200858783
1.98599999999999977	0.14103515420046514
1.99199999999999999	0.139691378283268414
1.99800000000000022	0.138207734417118699
2.00400000000000045	0.136627585357635556
2.00999999999999979	0.134976809678139603
2.01600000000000001	0.133249255907123942
2.02200000000000024	0.131417427190811981
2.02800000000000047	0.12946151724150215
2.03399999999999981	0.127389921984540244
2.04000000000000004	0.125239896358887298
2.04600000000000026	0.123074454266637004
2.05200000000000049	0.120985014774019489
2.05799999999999983	0.119084357014313871
2.06400000000000006	0.117476989201721629
2.07000000000000028	0.116220073301580851
2.07600000000000051	0.115300582457680975
2.08199999999999985	0.114641780241535318
2.08800000000000008	0.114132050546177505
2.09400000000000031	0.113659679079059897
2.10000000000000053	0.11313966650130125
2.10599999999999987	0.112524695857333615
2.1120000000000001	0.111800533586000242
2.11800000000000033	0.110975556596989169
2.12399999999999967	0.110074454045402781
2.12999999999999989	0.109134781727531896
2.13600000000000012	0.10819820536940894
2.14200000000000035	0.107296778626924827
2.14799999999999969	0.106443422738598734
2.15399999999999991	0.105630722576509226
2.16000000000000014	0.104834069727408677
2.16600000000000037	0.104016884393715883
2.17199999999999971	0.103140748686045072
2.17799999999999994	0.102180645138604295
2.18400000000000016	0.101138550274795985
2.19000000000000039	0.100047536087272751
2.19599999999999973	0.0989630982904532719
2.20199999999999996	0.0979435568434440101
2.20800000000000018	0.0970272837173241642
2.21400000000000041	0.096219192799015904
2.21999999999999975	0.0954951654272133271
2.22599999999999998	0.0948212270370401011
2.23200000000000021	0.0941746411122297566
2.23800000000000043	0.0935538284948023852
2.24399999999999977	0.0929719017872706749
2.25	0.0924398838192846961
2.25600000000000023	0.0919532336202772832
2.26200000000000045	0.0914917181830004617
2.26799999999999979	0.0910300812655120417
2.27400000000000002	0.0905478397642097976
2.28000000000000025	0.0900294065605829197
2.28600000000000048	0.0894563511674556083
2.29199999999999982	0.0888013630227461465
2.29800000000000004	0.0880321082006356864
2.30400000000000027	0.0871248409587934008
2.3100000000000005	0.0860795978555756458
2.31599999999999984	0.084927036234468567
2.32200000000000006	0.0837221875722014425
2.32800000000000029	0.0825287817083668468
2.33400000000000052	0.0814035610119649145
2.33999999999999986	0.0803884686194450138
2.34600000000000009	0.0795110914920411638
2.35200000000000031	0.0787876811304722147
2.35800000000000054	0.0782235458669715417
2.36399999999999988	0.0778101063282658628
2.37000000000000011	0.0775213636638260734
2.37600000000000033	0.077313084366570417
2.38199999999999967	0.077126744988493437
2.3879999999999999	0.0768985369280831693
2.39400000000000013	0.0765715723653058178
2.40000000000000036	0.0761072292191174726
2.40599999999999969	0.0754915779807949078
2.41199999999999992	0.074735747739702485
2.41800000000000015	0.0738716430199675145
2.42400000000000038	0.0729443578541534854
2.42999999999999972	0.0720021980031753106
2.43599999999999994	0.0710865208335010185
2.44200000000000017	0.0702247909648078955
2.4480000000000004	0.0694289565787839236
2.45399999999999974	0.0686984511669044284
2.45999999999999996	0.0680253579360106664
2.46600000000000019	0.0673992469242938874
2.47200000000000042	0.0668101262087630043
2.47799999999999976	0.0662492991971479067
2.48399999999999999	0.0657091199725005348
2.49000000000000021	0.0651828676619763125
2.49600000000000044	0.06466524479319323
2.50199999999999978	0.0641531925940410641
2.50800000000000001	0.0636462410392805572
2.51400000000000023	0.0631455701703312888
2.52000000000000046	0.0626516775170522511
2.5259999999999998	0.0621618042925084491
2.53200000000000003	0.0616690135626188837
2.53800000000000026	0.0611641901893461223
2.54400000000000048	0.0606404044151520605
2.54999999999999982	0.0600973222594224712
2.55600000000000005	0.0595431897809304486
2.56200000000000028	0.0589935278070265676
2.5680000000000005	0.0584675479795020436
2.57399999999999984	0.0579839699908673012
2.58000000000000007	0.0575573775343896157
2.5860000000000003	0.0571955210907430789
2.59200000000000053	0.0568977983865858183
2.59799999999999986	0.056655312405104491
2.60400000000000009	0.0564526926842785076
2.61000000000000032	0.0562710686120699577
2.61600000000000055	0.0560909637243379652
2.62199999999999989	0.0558941971988776223
2.62800000000000011	0.0556648340728833554
2.63400000000000034	0.0553898345138625695
2.63999999999999968	0.0550598273456827728
2.64599999999999991	0.0546698079170209877
2.65200000000000014	0.0542193262024216749
2.65800000000000036	0.0537121863137799763
2.6639999999999997	0.0531562036928393752
2.66999999999999993	0.0525633291910459974
2.67600000000000016	0.051949600950445568
2.68200000000000038	0.051333930609828389
2.68799999999999972	0.0507352324873857272
2.69399999999999995	0.0501684682713852206
2.70000000000000018	0.0496410668065324356
2.70600000000000041	0.0491513728629853486
2.71199999999999974	0.0486901089347826499
2.71799999999999997	0.0482445032838767565
2.7240000000000002	0.0478033719178407659
2.73000000000000043	0.0473608984469377561
2.73599999999999977	0.0469175962441823816
2.74199999999999999	0.0464784944058771257
2.74800000000000022	0.0460498913722184669
2.75400000000000045	0.0456363169105245964
2.75999999999999979	0.0452387245522543197
2.76600000000000001	0.0448540815980482746
2.77200000000000024	0.0444760469093221367
2.77800000000000047	0.0440963871966474491
2.78399999999999981	0.0437068223463702513
2.79000000000000004	0.0433008993686236424
2.79600000000000026	0.04287542956071351
2.80200000000000049	0.0424311629263926376
2.80799999999999983	0.0419726246910397394
2.81400000000000006	0.0415072201263587057
2.82000000000000028	0.0410438325130699916
2.82600000000000051	0.0405912745461869881
2.83199999999999985	0.040157015545734677
2.83800000000000008	0.0397464450708938724
2.84400000000000031	0.0393626265983012327
2.85000000000000053	0.0390063268257699117
2.85599999999999987	0.0386762151557448475
2.8620000000000001	0.0383693067800689042
2.86800000000000033	0.0380816770683768402
2.87400000000000055	0.0378092209851479816
2.87999999999999989	0.0375480937775556634
2.88600000000000012	0.0372946713483232883
2.89200000000000035	0.0370452532570814536
2.89799999999999969	0.0367959409005647331
2.90399999999999991	0.0365429682864688923
2.91000000000000014	0.0362833755132694266
2.91600000000000037	0.0360156213085836077
2.92199999999999971	0.0357397707947863588
2.92799999999999994	0.03545720181041144
2.93400000000000016	0.0351700547788264817
2.94000000000000039	0.0348807057505590504
2.94599999999999973	0.0345914139359009068
2.95199999999999996	0.0343041325672479094
2.95800000000000018	0.0340203815698545894
2.96400000000000041	0.0337411130210654719
2.96999999999999975	0.0334666305734765759
2.97599999999999998	0.0331967178388119233
2.98200000000000021	0.0329310476389700901
2.98800000000000043	0.0326697138993252909
2.99399999999999977	0.0324135611198796622
3	0.0321640629215253077
