-3	0.032075935363531885
-2.99400000000000022	0.0322696854790306131
-2.98799999999999999	0.0324624497444491317
-2.98200000000000021	0.0326542046209080464
-2.97599999999999998	0.0328457378123792887
-2.9700000000000002	0.0330385851487865687
-2.96399999999999997	0.0332349169091110605
-2.95800000000000018	0.0334372996912592896
-2.95199999999999996	0.0336482449094245781
-2.94600000000000017	0.0338695812931714066
-2.93999999999999995	0.0341018582579309601
-2.93400000000000016	0.0343440287647593587
-2.92799999999999994	0.0345934996535318465
-2.92200000000000015	0.0348464012008148846
-2.91599999999999993	0.0350978588237452968
-2.91000000000000014	0.0353422454818877116
-2.90399999999999991	0.0355736460186182046
-2.89800000000000013	0.0357867584831346314
-2.8919999999999999	0.0359781207062263991
-2.88600000000000012	0.0361471521855023722
-2.87999999999999989	0.0362964077583557351
-2.87400000000000011	0.0364307912110182902
-2.86799999999999988	0.0365560546820352036
-2.8620000000000001	0.036677289937956617
-2.85599999999999987	0.0367980177657877966
-2.85000000000000009	0.0369200148978280004
-2.84399999999999986	0.0370436014851791146
-2.83800000000000008	0.0371680700062412481
-2.83199999999999985	0.0372921733034841385
-2.82600000000000007	0.0374147252447779993
-2.81999999999999984	0.0375352126555413279
-2.81400000000000006	0.0376540966273713612
-2.80799999999999983	0.0377725358906331396
-2.80200000000000005	0.0378916468387701863
-2.79599999999999982	0.0380118374614784871
-2.79000000000000004	0.0381328421974721429
-2.78399999999999981	0.0382546691937555167
-2.77800000000000002	0.0383789814408798044
-2.7719999999999998	0.0385100326137383792
-2.76600000000000001	0.0386545600841445777
-2.75999999999999979	0.0388207466521056713
-2.754	0.0390168528440619639
-2.74800000000000022	0.0392500667509231294
-2.74199999999999999	0.039525733128804183
-2.73599999999999977	0.0398467930372940621
-2.72999999999999998	0.0402132147005695231
-2.7240000000000002	0.0406214254269043964
-2.71799999999999997	0.0410640833059215046
-2.71199999999999974	0.0415306924133898719
-2.70599999999999996	0.0420093601326419278
-2.70000000000000018	0.0424894365753824554
-2.69399999999999995	0.0429641727859999753
-2.68800000000000017	0.0434322866847400221
-2.68199999999999994	0.0438976298732376147
-2.67600000000000016	0.0443669240600262985
-2.66999999999999993	0.0448464556230085826
-2.66400000000000015	0.0453391586053694881
-2.65799999999999992	0.0458433074974251356
-2.65200000000000014	0.046353255220747229
-2.64599999999999991	0.0468618344019366972
-2.64000000000000012	0.047363525674516592
-2.6339999999999999	0.0478572388088587819
-2.62800000000000011	0.0483475433787076414
-2.62199999999999989	0.0488436685628604664
-2.6160000000000001	0.0493565930096489108
-2.60999999999999988	0.0498954745993203871
-2.60400000000000009	0.0504648182213413565
-2.59799999999999986	0.0510631730297697872
-2.59200000000000008	0.0516834572640658615
-2.58599999999999985	0.0523146360153239412
-2.58000000000000007	0.0529442850530784728
-2.57399999999999984	0.0535613757973250199
-2.56800000000000006	0.0541584467877486361
-2.56199999999999983	0.0547323732362377871
-2.55600000000000005	0.0552834837465090018
-2.54999999999999982	0.0558137151646140514
-2.54400000000000004	0.056324993682399703
-2.53799999999999981	0.0568184745570286115
-2.53200000000000003	0.0572945010415682396
-2.5259999999999998	0.0577532756655429885
-2.52000000000000002	0.0581967432392794595
-2.51400000000000023	0.0586315669827889852
-2.50800000000000001	0.0590713440926021599
-2.50199999999999978	0.0595354531287147215
-2.496	0.0600437074998760797
-2.49000000000000021	0.060608865802002268
-2.48399999999999999	0.0612302551889031474
-2.47799999999999976	0.0618908159195959914
-2.47199999999999998	0.0625586844681108728
-2.46600000000000019	0.0631940117894081166
-2.45999999999999996	0.0637606048955647597
-2.45399999999999974	0.0642388751399634028
-2.44799999999999995	0.0646336010734625821
-2.44200000000000017	0.0649712508508562547
-2.43599999999999994	0.0652876986702975309
-2.42999999999999972	0.0656134270512230972
-2.42399999999999993	0.0659643929167015169
-2.41800000000000015	0.0663420446676341174
-2.41199999999999992	0.0667397617154599776
-2.40600000000000014	0.0671499317001622575
-2.39999999999999991	0.0675672354400587843
-2.39400000000000013	0.0679873772667573956
-2.3879999999999999	0.0684036974745787507
-2.38200000000000012	0.0688052751515092764
-2.37599999999999989	0.0691789680777915028
-2.37000000000000011	0.0695150688946174072
-2.36399999999999988	0.0698137882168451823
-2.3580000000000001	0.0700894933965087452
-2.35199999999999987	0.0703712903653736094
-2.34600000000000009	0.0707000156430921678
-2.33999999999999986	0.0711218904838078897
-2.33400000000000007	0.0716793426347520635
-2.32799999999999985	0.0724012492014324549
-2.32200000000000006	0.0732965829025206267
-2.31599999999999984	0.0743544110742019454
-2.31000000000000005	0.0755496994059585425
-2.30399999999999983	0.0768515655764451244
-2.29800000000000004	0.0782303435845848327
-2.29199999999999982	0.0796610639589653557
-2.28600000000000003	0.0811226764780551973
-2.28000000000000025	0.0825947685613474952
-2.27400000000000002	0.0840554125424525789
-2.26799999999999979	0.0854824194949777294
-2.26200000000000001	0.0868566443214605494
-2.25600000000000023	0.0881648552063239721
-2.25	0.0894022832897512776
-2.24399999999999977	0.0905759345216984035
-2.23799999999999999	0.0917055616897403253
-2.23200000000000021	0.0928160339820355007
-2.22599999999999998	0.0939206807961311257
-2.21999999999999975	0.0950059958017471229
-2.21399999999999997	0.0960311860540875167
-2.20800000000000018	0.0969470390933317161
-2.20199999999999996	0.097725370831051192
-2.19599999999999973	0.0983819370349477557
-2.18999999999999995	0.0989771675182752331
-2.18400000000000016	0.0995920004167664547
-2.17799999999999994	0.100293066123347874
-2.17199999999999971	0.101108399838685928
-2.16599999999999993	0.102026237315224991
-2.16000000000000014	0.103013414008831808
-2.15399999999999991	0.104038305477464538
-2.14800000000000013	0.105082662077280412
-2.1419999999999999	0.106135945841355453
-2.13600000000000012	0.107177987075130723
-2.12999999999999989	0.108163746253840343
-2.12400000000000011	0.10902333252352954
-2.11799999999999988	0.109680016517251677
-2.1120000000000001	0.110076330930218486
-2.10599999999999987	0.110195657586367027
-2.10000000000000009	0.110072345331727384
-2.09399999999999986	0.109786655416738418
-2.08800000000000008	0.109444882962806897
-2.08199999999999985	0.109155232069834504
-2.07600000000000007	0.109013556076143575
-2.06999999999999984	0.109101686964773278
-2.06400000000000006	0.109488565142497982
-2.05799999999999983	0.110224602699227126
-2.05200000000000005	0.111329596722253399
-2.04599999999999982	0.112783058596105309
-2.04000000000000004	0.114525125143763798
-2.03399999999999981	0.116466936659024495
-2.02800000000000002	0.118503278057240438
-2.02200000000000024	0.120523990074042964
-2.01600000000000001	0.122424561037771648
-2.00999999999999979	0.124115349079804066
-2.004	0.125530831274701493
-1.998	0.126644208880686171
-1.99199999999999999	0.12748574307975144
-1.98599999999999999	0.128147289491297861
-1.97999999999999998	0.128756926289088497
-1.97399999999999998	0.129433992734617975
-1.96799999999999997	0.130251977133477914
-1.96199999999999997	0.131225789856545455
-1.95599999999999996	0.132323692748707616
-1.94999999999999996	0.133496718305726431
-1.94399999999999995	0.134713178666475974
-1.93799999999999994	0.135983293734782379
-1.93199999999999994	0.13736118545788914
-1.92599999999999993	0.138918857380100763
-1.91999999999999993	0.140705244633810289
-1.91399999999999992	0.142718165517944667
-1.90799999999999992	0.144902135915647046
-1.90199999999999991	0.147159416425798356
-1.89599999999999991	0.149363818145542976
-1.8899999999999999	0.151384922993585053
-1.8839999999999999	0.153128780700060196
-1.87799999999999989	0.154576082017510774
-1.87199999999999989	0.15577973515033397
-1.86599999999999988	0.156808855223144722
-1.85999999999999988	0.157681818106055888
-1.85399999999999987	0.158350593177820825
-1.84799999999999986	0.158751938582521512
-1.84200000000000008	0.15887220610744851
-1.83600000000000008	0.158760116001368912
-1.83000000000000007	0.158486684245500165
-1.82400000000000007	0.158111549101543597
-1.81800000000000006	0.157695274798908769
-1.81200000000000006	0.157325807133528672
-1.80600000000000005	0.157103311419330399
-1.80000000000000004	0.157090400995966689
-1.79400000000000004	0.157287818462815893
-1.78800000000000003	0.157664300499504667
-1.78200000000000003	0.158205524382075552
-1.77600000000000002	0.158927009214139686
-1.77000000000000002	0.15983981234815331
-1.76400000000000001	0.160910244625807164
-1.75800000000000001	0.162054736574401864
-1.752	0.16317408585114368
-1.746	0.164191357560510037
-1.73999999999999999	0.165053206414961545
-1.73399999999999999	0.165722170515159889
-1.72799999999999998	0.166221996854367948
-1.72199999999999998	0.166695189967548563
-1.71599999999999997	0.167364031689528625
-1.70999999999999996	0.168398062846657481
-1.70399999999999996	0.16980943560559153
-1.69799999999999995	0.171459940482259876
-1.69199999999999995	0.173149763962220815
-1.68599999999999994	0.174714813298213728
-1.67999999999999994	0.176096896835089806
-1.67399999999999993	0.177371396451396685
-1.66799999999999993	0.178718056912094997
-1.66199999999999992	0.180341212855981869
-1.65599999999999992	0.182371068075143528
-1.64999999999999991	0.184780271776188249
-1.64399999999999991	0.187336729388283135
-1.6379999999999999	0.189618874042270374
-1.6319999999999999	0.191139432822607591
-1.62599999999999989	0.191577752617975522
-1.61999999999999988	0.190993104152858167
-1.61399999999999988	0.189849430300586181
-1.60799999999999987	0.188818524381675096
-1.60199999999999987	0.188486952247553963
-1.59599999999999986	0.189122074415136038
-1.59000000000000008	0.190586048987681056
-1.58400000000000007	0.192410021690710226
-1.57800000000000007	0.19399488217684141
-1.57200000000000006	0.194863576849054781
-1.56600000000000006	0.194821596643188932
-1.56000000000000005	0.193916613508508751
-1.55400000000000005	0.192295082404086298
-1.54800000000000004	0.190133571725416228
-1.54200000000000004	0.187668177903298039
-1.53600000000000003	0.185229748557210777
-1.53000000000000003	0.183180074902644568
-1.52400000000000002	0.1817423616314503
-1.51800000000000002	0.180894276155024014
-1.51200000000000001	0.180442732862780369
-1.50600000000000001	0.180191219010604725
-1.5	0.180062567457265177
-1.49399999999999999	0.180121703469866556
-1.48799999999999999	0.180530153542321908
-1.48199999999999998	0.181448736018029161
-1.47599999999999998	0.182890760171579736
-1.46999999999999997	0.184672229540412375
-1.46399999999999997	0.186559460092760421
-1.45799999999999996	0.188431755714750349
-1.45199999999999996	0.1902827631506184
-1.44599999999999995	0.192106418912978999
-1.43999999999999995	0.193789864394572353
-1.43399999999999994	0.195120494098344588
-1.42799999999999994	0.195902166388498944
-1.42199999999999993	0.19615972183228636
-1.41599999999999993	0.196228649362635288
-1.40999999999999992	0.196450787492290613
-1.40399999999999991	0.19681444986832114
-1.39799999999999991	0.197092567766689264
-1.3919999999999999	0.19724218309284744
-1.3859999999999999	0.197443181011826729
-1.37999999999999989	0.19779856716769556
-1.37399999999999989	0.198239905577850178
-1.36799999999999988	0.198806700267617181
-1.36199999999999988	0.199734076285535744
-1.35599999999999987	0.201198062401520411
-1.34999999999999987	0.203351266385771751
-1.34399999999999986	0.206504438739713553
-1.33799999999999986	0.21079965955938576
-1.33200000000000007	0.215758287592089398
-1.32600000000000007	0.220544021096521159
-1.32000000000000006	0.224652954918986847
-1.31400000000000006	0.22804658284060797
-1.30800000000000005	0.230755519961463901
-1.30200000000000005	0.232646531608532686
-1.29600000000000004	0.23344143738711215
-1.29000000000000004	0.232780766319254179
-1.28400000000000003	0.230463032019809638
-1.27800000000000002	0.226806193170059317
-1.27200000000000002	0.222589194674025742
-1.26600000000000001	0.218605151746188803
-1.26000000000000001	0.215442074612342105
-1.254	0.213535707004694791
-1.248	0.213054753230977556
-1.24199999999999999	0.213504747291564434
-1.23599999999999999	0.213813028168236607
-1.22999999999999998	0.213221928731576083
-1.22399999999999998	0.211730766315242069
-1.21799999999999997	0.209675446693356776
-1.21199999999999997	0.207307469550401441
-1.20599999999999996	0.204665634398000978
-1.19999999999999996	0.201709887247262104
-1.19399999999999995	0.198503553737351374
-1.18799999999999994	0.195199009523792572
-1.18199999999999994	0.192097355242010076
-1.17599999999999993	0.18985455718946867
-1.16999999999999993	0.189123650367944707
-1.16399999999999992	0.189982176288375854
-1.15799999999999992	0.192109234936011369
-1.15199999999999991	0.195336283065597832
-1.14599999999999991	0.199413799364371036
-1.1399999999999999	0.203236456355101236
-1.1339999999999999	0.20517728424583781
-1.12799999999999989	0.204506879672676584
-1.12199999999999989	0.201912520047122263
-1.11599999999999988	0.198744324128556249
-1.10999999999999988	0.196297652775836939
-1.10399999999999987	0.195530984918574458
-1.09799999999999986	0.196432565707608336
-1.09199999999999986	0.19795597306095003
-1.08599999999999985	0.198744070200579298
-1.08000000000000007	0.197922656521891532
-1.07400000000000007	0.195631017931322204
-1.06800000000000006	0.192832989046889947
-1.06200000000000006	0.190563707428469592
-1.05600000000000005	0.189300841452443525
-1.05000000000000004	0.188956143993932596
-1.04400000000000004	0.189210387028328236
-1.03800000000000003	0.189613697033296003
-1.03200000000000003	0.189538227052792052
-1.02600000000000002	0.187962344300755618
-1.02000000000000002	0.184337043946250334
-1.01400000000000001	0.179878728374943841
-1.00800000000000001	0.176390958025161804
-1.002	0.17472727959808726
-0.995999999999999996	0.174907108268382794
-0.989999999999999769	0.176586360656438096
-0.983999999999999986	0.178935556701918769
-0.977999999999999758	0.180413269080345912
-0.971999999999999975	0.179940250027006643
-0.965999999999999748	0.178014585658835017
-0.959999999999999964	0.176115892700078963
-0.953999999999999737	0.175135019129966041
-0.947999999999999954	0.175495952698334567
-0.942000000000000171	0.177666986244853747
-0.935999999999999943	0.180621703066209005
-0.93000000000000016	0.182212108615738777
-0.923999999999999932	0.181083613339669214
-0.918000000000000149	0.177316330941914679
-0.911999999999999922	0.171945142330771739
-0.906000000000000139	0.166675711367041984
-0.899999999999999911	0.163214260160067126
-0.894000000000000128	0.162899702470314683
-0.887999999999999901	0.166272426098388382
-0.882000000000000117	0.171911779426597244
-0.87599999999999989	0.176317721017647533
-0.870000000000000107	0.176777640796026453
-0.863999999999999879	0.173545647987695895
-0.858000000000000096	0.168784994995855586
-0.851999999999999869	0.164245505118218837
-0.846000000000000085	0.16118772853499802
-0.839999999999999858	0.160148167884732684
-0.834000000000000075	0.160465124766275696
-0.827999999999999847	0.161442130436955628
-0.822000000000000064	0.162288286739889931
-0.815999999999999837	0.161195112248524258
-0.810000000000000053	0.158035073282028371
-0.803999999999999826	0.15572576582821096
-0.798000000000000043	0.156218192431339803
-0.791999999999999815	0.159058017388916395
-0.786000000000000032	0.164110947508619348
-0.779999999999999805	0.168307621601989421
-0.774000000000000021	0.168178850342023956
-0.767999999999999794	0.166353787112602791
-0.762000000000000011	0.165420265118419813
-0.755999999999999783	0.164744940765038539
-0.75	0.162449247691787035
-0.743999999999999773	0.158785614087114085
-0.737999999999999989	0.155413650350464672
-0.731999999999999762	0.153626562388920362
-0.725999999999999979	0.153310207857979081
-0.719999999999999751	0.154997269058187087
-0.713999999999999968	0.158475635231052875
-0.707999999999999741	0.160698330641349557
-0.701999999999999957	0.15982773785826257
-0.69599999999999973	0.155530866376981769
-0.689999999999999947	0.150993231284912127
-0.684000000000000163	0.148599450794333177
-0.677999999999999936	0.145506324448578916
-0.672000000000000153	0.139592468875128078
-0.665999999999999925	0.133119533380682276
-0.660000000000000142	0.128940099842809047
-0.653999999999999915	0.128614891289463101
-0.648000000000000131	0.132663221535020776
-0.641999999999999904	0.139020936344797813
-0.636000000000000121	0.142131105732299673
-0.629999999999999893	0.140658714191586987
-0.62400000000000011	0.138507127618405695
-0.617999999999999883	0.140343676346063845
-0.612000000000000099	0.146162423487198462
-0.605999999999999872	0.151441378056840603
-0.600000000000000089	0.155765457233878357
-0.593999999999999861	0.159421695341017328
-0.588000000000000078	0.159409978113522532
-0.581999999999999851	0.156893701117177459
-0.576000000000000068	0.154895307092986406
-0.56999999999999984	0.154722601775928226
-0.564000000000000057	0.156547111816300266
-0.557999999999999829	0.158344896351657216
-0.552000000000000046	0.163756610776005063
-0.545999999999999819	0.168408442343606579
-0.540000000000000036	0.16757431937940126
-0.533999999999999808	0.165505660598895044
-0.528000000000000025	0.163364510751821512
-0.521999999999999797	0.157445779642789857
-0.516000000000000014	0.150420136298033552
-0.509999999999999787	0.149349567066661998
-0.504000000000000004	0.151483059779653789
-0.497999999999999776	0.154049774252415561
-0.491999999999999993	0.155910060447888549
-0.485999999999999766	0.15873437872907617
-0.479999999999999982	0.170003384853039868
-0.473999999999999755	0.178766875945483211
-0.467999999999999972	0.184656815602113888
-0.461999999999999744	0.190065597388767188
-0.455999999999999961	0.193708527198778901
-0.449999999999999734	0.192171165904391233
-0.44399999999999995	0.182006948199388008
-0.438000000000000167	0.176108461539842304
-0.43199999999999994	0.168743418668026973
-0.426000000000000156	0.167564703289126427
-0.419999999999999929	0.162136422005660474
-0.414000000000000146	0.159629083191640764
-0.407999999999999918	0.165557914442616166
-0.402000000000000135	0.169488576184631201
-0.395999999999999908	0.163245366095401689
-0.390000000000000124	0.158550393276532864
-0.383999999999999897	0.170897233058914827
-0.378000000000000114	0.181626004698025673
-0.371999999999999886	0.179054929589310297
-0.366000000000000103	0.174808150693206904
-0.359999999999999876	0.16839129452432855
-0.354000000000000092	0.159936764558601507
-0.347999999999999865	0.149722920668320769
-0.342000000000000082	0.144397115299671669
-0.335999999999999854	0.139017883127396324
-0.330000000000000071	0.129578666539357318
-0.323999999999999844	0.129901393707998025
-0.31800000000000006	0.127975746117922784
-0.311999999999999833	0.133391944409533059
-0.30600000000000005	0.144572074900017611
-0.299999999999999822	0.152343296610935069
-0.294000000000000039	0.151469773237750543
-0.287999999999999812	0.140962733809025409
-0.282000000000000028	0.159764704683547087
-0.275999999999999801	0.162570112627342195
-0.270000000000000018	0.152350391936161733
-0.26399999999999979	0.144636176233905983
-0.258000000000000007	0.157501224541740981
-0.25199999999999978	0.176862350314261646
-0.245999999999999996	0.191658592465692973
-0.239999999999999769	0.152145575311887299
-0.233999999999999986	0.158842528135201888
-0.227999999999999758	0.175098351709039896
-0.221999999999999975	0.21080452970068958
-0.215999999999999748	0.195094724816418819
-0.209999999999999964	0.161706346877042995
-0.203999999999999737	0.160706626530227881
-0.197999999999999954	0.16887760084180059
-0.191999999999999726	0.186678158704806002
-0.185999999999999943	0.213659469069515273
-0.18000000000000016	0.224842252939916526
-0.173999999999999932	0.172748260559389355
-0.168000000000000149	0.196474909443512341
-0.161999999999999922	0.240799679663133426
-0.156000000000000139	0.252397612620968881
-0.149999999999999911	0.231959272757101403
-0.144000000000000128	0.295391642364078555
-0.137999999999999901	0.252176096985675113
-0.132000000000000117	0.200828498816514878
-0.12599999999999989	0.235321194841926734
-0.120000000000000107	0.191376767170345463
-0.113999999999999879	0.212843689355414395
-0.108000000000000096	0.261479729190442267
-0.101999999999999869	0.265050772516161159
-0.0960000000000000853	0.224912961519210863
-0.0899999999999998579	0.257955270968632355
-0.0840000000000000746	0.257927217299956657
-0.0779999999999998472	0.295149871544524878
-0.0720000000000000639	0.486073069018241211
-0.0659999999999998366	0.248558860687522615
-0.0600000000000000533	0.393009590366588779
-0.0539999999999998259	0.421505873450367718
-0.0480000000000000426	0.54507382680131633
-0.0419999999999998153	0.38130685623784788
-0.036000000000000032	0.567619877833606012
-0.0299999999999998046	0.629505845135710174
-0.0240000000000000213	0.584127866260569673
-0.0179999999999997939	0.676163796836340092
-0.0120000000000000107	0.771097079721505985
-0.00599999999999978328	0.954436770979706472
0	0.967366151090102488
0.00600000000000022737	0.911093757546787009
0.0120000000000000107	0.974644147054467558
0.018000000000000238	0.755773053375862869
0.0240000000000000213	0.727791325881828155
0.0300000000000002487	0.55011304405194128
0.036000000000000032	0.412576743959828462
0.0420000000000002593	0.419737948951761086
0.0480000000000000426	0.430624357219116405
0.05400000000000027	0.428843142948148293
0.0600000000000000533	0.438563696298752526
0.0660000000000002807	0.344437138164666923
0.0720000000000000639	0.308346746083329404
0.0779999999999998472	0.250113872764504253
0.0840000000000000746	0.353180484538035355
0.0899999999999998579	0.272628620176886272
0.0960000000000000853	0.23816133456703828
0.101999999999999869	0.274949845042999852
0.108000000000000096	0.179343389187191893
0.113999999999999879	0.212256895591691058
0.120000000000000107	0.198327535519013803
0.12599999999999989	0.189618761257181745
0.132000000000000117	0.226989652203264752
0.137999999999999901	0.231430604945545348
0.144000000000000128	0.173177397336989281
0.149999999999999911	0.184971853775103667
0.156000000000000139	0.202644767066196912
0.161999999999999922	0.189132509588579772
0.168000000000000149	0.1920054731906575
0.173999999999999932	0.191287545368424766
0.18000000000000016	0.182594959425658038
0.185999999999999943	0.223692067140844275
0.192000000000000171	0.192644487462808628
0.197999999999999954	0.171870609788442902
0.204000000000000181	0.201157420926054625
0.209999999999999964	0.232354602862882953
0.216000000000000192	0.199892197529445453
0.221999999999999975	0.158919928296877844
0.228000000000000203	0.1716895545711844
0.233999999999999986	0.205156614134840987
0.240000000000000213	0.195268021744255338
0.245999999999999996	0.202477286821115959
0.252000000000000224	0.192405254519021962
0.258000000000000007	0.204499183709696053
0.264000000000000234	0.207083825770510599
0.270000000000000018	0.182684071716753882
0.276000000000000245	0.155092726686694465
0.282000000000000028	0.149512929189525551
0.288000000000000256	0.150693037192180745
0.294000000000000039	0.154646377649576755
0.300000000000000266	0.159065110770113344
0.30600000000000005	0.134976773934752409
0.312000000000000277	0.129729865875070211
0.31800000000000006	0.133421099351793471
0.324000000000000288	0.151331591680470168
0.330000000000000071	0.167794820092952879
0.335999999999999854	0.186711228240760446
0.342000000000000082	0.187441420546403781
0.347999999999999865	0.1922215459286096
0.354000000000000092	0.191779331576717393
0.359999999999999876	0.182867375726444542
0.366000000000000103	0.178133277228626014
0.371999999999999886	0.169669162805861529
0.378000000000000114	0.153098356248332623
0.383999999999999897	0.141136221049328103
0.390000000000000124	0.138042619154964602
0.395999999999999908	0.131044279931678997
0.402000000000000135	0.125492133732604538
0.407999999999999918	0.129880255787689303
0.414000000000000146	0.135221930646996696
0.419999999999999929	0.141202208084121317
0.426000000000000156	0.144287481668176232
0.43199999999999994	0.144908281475881417
0.438000000000000167	0.149380583451284188
0.44399999999999995	0.152572037497275409
0.450000000000000178	0.154235609555474301
0.455999999999999961	0.151643451074576524
0.462000000000000188	0.152021970909616333
0.467999999999999972	0.160314085694679503
0.474000000000000199	0.160028381353005345
0.479999999999999982	0.153174420590396904
0.48600000000000021	0.154161163299374626
0.491999999999999993	0.159398823388818334
0.49800000000000022	0.159539636776614424
0.504000000000000004	0.154924646860543302
0.510000000000000231	0.150243223370397111
0.516000000000000014	0.150245462098411164
0.522000000000000242	0.155936172935783296
0.528000000000000025	0.157560846204352262
0.534000000000000252	0.155630920820775398
0.540000000000000036	0.149585739359274661
0.546000000000000263	0.141601209920303728
0.552000000000000046	0.139147092586763915
0.558000000000000274	0.13939236554240414
0.564000000000000057	0.139916200465091206
0.570000000000000284	0.144428351721174575
0.576000000000000068	0.15039976763088489
0.582000000000000295	0.149067685612989359
0.588000000000000078	0.145106003635648406
0.593999999999999861	0.14128047501569227
0.600000000000000089	0.138933316661899675
0.605999999999999872	0.144638762406362753
0.612000000000000099	0.156355344919951955
0.617999999999999883	0.164248404095500816
0.62400000000000011	0.164931913634565497
0.629999999999999893	0.162692367364980522
0.636000000000000121	0.160183436916285477
0.641999999999999904	0.156108285103278427
0.648000000000000131	0.148857926380812605
0.653999999999999915	0.143075869589799093
0.660000000000000142	0.142099667985876671
0.665999999999999925	0.143449424663743136
0.672000000000000153	0.144586101534081579
0.677999999999999936	0.144109165714859877
0.684000000000000163	0.141417955180704158
0.689999999999999947	0.137722460880969816
0.696000000000000174	0.133364442974706565
0.701999999999999957	0.129484032861571591
0.708000000000000185	0.129954438075827988
0.713999999999999968	0.134669912587477042
0.720000000000000195	0.141010637720947879
0.725999999999999979	0.14685187123827223
0.732000000000000206	0.150105923232695559
0.737999999999999989	0.152045364738558342
0.744000000000000217	0.153899718083879034
0.75	0.154523078558387844
0.756000000000000227	0.153724520478713711
0.762000000000000011	0.152826521625320233
0.768000000000000238	0.152706589200944071
0.774000000000000021	0.153927554774707487
0.780000000000000249	0.156798110470117019
0.786000000000000032	0.160316029760861067
0.792000000000000259	0.164478545248992469
0.798000000000000043	0.168568030271673164
0.80400000000000027	0.170377801300893944
0.810000000000000053	0.170369011385501062
0.816000000000000281	0.170669316307660968
0.822000000000000064	0.171652428949182534
0.828000000000000291	0.17298571131483137
0.834000000000000075	0.174778624906678892
0.839999999999999858	0.17615639678750733
0.846000000000000085	0.176850363171507485
0.851999999999999869	0.177899458406687833
0.858000000000000096	0.178749762089799896
0.863999999999999879	0.178143759160117904
0.870000000000000107	0.177872622824298277
0.87599999999999989	0.180349543773682064
0.882000000000000117	0.184837188280689013
0.887999999999999901	0.188777736413024977
0.894000000000000128	0.189944291497619794
0.899999999999999911	0.189036652550103906
0.906000000000000139	0.188542006644491889
0.911999999999999922	0.189816048223298117
0.918000000000000149	0.191497481689368698
0.923999999999999932	0.191403864705095517
0.93000000000000016	0.190201189531533393
0.935999999999999943	0.189862010433088646
0.942000000000000171	0.189835050168034175
0.947999999999999954	0.187945414018843682
0.954000000000000181	0.183733111688738654
0.959999999999999964	0.1787418126669649
0.966000000000000192	0.174888332301860322
0.971999999999999975	0.173331899141761558
0.978000000000000203	0.173644506911608959
0.983999999999999986	0.174530047406955796
0.990000000000000213	0.175259732701002813
0.995999999999999996	0.17581985450694293
1.00199999999999978	0.176277900878728577
1.00800000000000001	0.17651392470454505
1.01400000000000023	0.176733624474677747
1.02000000000000046	0.177471166299352057
1.0259999999999998	0.179025584742701444
1.03200000000000003	0.181126196806665113
1.03800000000000026	0.183010263618370916
1.04400000000000048	0.183786347393220445
1.04999999999999982	0.183493356211050451
1.05600000000000005	0.183269623352970201
1.06200000000000028	0.184155994696848069
1.0680000000000005	0.18622746272272811
1.07399999999999984	0.188487606822364817
1.08000000000000007	0.189820711780476631
1.0860000000000003	0.189812007254069159
1.09200000000000053	0.189103441389008808
1.09799999999999986	0.188818387233216228
1.10400000000000009	0.189263493265628219
1.11000000000000032	0.189936568552118601
1.11599999999999966	0.190317923464387279
1.12199999999999989	0.190285711374588107
1.12800000000000011	0.190185399408256434
1.13400000000000034	0.190279148911818435
1.13999999999999968	0.190470214765226409
1.14599999999999991	0.190636375153643595
1.15200000000000014	0.190727488023039099
1.15800000000000036	0.190761891323475236
1.1639999999999997	0.191068887226229639
1.16999999999999993	0.192367433192414866
1.17600000000000016	0.195105551090375362
1.18200000000000038	0.198933146188882276
1.18799999999999972	0.202993598093859223
1.19399999999999995	0.206419020887676719
1.20000000000000018	0.208401848273017526
1.20600000000000041	0.208165863881218716
1.21199999999999974	0.205528638043849521
1.21799999999999997	0.201294727265112106
1.2240000000000002	0.196741738659104964
1.23000000000000043	0.192991508558428254
1.23599999999999977	0.190756045749484932
1.24199999999999999	0.190269540040645557
1.24800000000000022	0.19129160365691858
1.25400000000000045	0.193257258384394032
1.25999999999999979	0.19563490831230404
1.26600000000000001	0.198199555339739125
1.27200000000000024	0.200850418611426162
1.27800000000000047	0.203235324619312957
1.28399999999999981	0.204888933505531251
1.29000000000000004	0.205622605913601209
1.29600000000000026	0.205410203580906753
1.30200000000000049	0.204311373581655187
1.30799999999999983	0.202838993964215258
1.31400000000000006	0.201925881860265527
1.32000000000000028	0.202253441075975621
1.32600000000000051	0.203815364807822197
1.33199999999999985	0.20613299280936323
1.33800000000000008	0.208590911748389868
1.34400000000000031	0.210642812365790744
1.35000000000000053	0.212023302052066348
1.35599999999999987	0.212780828138059375
1.3620000000000001	0.21305013162323147
1.36800000000000033	0.212743690755339665
1.37399999999999967	0.211438469199301343
1.37999999999999989	0.208762325122789888
1.38600000000000012	0.20487232139049899
1.39200000000000035	0.200347557016292838
1.39799999999999969	0.195809660723458179
1.40399999999999991	0.191763893919985218
1.41000000000000014	0.188601782252843714
1.41600000000000037	0.186668769757079106
1.42199999999999971	0.186238486423215749
1.42799999999999994	0.187253750186672091
1.43400000000000016	0.18910666905051432
1.44000000000000039	0.190819257058276071
1.44599999999999973	0.191619111712526602
1.45199999999999996	0.191409613703077214
1.45800000000000018	0.190688581158113102
1.46400000000000041	0.190132926775355177
1.46999999999999975	0.190254713418135907
1.47599999999999998	0.191204708980850541
1.48200000000000021	0.19270987007177004
1.48800000000000043	0.194223027314402913
1.49399999999999977	0.195255475954380475
1.5	0.195667639840094887
1.50600000000000023	0.195696249696820423
1.51200000000000045	0.195708198123579313
1.51799999999999979	0.195915136940511908
1.52400000000000002	0.196300477065409734
1.53000000000000025	0.196757155780763499
1.53600000000000048	0.197212332124580864
1.54199999999999982	0.19762553623067991
1.54800000000000004	0.197942454094763798
1.55400000000000027	0.198104084176762729
1.5600000000000005	0.198142057191815657
1.56599999999999984	0.198239036943584135
1.57200000000000006	0.198612734679206537
1.57800000000000029	0.199312090964459898
1.58400000000000052	0.200113855751584413
1.58999999999999986	0.200597782690537046
1.59600000000000009	0.20035056653855321
1.60200000000000031	0.199152016851586539
1.60800000000000054	0.197060737604817432
1.61399999999999988	0.194409874429892382
1.62000000000000011	0.191696146218897162
1.62600000000000033	0.189390360067505259
1.63199999999999967	0.187768557144243203
1.6379999999999999	0.186846295971849569
1.64400000000000013	0.18644589170386261
1.65000000000000036	0.186331233901328053
1.65599999999999969	0.186288574333649093
1.66199999999999992	0.186095342512559742
1.66800000000000015	0.185464773253693621
1.67400000000000038	0.184111839110502523
1.67999999999999972	0.181935136690516669
1.68599999999999994	0.179134162793456064
1.69200000000000017	0.176142271227555991
1.6980000000000004	0.173454747841240375
1.70399999999999974	0.171476232037597737
1.70999999999999996	0.170415175594958446
1.71600000000000019	0.170235225778087279
1.72200000000000042	0.170702479528929918
1.72799999999999976	0.17150728735587828
1.73399999999999999	0.172376120234933983
1.74000000000000021	0.173120989277224385
1.74600000000000044	0.173629752323192554
1.75199999999999978	0.173828511639399358
1.75800000000000001	0.173663533142613319
1.76400000000000023	0.173131555965668954
1.77000000000000046	0.172326869688192746
1.7759999999999998	0.171436015947233622
1.78200000000000003	0.170650888538236289
1.78800000000000026	0.170047870241581245
1.79400000000000048	0.16951353909791253
1.79999999999999982	0.168771648025419246
1.80600000000000005	0.167502095513845373
1.81200000000000028	0.165488635589947169
1.8180000000000005	0.162725842000049914
1.82399999999999984	0.159428347972899037
1.83000000000000007	0.155932292368824554
1.8360000000000003	0.152558166114426491
1.84200000000000053	0.149522424668354026
1.84799999999999986	0.146929973667708574
1.85400000000000009	0.144820137741063559
1.86000000000000032	0.143206139998011656
1.86599999999999966	0.142067357379563552
1.87199999999999989	0.14132238562666341
1.87800000000000011	0.140838600602214481
1.88400000000000034	0.140479613741604031
1.88999999999999968	0.140148032706173681
1.89599999999999991	0.139800903900672263
1.90200000000000014	0.139440249688887852
1.90800000000000036	0.139084868945582307
1.9139999999999997	0.138739199718623196
1.91999999999999993	0.138378443804424878
1.92600000000000016	0.137949929469622257
1.93200000000000038	0.137381682818937784
1.93799999999999972	0.136602711028516788
1.94399999999999995	0.135574620168320809
1.95000000000000018	0.134313536263546751
1.95600000000000041	0.132889530866600492
1.96199999999999974	0.131410240365131048
1.96799999999999997	0.129992170173332644
1.9740000000000002	0.128722444014317539
1.98000000000000043	0.127629343921446953
1.98599999999999977	0.126681118191755676
1.99199999999999999	0.125809657270083752
1.99800000000000022	0.124937330641113883
2.00400000000000045	0.123993147523460426
2.00999999999999979	0.122922956327549307
2.01600000000000001	0.121701268027124054
2.02200000000000024	0.120341119100368057
2.02800000000000047	0.118891975657832591
2.03399999999999981	0.117422391507154777
2.04000000000000004	0.115995152229774356
2.04600000000000026	0.114644965540076749
2.05200000000000049	0.113365962251830016
2.05799999999999983	0.112116524834779671
2.06400000000000006	0.11084358306365065
2.07000000000000028	0.109514625815896674
2.07600000000000051	0.108138236611866459
2.08199999999999985	0.106759913432549883
2.08800000000000008	0.105435924990773089
2.09400000000000031	0.104203945642482934
2.10000000000000053	0.103068646556236751
2.10599999999999987	0.102004588101177282
2.1120000000000001	0.10096722609035319
2.11800000000000033	0.0999053713590848519
2.12399999999999967	0.0987756417752097271
2.12999999999999989	0.0975578957791952972
2.13600000000000012	0.0962625708785917467
2.14200000000000035	0.0949219037305061158
2.14799999999999969	0.0935709438375411789
2.15399999999999991	0.0922336872660839135
2.16000000000000014	0.090922016644962092
2.16600000000000037	0.089641671332670661
2.17199999999999971	0.0883965958719264699
2.17799999999999994	0.087190200300043097
2.18400000000000016	0.0860272090375189674
2.19000000000000039	0.0849172963675365322
2.19599999999999973	0.0838774072489418265
2.20199999999999996	0.0829301444037491842
2.20800000000000018	0.0820995119642908555
2.21400000000000041	0.0814066501454177444
2.21999999999999975	0.0808652716774614921
2.22599999999999998	0.0804750751530881603
2.23200000000000021	0.0802155352619264017
2.23800000000000043	0.0800463825528396067
2.24399999999999977	0.0799180957886449911
2.25	0.0797885175315799916
2.25600000000000023	0.0796370927731094025
2.26200000000000045	0.0794690563643566938
2.26799999999999979	0.0793072584578339151
2.27400000000000002	0.0791764762887212925
2.28000000000000025	0.0790893733264446952
2.28600000000000048	0.0790410195553633288
2.29199999999999982	0.079012004414870815
2.29800000000000004	0.0789752667858305835
2.30400000000000027	0.0789026044187254305
2.3100000000000005	0.0787701725749934689
2.31599999999999984	0.0785629364839111055
2.32200000000000006	0.0782759805874333747
2.32800000000000029	0.0779106451863441768
2.33400000000000052	0.0774675891299797248
2.33999999999999986	0.0769422097671661476
2.34600000000000009	0.0763257948863910324
2.35200000000000031	0.0756110642687650575
2.35800000000000054	0.0747986144589433133
2.36399999999999988	0.0739012433753353931
2.37000000000000011	0.0729440500493114402
2.37600000000000033	0.0719599043312263847
2.38199999999999967	0.0709821251978048212
2.3879999999999999	0.0700373517861685307
2.39400000000000013	0.0691413450853418654
2.40000000000000036	0.0682991471293841051
2.40599999999999969	0.0675088139178476876
2.41199999999999992	0.0667660041924191677
2.41800000000000015	0.0660666775930629502
2.42400000000000038	0.0654072324943949651
2.42999999999999972	0.0647835862714871424
2.43599999999999994	0.0641906387086954022
2.44200000000000017	0.0636219202178443244
2.4480000000000004	0.0630689708370544555
2.45399999999999974	0.0625216223357820955
2.45999999999999996	0.0619708052078288552
2.46600000000000019	0.0614129550947613082
2.47200000000000042	0.0608523539846140063
2.47799999999999976	0.0602987793837090821
2.48399999999999999	0.0597619870477777287
2.49000000000000021	0.0592470176945010113
2.49600000000000044	0.0587527255726356806
2.50199999999999978	0.0582730260324292246
2.50800000000000001	0.0577992754073654927
2.51400000000000023	0.057322695526333442
2.52000000000000046	0.0568362600462363615
2.5259999999999998	0.0563356792463819353
2.53200000000000003	0.0558194876814301841
2.53800000000000026	0.0552886123240016111
2.54400000000000048	0.0547458438942256334
2.54999999999999982	0.0541955197120502358
2.55600000000000005	0.05364362516530468
2.56200000000000028	0.0530982036645424801
2.5680000000000005	0.052569499957475202
2.57399999999999984	0.0520691705237025793
2.58000000000000007	0.0516082489394328256
2.5860000000000003	0.0511940772528340707
2.59200000000000053	0.0508271904993816484
2.59799999999999986	0.0504999268849219973
2.60400000000000009	0.0501982433755970292
2.61000000000000032	0.0499063831106929603
2.61600000000000055	0.0496120197606456578
2.62199999999999989	0.0493091732259643006
2.62800000000000011	0.0489978268595179095
2.63400000000000034	0.048681228703733509
2.63999999999999968	0.0483627345230516689
2.64599999999999991	0.0480435663351109488
2.65200000000000014	0.0477219116565863813
2.65800000000000036	0.0473931674737400055
2.6639999999999997	0.0470509732984010637
2.66999999999999993	0.0466887309932926889
2.67600000000000016	0.0463013265298113236
2.68200000000000038	0.0458866604386104215
2.68799999999999972	0.0454465089154023408
2.69399999999999995	0.044986418029769222
2.70000000000000018	0.0445147394649508185
2.70600000000000041	0.0440412156181315406
2.71199999999999974	0.0435755233286575089
2.71799999999999997	0.0431260384518113923
2.7240000000000002	0.0426990134270464616
2.73000000000000043	0.0422983659212377155
2.73599999999999977	0.0419261570911408088
2.74199999999999999	0.0415834997983330623
2.74800000000000022	0.0412713080005747621
2.75400000000000045	0.0409903449740008433
2.75999999999999979	0.0407405386126169916
2.76600000000000001	0.0405201295651378066
2.77200000000000024	0.0403253645172376649
2.77800000000000047	0.0401509803704055701
2.78399999999999981	0.0399910609503588699
2.79000000000000004	0.0398395922903478153
2.79600000000000026	0.0396903934660161051
2.80200000000000049	0.0395366906629297035
2.80799999999999983	0.0393709303182979212
2.81400000000000006	0.0391853026489576081
2.82000000000000028	0.0389730167093278526
2.82600000000000051	0.0387299020538667133
2.83199999999999985	0.0384556451830019436
2.83800000000000008	0.0381540441245286285
2.84400000000000031	0.0378320878509366826
2.85000000000000053	0.0374982316095499035
2.85599999999999987	0.0371605859957741327
2.8620000000000001	0.0368256716784497798
2.86800000000000033	0.036498065481749678
2.87400000000000055	0.0361809240804967999
2.87999999999999989	0.0358770922119669433
2.88600000000000012	0.0355902829244280558
2.89200000000000035	0.0353257461114051888
2.89799999999999969	0.0350900129306938174
2.90399999999999991	0.0348896794288301448
2.91000000000000014	0.0347296042298103833
2.91600000000000037	0.0346111439234209478
2.92199999999999971	0.0345310331266411794
2.92799999999999994	0.0344812873832436168
2.93400000000000016	0.0344501883571302556
2.94000000000000039	0.0344240843720117554
2.94599999999999973	0.0343894827816156531
2.95199999999999996	0.0343348568003975854
2.95800000000000018	0.0342518075790452584
2.96400000000000041	0.0341355629165879318
2.96999999999999975	0.0339849966059098951
2.97599999999999998	0.0338023265636085146
2.98200000000000021	0.0335925467430017929
2.98800000000000043	0.0333626432852645663
2.99399999999999977	0.0331207383917451609
3	0.0328753528862731764
