-3	0.0300523908905166275
-2.99400000000000022	0.0302368201956338019
-2.98799999999999999	0.03043819689455661
-2.98200000000000021	0.0306546179866027807
-2.97599999999999998	0.0308830562902712158
-2.9700000000000002	0.0311202169050309695
-2.96399999999999997	0.0313632100874407377
-2.95800000000000018	0.0316097722709350326
-2.95199999999999996	0.0318580309948400808
-2.94600000000000017	0.0321060639142805165
-2.93999999999999995	0.0323515722769094349
-2.93400000000000016	0.0325918497525032255
-2.92799999999999994	0.0328240110642758764
-2.92200000000000015	0.0330453203532388232
-2.91599999999999993	0.0332534973023895508
-2.91000000000000014	0.0334470079192073361
-2.90399999999999991	0.0336254200236457412
-2.89800000000000013	0.0337898268749023123
-2.8919999999999999	0.0339431655433321475
-2.88600000000000012	0.034090144806780194
-2.87999999999999989	0.034236589984122795
-2.87400000000000011	0.0343882900644940925
-2.86799999999999988	0.0345497231663408275
-2.8620000000000001	0.0347231505780336777
-2.85599999999999987	0.0349084395208922732
-2.85000000000000009	0.035103679670032209
-2.84399999999999986	0.0353063442559486892
-2.83800000000000008	0.0355145377157558145
-2.83199999999999985	0.0357278479845218391
-2.82600000000000007	0.0359475139688739329
-2.81999999999999984	0.0361759602827919774
-2.81400000000000006	0.0364160527560815975
-2.80799999999999983	0.03667049215919118
-2.80200000000000005	0.036941553035052116
-2.79599999999999982	0.0372310604178593962
-2.79000000000000004	0.0375403305912273971
-2.78399999999999981	0.0378698987996712796
-2.77800000000000002	0.0382190926479820461
-2.7719999999999998	0.0385856633441965802
-2.76600000000000001	0.0389656762961736527
-2.75999999999999979	0.0393537783262148458
-2.754	0.0397438668177567955
-2.74800000000000022	0.0401300407278524784
-2.74199999999999999	0.0405075441068795186
-2.73599999999999977	0.0408733961085306768
-2.72999999999999998	0.0412265908461454944
-2.7240000000000002	0.0415679590293892079
-2.71799999999999997	0.0418998805349370118
-2.71199999999999974	0.0422260797538020968
-2.70599999999999996	0.0425516965018340049
-2.70000000000000018	0.0428835565178408776
-2.69399999999999995	0.0432301730910090373
-2.68800000000000017	0.0436009167527037153
-2.68199999999999994	0.0440042250624587267
-2.67600000000000016	0.0444453778220187737
-2.66999999999999993	0.0449246915603890642
-2.66400000000000015	0.0454367810374476239
-2.65799999999999992	0.0459710779232141431
-2.65200000000000014	0.0465134893821717299
-2.64599999999999991	0.0470489624527196254
-2.64000000000000012	0.0475644941191688264
-2.6339999999999999	0.0480517463870354863
-2.62800000000000011	0.048508388886401986
-2.62199999999999989	0.0489379265308816785
-2.6160000000000001	0.0493485135924145446
-2.60999999999999988	0.0497513295775386805
-2.60400000000000009	0.05015864417238209
-2.59799999999999986	0.0505815253273093138
-2.59200000000000008	0.0510275349839661579
-2.58599999999999985	0.0514991926960715468
-2.58000000000000007	0.0519938343848208792
-2.57399999999999984	0.0525047199818291718
-2.56800000000000006	0.0530224866429104338
-2.56199999999999983	0.0535360115858775007
-2.55600000000000005	0.0540325653296987243
-2.54999999999999982	0.0544981858871703695
-2.54400000000000004	0.0549195172151799929
-2.53799999999999981	0.055287337463579514
-2.53200000000000003	0.055600206266081996
-2.5259999999999998	0.0558657542551213998
-2.52000000000000002	0.0560983265809615259
-2.51400000000000023	0.0563141263959245006
-2.50800000000000001	0.0565265989172900191
-2.50199999999999978	0.0567443860449261817
-2.496	0.0569722522503288073
-2.49000000000000021	0.0572134271880272716
-2.48399999999999999	0.0574713205346412959
-2.47799999999999976	0.0577497430341958121
-2.47199999999999998	0.0580522145468660156
-2.46600000000000019	0.058381310437078629
-2.45999999999999996	0.0587384403523949772
-2.45399999999999974	0.0591239143062555275
-2.44799999999999995	0.0595371109036377799
-2.44200000000000017	0.0599767764304391937
-2.43599999999999994	0.0604414698812598614
-2.42999999999999972	0.0609299591043782687
-2.42399999999999993	0.0614415270090719542
-2.41800000000000015	0.0619766238061560462
-2.41199999999999992	0.0625381262780879965
-2.40600000000000014	0.0631323001314887527
-2.39999999999999991	0.0637678190238872844
-2.39400000000000013	0.0644523331746617162
-2.3879999999999999	0.0651881873488520391
-2.38200000000000012	0.0659696817897511001
-2.37599999999999989	0.0667831789520217517
-2.37000000000000011	0.0676097338708477741
-2.36399999999999988	0.0684288826038493975
-2.3580000000000001	0.0692219672496164201
-2.35199999999999987	0.0699739387744702651
-2.34600000000000009	0.0706737747070965983
-2.33999999999999986	0.0713146771728668388
-2.33400000000000007	0.0718952430297231382
-2.32799999999999985	0.0724216395574832639
-2.32200000000000006	0.0729091060226298437
-2.31599999999999984	0.07338047354717743
-2.31000000000000005	0.0738612075519398392
-2.30399999999999983	0.07437326937088444
-2.29800000000000004	0.0749308103394037556
-2.29199999999999982	0.075538953033518208
-2.28600000000000003	0.0761951737250324557
-2.28000000000000025	0.0768926308580004658
-2.27400000000000002	0.0776247853034615631
-2.26799999999999979	0.078389261070748853
-2.26200000000000001	0.0791880565308600293
-2.25600000000000023	0.0800239185256900881
-2.25	0.080896861915096499
-2.24399999999999977	0.0818045691441230266
-2.23799999999999999	0.0827451205947464657
-2.23200000000000021	0.0837173368102180904
-2.22599999999999998	0.084717666807821515
-2.21999999999999975	0.085738246788536851
-2.21399999999999997	0.0867709616870108447
-2.20800000000000018	0.0878162013374378658
-2.20199999999999996	0.0888890494138369902
-2.19599999999999973	0.0900166045690358463
-2.18999999999999995	0.0912273439301003325
-2.18400000000000016	0.0925393841747330775
-2.17799999999999994	0.0939537079400763475
-2.17199999999999971	0.0954538548307990731
-2.16599999999999993	0.0970108908306518691
-2.16000000000000014	0.098591368616325295
-2.15399999999999991	0.100164038009283807
-2.14800000000000013	0.101700943981178613
-2.1419999999999999	0.103172899452971159
-2.13600000000000012	0.104544350997719179
-2.12999999999999989	0.105773222520828547
-2.12400000000000011	0.106817480187167302
-2.11799999999999988	0.107646448146197976
-2.1120000000000001	0.108253375426154222
-2.10599999999999987	0.108663051222468388
-2.10000000000000009	0.108926700972215212
-2.09399999999999986	0.109104358542490884
-2.08800000000000008	0.109246920899615546
-2.08199999999999985	0.109390481458321198
-2.07600000000000007	0.109562599629863047
-2.06999999999999984	0.109788444086140732
-2.06400000000000006	0.110087967568849421
-2.05799999999999983	0.110468963842408868
-2.05200000000000005	0.110926804202476942
-2.04599999999999982	0.111453934115207445
-2.04000000000000004	0.112053007306201532
-2.03399999999999981	0.112744874913906029
-2.02800000000000002	0.113564812368477819
-2.02200000000000024	0.114547172981837586
-2.01600000000000001	0.115706402588134333
-2.00999999999999979	0.117022870220353375
-2.004	0.11843676199694407
-1.998	0.119853102619108906
-1.99199999999999999	0.121164009140114617
-1.98599999999999999	0.122284827575796284
-1.97999999999999998	0.123184673952686799
-1.97399999999999998	0.123894628683381192
-1.96799999999999997	0.124495954030946612
-1.96199999999999997	0.125098808084070978
-1.95599999999999996	0.125816136387100264
-1.94999999999999996	0.126735618825295604
-1.94399999999999995	0.12789584287553582
-1.93799999999999994	0.129274204411296251
-1.93199999999999994	0.130795803229592972
-1.92599999999999993	0.132368028469108473
-1.91999999999999993	0.133923596624564017
-1.91399999999999992	0.135438065028008842
-1.90799999999999992	0.13691066158702439
-1.90199999999999991	0.138335904319596192
-1.89599999999999991	0.139693599767683946
-1.8899999999999999	0.140957100553154219
-1.8839999999999999	0.142106451422488039
-1.87799999999999989	0.143135024816152812
-1.87199999999999989	0.144050267901409346
-1.86599999999999988	0.144883746461084484
-1.85999999999999988	0.145712419844058971
-1.85399999999999987	0.146663487447260071
-1.84799999999999986	0.147884099861124219
-1.84200000000000008	0.149495422552096663
-1.83600000000000008	0.151557225135691365
-1.83000000000000007	0.154047075840747089
-1.82400000000000007	0.156853236249866246
-1.81800000000000006	0.159789837215410235
-1.81200000000000006	0.162633795978036011
-1.80600000000000005	0.165164991811537931
-1.80000000000000004	0.167199921672676749
-1.79400000000000004	0.168629274518621863
-1.78800000000000003	0.169457638533340449
-1.78200000000000003	0.169815124081338614
-1.77600000000000002	0.169918467165039444
-1.77000000000000002	0.169992424324991731
-1.76400000000000001	0.170183858345684419
-1.75800000000000001	0.17051639096210397
-1.752	0.170920848906782663
-1.746	0.171311341017828883
-1.73999999999999999	0.171637610652247724
-1.73399999999999999	0.171889303729504589
-1.72799999999999998	0.172077169143652231
-1.72199999999999998	0.172221214509226339
-1.71599999999999997	0.172357699870673425
-1.70999999999999996	0.172545305783982528
-1.70399999999999996	0.172850971707709883
-1.69799999999999995	0.173338843021417582
-1.69199999999999995	0.174090339779026354
-1.68599999999999994	0.175229333001755805
-1.67999999999999994	0.176901066671255713
-1.67399999999999993	0.179183875287661193
-1.66799999999999993	0.181972174832185668
-1.66199999999999992	0.184927025522060612
-1.65599999999999992	0.187572461640856725
-1.64999999999999991	0.18950350048943132
-1.64399999999999991	0.19058297071898378
-1.6379999999999999	0.191019207280825498
-1.6319999999999999	0.191273355758043717
-1.62599999999999989	0.19182296179293945
-1.61999999999999988	0.192915539800805169
-1.61399999999999988	0.194465683113354687
-1.60799999999999987	0.19614264863363623
-1.60199999999999987	0.197568689177088225
-1.59599999999999986	0.198492298766263925
-1.59000000000000008	0.198846307002711636
-1.58400000000000007	0.198709718342999386
-1.57800000000000007	0.198237236503027409
-1.57200000000000006	0.197605435980013289
-1.56600000000000006	0.197009094623924047
-1.56000000000000005	0.196678918215578591
-1.55400000000000005	0.196861134180382119
-1.54800000000000004	0.197768162432313266
-1.54200000000000004	0.19950521561516385
-1.53600000000000003	0.20195481944497698
-1.53000000000000003	0.204736835953268137
-1.52400000000000002	0.207369163494636161
-1.51800000000000002	0.209504245912851689
-1.51200000000000001	0.211026728673525538
-1.50600000000000001	0.212015201406938997
-1.5	0.212663905058102759
-1.49399999999999999	0.213163550570998339
-1.48799999999999999	0.213606706165523463
-1.48199999999999998	0.214018479562270214
-1.47599999999999998	0.214413646068970232
-1.46999999999999997	0.214825454856453463
-1.46399999999999997	0.215447758563313746
-1.45799999999999996	0.216696981394914057
-1.45199999999999996	0.218920015754244662
-1.44599999999999995	0.222069709918816111
-1.43999999999999995	0.225761050729416796
-1.43399999999999994	0.229565910929203948
-1.42799999999999994	0.233161619228492517
-1.42199999999999993	0.236276513928457776
-1.41599999999999993	0.238601387647288776
-1.40999999999999992	0.239837778434419141
-1.40399999999999991	0.239917965904724556
-1.39799999999999991	0.239115906171474546
-1.3919999999999999	0.237918785412089995
-1.3859999999999999	0.236864873040079388
-1.37999999999999989	0.236437536410938287
-1.37399999999999989	0.236978801184477478
-1.36799999999999988	0.238606574631019475
-1.36199999999999988	0.241083084055678964
-1.35599999999999987	0.243737206638130255
-1.34999999999999987	0.245700069584139869
-1.34399999999999986	0.246401772001773767
-1.33799999999999986	0.245905675978747795
-1.33200000000000007	0.244854994849696278
-1.32600000000000007	0.244083527998378624
-1.32000000000000006	0.244116962735965781
-1.31400000000000006	0.245000815704486619
-1.30800000000000005	0.246373924068558875
-1.30200000000000005	0.247509827074892219
-1.29600000000000004	0.247684215754617187
-1.29000000000000004	0.246734843922837233
-1.28400000000000003	0.245038694807057367
-1.27800000000000002	0.243064636812778734
-1.27200000000000002	0.240996890567990341
-1.26600000000000001	0.238656402453005761
-1.26000000000000001	0.235989061338073569
-1.254	0.2334618472746878
-1.248	0.231558365130705129
-1.24199999999999999	0.230204509929474027
-1.23599999999999999	0.228927627172378356
-1.22999999999999998	0.227414603791294162
-1.22399999999999998	0.225829837362100661
-1.21799999999999997	0.224460172254108664
-1.21199999999999997	0.223264839725555025
-1.20599999999999996	0.222119960813718237
-1.19999999999999996	0.22141847256881303
-1.19399999999999995	0.222005267276064511
-1.18799999999999994	0.224349937865932464
-1.18199999999999994	0.228076557871967817
-1.17599999999999993	0.232398255676526333
-1.16999999999999993	0.236837437001897577
-1.16399999999999992	0.241289061965300422
-1.15799999999999992	0.245461461862117147
-1.15199999999999991	0.248675888029431025
-1.14599999999999991	0.250240330271630118
-1.1399999999999999	0.249967714798541019
-1.1339999999999999	0.248323540413679517
-1.12799999999999989	0.245895948693972133
-1.12199999999999989	0.242981802442994194
-1.11599999999999988	0.239476367773748644
-1.10999999999999988	0.23521110502516146
-1.10399999999999987	0.23067205375791569
-1.09799999999999986	0.226621242928723654
-1.09199999999999986	0.223253292731781516
-1.08599999999999985	0.22046502281602548
-1.08000000000000007	0.218463461917775131
-1.07400000000000007	0.217479576683313275
-1.06800000000000006	0.217350656311359303
-1.06200000000000006	0.217365625652457067
-1.05600000000000005	0.216553540840446784
-1.05000000000000004	0.214874480626145448
-1.04400000000000004	0.213249037034465933
-1.03800000000000003	0.212136621818815346
-1.03200000000000003	0.211564095415642195
-1.02600000000000002	0.211838850180104121
-1.02000000000000002	0.213019905387552333
-1.01400000000000001	0.21431612239164316
-1.00800000000000001	0.215163407189290889
-1.002	0.216429124587987798
-0.995999999999999996	0.219049353319229062
-0.989999999999999769	0.222436203491570866
-0.983999999999999986	0.225509907290830286
-0.977999999999999758	0.228237154720844077
-0.971999999999999975	0.230193639151050261
-0.965999999999999748	0.229995532536820702
-0.959999999999999964	0.227489225142204571
-0.953999999999999737	0.224051986718399626
-0.947999999999999954	0.220780631853012665
-0.942000000000000171	0.218126098191043533
-0.935999999999999943	0.215720597510035472
-0.93000000000000016	0.212715801373945496
-0.923999999999999932	0.208848009582290051
-0.918000000000000149	0.2041927608997606
-0.911999999999999922	0.199022467852790125
-0.906000000000000139	0.193853391296820138
-0.899999999999999911	0.189427502694965777
-0.894000000000000128	0.186964771863189133
-0.887999999999999901	0.187129766219870514
-0.882000000000000117	0.189450298459342525
-0.87599999999999989	0.193429068010735811
-0.870000000000000107	0.198703152901958668
-0.863999999999999879	0.203744123314063413
-0.858000000000000096	0.206106366071088121
-0.851999999999999869	0.205643735365215241
-0.846000000000000085	0.203519706752546908
-0.839999999999999858	0.200138861812478752
-0.834000000000000075	0.19611575454882943
-0.827999999999999847	0.192401846690840983
-0.822000000000000064	0.189324379827609135
-0.815999999999999837	0.18624485338507582
-0.810000000000000053	0.182800941243820625
-0.803999999999999826	0.179842760633049908
-0.798000000000000043	0.178753498785190812
-0.791999999999999815	0.17969713649210417
-0.786000000000000032	0.181623284611678537
-0.779999999999999805	0.182921782574365283
-0.774000000000000021	0.182498152759505594
-0.767999999999999794	0.180031549335183727
-0.762000000000000011	0.176815161502376222
-0.755999999999999783	0.174616006246976679
-0.75	0.173982817660051442
-0.743999999999999773	0.174581463349356092
-0.737999999999999989	0.17529996733437242
-0.731999999999999762	0.175895494594564605
-0.725999999999999979	0.176460904253910811
-0.719999999999999751	0.175016377492851344
-0.713999999999999968	0.1715710088340624
-0.707999999999999741	0.168841721234537973
-0.701999999999999957	0.168360386215169938
-0.69599999999999973	0.170771784224843015
-0.689999999999999947	0.17365881415991602
-0.684000000000000163	0.175515811815915274
-0.677999999999999936	0.176226490033673966
-0.672000000000000153	0.174701494459729101
-0.665999999999999925	0.172726866116683225
-0.660000000000000142	0.172666585196382449
-0.653999999999999915	0.172446974248191387
-0.648000000000000131	0.170120199835168157
-0.641999999999999904	0.166742594774015651
-0.636000000000000121	0.165384675207093879
-0.629999999999999893	0.167547947701299049
-0.62400000000000011	0.168776097125591468
-0.617999999999999883	0.166412229079229701
-0.612000000000000099	0.164028887302758192
-0.605999999999999872	0.165540128866906888
-0.600000000000000089	0.168621891182590355
-0.593999999999999861	0.167735633855764038
-0.588000000000000078	0.160959354136340632
-0.581999999999999851	0.155064460484062167
-0.576000000000000068	0.152286355468971929
-0.56999999999999984	0.153424181429148626
-0.564000000000000057	0.158291404318229995
-0.557999999999999829	0.160865408474378385
-0.552000000000000046	0.160576286448079752
-0.545999999999999819	0.160291675881536949
-0.540000000000000036	0.159105937973737233
-0.533999999999999808	0.157045799008145193
-0.528000000000000025	0.156073537964521059
-0.521999999999999797	0.160368588738380502
-0.516000000000000014	0.164811550328656076
-0.509999999999999787	0.164740897349317378
-0.504000000000000004	0.162374990833228677
-0.497999999999999776	0.155548471653368992
-0.491999999999999993	0.144292231730708431
-0.485999999999999766	0.140445374319708077
-0.479999999999999982	0.143878519414536749
-0.473999999999999755	0.148745349393542337
-0.467999999999999972	0.151604494615941415
-0.461999999999999744	0.150257530721101179
-0.455999999999999961	0.148190343157258292
-0.449999999999999734	0.150887783232490136
-0.44399999999999995	0.15780068086559812
-0.438000000000000167	0.164503766226628045
-0.43199999999999994	0.168388712157827997
-0.426000000000000156	0.16553265537772674
-0.419999999999999929	0.160026075397154188
-0.414000000000000146	0.157203572050772483
-0.407999999999999918	0.161805303640038339
-0.402000000000000135	0.166338742637345105
-0.395999999999999908	0.167784785499646566
-0.390000000000000124	0.165233329805767964
-0.383999999999999897	0.16484128175380483
-0.378000000000000114	0.167408039489022803
-0.371999999999999886	0.170201446212120855
-0.366000000000000103	0.176296543809096956
-0.359999999999999876	0.177480704319871313
-0.354000000000000092	0.173999779228789647
-0.347999999999999865	0.157945645281341057
-0.342000000000000082	0.164610670771233175
-0.335999999999999854	0.167994022959570916
-0.330000000000000071	0.159878313440639408
-0.323999999999999844	0.155841156933224839
-0.31800000000000006	0.143022921206120784
-0.311999999999999833	0.136156541051550978
-0.30600000000000005	0.128262558380845992
-0.299999999999999822	0.118931489601058024
-0.294000000000000039	0.115907112035251045
-0.287999999999999812	0.124138037635538545
-0.282000000000000028	0.126958101621797881
-0.275999999999999801	0.113178134519126714
-0.270000000000000018	0.117149566922438511
-0.26399999999999979	0.12062021276164718
-0.258000000000000007	0.136531384345317863
-0.25199999999999978	0.14335285509957521
-0.245999999999999996	0.147686000762449476
-0.239999999999999769	0.160532759806101044
-0.233999999999999986	0.175504723490904624
-0.227999999999999758	0.175717788206807307
-0.221999999999999975	0.155027522725105865
-0.215999999999999748	0.143571016387623845
-0.209999999999999964	0.151054077224681754
-0.203999999999999737	0.151210335469064566
-0.197999999999999954	0.156862189086955428
-0.191999999999999726	0.14363404904047794
-0.185999999999999943	0.139057930210012032
-0.18000000000000016	0.161973537153905223
-0.173999999999999932	0.164255427133969067
-0.168000000000000149	0.185463228416066439
-0.161999999999999922	0.185246422080792422
-0.156000000000000139	0.16446019789241223
-0.149999999999999911	0.1725559299466215
-0.144000000000000128	0.184898251273308806
-0.137999999999999901	0.162926611232998952
-0.132000000000000117	0.150246913251942726
-0.12599999999999989	0.186940824723268728
-0.120000000000000107	0.187605028956843001
-0.113999999999999879	0.172132509610092244
-0.108000000000000096	0.196021120016767247
-0.101999999999999869	0.196611058218739865
-0.0960000000000000853	0.189090630164955836
-0.0899999999999998579	0.15663889758779298
-0.0840000000000000746	0.163089072539770175
-0.0779999999999998472	0.215424830858121447
-0.0720000000000000639	0.21882631116537668
-0.0659999999999998366	0.218929154512169988
-0.0600000000000000533	0.253814384874154031
-0.0539999999999998259	0.256565648401812507
-0.0480000000000000426	0.336317748167321573
-0.0419999999999998153	0.305376993202175984
-0.036000000000000032	0.327326838354990157
-0.0299999999999998046	0.411200182383793633
-0.0240000000000000213	0.383054008025433101
-0.0179999999999997939	0.532767806181179249
-0.0120000000000000107	0.554839017838663628
-0.00599999999999978328	0.570853263349078599
0	0.570100638226695988
0.00600000000000022737	0.522091823183344017
0.0120000000000000107	0.53457607056212153
0.018000000000000238	0.434255833701059912
0.0240000000000000213	0.487470198343629313
0.0300000000000002487	0.382504033171124747
0.036000000000000032	0.394299428554485798
0.0420000000000002593	0.385960302192870586
0.0480000000000000426	0.287618808008425209
0.05400000000000027	0.276622748726518264
0.0600000000000000533	0.236021933321879762
0.0660000000000002807	0.219765327032456215
0.0720000000000000639	0.199114064019188769
0.0779999999999998472	0.204359496471554825
0.0840000000000000746	0.174078627409634562
0.0899999999999998579	0.177604555129352387
0.0960000000000000853	0.151657853884968608
0.101999999999999869	0.198810809570673042
0.108000000000000096	0.145386709783373314
0.113999999999999879	0.189546988866163502
0.120000000000000107	0.191813859407207798
0.12599999999999989	0.189118742283668956
0.132000000000000117	0.181971653585130622
0.137999999999999901	0.184310563157232876
0.144000000000000128	0.189651515197836879
0.149999999999999911	0.194752893802232402
0.156000000000000139	0.16218221095999838
0.161999999999999922	0.160463874075995161
0.168000000000000149	0.172578714347005779
0.173999999999999932	0.152970668585570402
0.18000000000000016	0.145283429709165746
0.185999999999999943	0.125013840073552485
0.192000000000000171	0.137032737378898345
0.197999999999999954	0.135712440686051233
0.204000000000000181	0.135613586511336259
0.209999999999999964	0.135980000484716368
0.216000000000000192	0.157706202410740487
0.221999999999999975	0.153093845500258979
0.228000000000000203	0.161407131129564646
0.233999999999999986	0.168968636846990067
0.240000000000000213	0.150758308580770578
0.245999999999999996	0.151435463861261332
0.252000000000000224	0.151825302266097362
0.258000000000000007	0.161409938660148106
0.264000000000000234	0.157672045238797243
0.270000000000000018	0.155144458157059462
0.276000000000000245	0.134692923586103852
0.282000000000000028	0.131066577602344636
0.288000000000000256	0.130574174995029157
0.294000000000000039	0.140058759468371707
0.300000000000000266	0.143004342414894625
0.30600000000000005	0.149454228253471405
0.312000000000000277	0.150381477869294483
0.31800000000000006	0.153056261740825456
0.324000000000000288	0.171441647483369985
0.330000000000000071	0.173991623059290446
0.335999999999999854	0.1698696797221671
0.342000000000000082	0.171018835291934013
0.347999999999999865	0.166276270029860146
0.354000000000000092	0.154536750391595257
0.359999999999999876	0.139688725373029676
0.366000000000000103	0.140506196401235905
0.371999999999999886	0.14941509769845851
0.378000000000000114	0.158651762695716181
0.383999999999999897	0.162338236343337994
0.390000000000000124	0.160788403992770584
0.395999999999999908	0.146751857560570048
0.402000000000000135	0.133792857204770993
0.407999999999999918	0.135280720964815721
0.414000000000000146	0.146739818059523741
0.419999999999999929	0.159012359818277105
0.426000000000000156	0.16049033103286417
0.43199999999999994	0.157253355841982079
0.438000000000000167	0.152144045285777602
0.44399999999999995	0.145247935471370188
0.450000000000000178	0.145089240879416936
0.455999999999999961	0.150635077910918791
0.462000000000000188	0.153585748581296977
0.467999999999999972	0.153755947213639055
0.474000000000000199	0.153223498174437117
0.479999999999999982	0.149509892035628367
0.48600000000000021	0.15041525011235915
0.491999999999999993	0.151021568156774366
0.49800000000000022	0.150757302974709212
0.504000000000000004	0.152709407592856533
0.510000000000000231	0.154083996439656229
0.516000000000000014	0.155336197065539805
0.522000000000000242	0.154695741676680015
0.528000000000000025	0.150387549046996361
0.534000000000000252	0.14907379882381383
0.540000000000000036	0.149149716147097766
0.546000000000000263	0.150603903471267148
0.552000000000000046	0.152139106397524676
0.558000000000000274	0.152430483905347663
0.564000000000000057	0.152269109981940154
0.570000000000000284	0.150495592150238361
0.576000000000000068	0.146991531835459655
0.582000000000000295	0.146450091387773595
0.588000000000000078	0.14881550307977881
0.593999999999999861	0.151227405173340018
0.600000000000000089	0.153854615159916053
0.605999999999999872	0.158564420828331637
0.612000000000000099	0.163755269452908137
0.617999999999999883	0.163495780869376217
0.62400000000000011	0.158753451010055696
0.629999999999999893	0.15625169039144654
0.636000000000000121	0.156640667790065524
0.641999999999999904	0.158853920454705033
0.648000000000000131	0.162539495169723824
0.653999999999999915	0.166922861927335908
0.660000000000000142	0.169740512712732106
0.665999999999999925	0.169704494316963023
0.672000000000000153	0.16964262751963341
0.677999999999999936	0.171787851377295547
0.684000000000000163	0.17447497542285903
0.689999999999999947	0.17653527627743007
0.696000000000000174	0.178126740486760082
0.701999999999999957	0.178901564473855912
0.708000000000000185	0.178163190412537253
0.713999999999999968	0.176931204865583502
0.720000000000000195	0.175896721169861603
0.725999999999999979	0.176431262447032083
0.732000000000000206	0.178648089030915308
0.737999999999999989	0.180583699672684783
0.744000000000000217	0.181898756871083256
0.75	0.183774256168716399
0.756000000000000227	0.185308520357942708
0.762000000000000011	0.184899660538314137
0.768000000000000238	0.183060272323873258
0.774000000000000021	0.181681056276872116
0.780000000000000249	0.1811382654003382
0.786000000000000032	0.181755467688098055
0.792000000000000259	0.183034621587809504
0.798000000000000043	0.184253911495723538
0.80400000000000027	0.18597134159016443
0.810000000000000053	0.189040202078748276
0.816000000000000281	0.192665187465878879
0.822000000000000064	0.194980206321179961
0.828000000000000291	0.195056779123455565
0.834000000000000075	0.193796152340847266
0.839999999999999858	0.191632384861225635
0.846000000000000085	0.18863175072870414
0.851999999999999869	0.185494748545455695
0.858000000000000096	0.183652798633338665
0.863999999999999879	0.185105005435317577
0.870000000000000107	0.190522609051574227
0.87599999999999989	0.197511869443924015
0.882000000000000117	0.202366816553753437
0.887999999999999901	0.203932194583272358
0.894000000000000128	0.203953229242337997
0.899999999999999911	0.204369854769710535
0.906000000000000139	0.206112650176061812
0.911999999999999922	0.20879142881436652
0.918000000000000149	0.211133741939197345
0.923999999999999932	0.212302459339150235
0.93000000000000016	0.212451710335722632
0.935999999999999943	0.212644207666878193
0.942000000000000171	0.212856511521977876
0.947999999999999954	0.212098763501197968
0.954000000000000181	0.210481442812982117
0.959999999999999964	0.208818370115703977
0.966000000000000192	0.207309511900109877
0.971999999999999975	0.205653327396202373
0.978000000000000203	0.204018192391407754
0.983999999999999986	0.202846821864525823
0.990000000000000213	0.202560913613394178
0.995999999999999996	0.20363350895290544
1.00199999999999978	0.2063199784921603
1.00800000000000001	0.21054139775890171
1.01400000000000023	0.215765460824490385
1.02000000000000046	0.221142420049705579
1.0259999999999998	0.225962085639405591
1.03200000000000003	0.230031892296890417
1.03800000000000026	0.233422381049786659
1.04400000000000048	0.236074537037158722
1.04999999999999982	0.237042870500368402
1.05600000000000005	0.235550282889327001
1.06200000000000028	0.232975710855299334
1.0680000000000005	0.23157987182266479
1.07399999999999984	0.232191115832980105
1.08000000000000007	0.234139183276679208
1.0860000000000003	0.236435726257982565
1.09200000000000053	0.238656405238883124
1.09799999999999986	0.241082918193383289
1.10400000000000009	0.243695736875291946
1.11000000000000032	0.245617543382259745
1.11599999999999966	0.245853327950644629
1.12199999999999989	0.244309524109436293
1.12800000000000011	0.241918368282097007
1.13400000000000034	0.23975929851398553
1.13999999999999968	0.238646907937594022
1.14599999999999991	0.239027797701527683
1.15200000000000014	0.24047613214883698
1.15800000000000036	0.241574480772523775
1.1639999999999997	0.240915992538423301
1.16999999999999993	0.238436696209950977
1.17600000000000016	0.235239200879159643
1.18200000000000038	0.232409990852566722
1.18799999999999972	0.230262625399972193
1.19399999999999995	0.228398560316282806
1.20000000000000018	0.226229710682143148
1.20600000000000041	0.223623631949412177
1.21199999999999974	0.221152058659010553
1.21799999999999997	0.219470762228682365
1.2240000000000002	0.218886643524314944
1.23000000000000043	0.219510538097462349
1.23599999999999977	0.221194839642411295
1.24199999999999999	0.223469836503377289
1.24800000000000022	0.22586411854857566
1.25400000000000045	0.228130987459386203
1.25999999999999979	0.229952784893000001
1.26600000000000001	0.230745575355064514
1.27200000000000024	0.230133063747977179
1.27800000000000047	0.228390838670586044
1.28399999999999981	0.226217556646956031
1.29000000000000004	0.224185460226395017
1.29600000000000026	0.222425779979857602
1.30200000000000049	0.220842669136888686
1.30799999999999983	0.21959005027875006
1.31400000000000006	0.219088295834306862
1.32000000000000028	0.219566999287933606
1.32600000000000051	0.220923834056746815
1.33199999999999985	0.223039892579843885
1.33800000000000008	0.225855129963492579
1.34400000000000031	0.229061959035421786
1.35000000000000053	0.232118690138445966
1.35599999999999987	0.23471730311355668
1.3620000000000001	0.236847458348684259
1.36800000000000033	0.238350173825201739
1.37399999999999967	0.238856836078464446
1.37999999999999989	0.23824195765146472
1.38600000000000012	0.236862384806374893
1.39200000000000035	0.235300861636872888
1.39799999999999969	0.23401990837542419
1.40399999999999991	0.233194676414019142
1.41000000000000014	0.232755223698747932
1.41600000000000037	0.232631044987756164
1.42199999999999971	0.2328796394625611
1.42799999999999994	0.233530320667591301
1.43400000000000016	0.234496112481392627
1.44000000000000039	0.235688715854986575
1.44599999999999973	0.237023006373443701
1.45199999999999996	0.238233101998257257
1.45800000000000018	0.238834245432359815
1.46400000000000041	0.238403844699598744
1.46999999999999975	0.236926806422861319
1.47599999999999998	0.234838701344434964
1.48200000000000021	0.232678935777690221
1.48800000000000043	0.23071898378059108
1.49399999999999977	0.228947438923394919
1.5	0.227281772920259612
1.50600000000000023	0.225662099407048317
1.51200000000000045	0.223985474687385444
1.51799999999999979	0.222042831950688607
1.52400000000000002	0.219609026649502603
1.53000000000000025	0.216634495666176152
1.53600000000000048	0.213304636487393007
1.54199999999999982	0.209928636261063256
1.54800000000000004	0.206789400768228326
1.55400000000000027	0.204042389124233281
1.5600000000000005	0.201703028688094949
1.56599999999999984	0.199686584850293558
1.57200000000000006	0.197849199572122658
1.57800000000000029	0.196059318054815218
1.58400000000000052	0.194280177452827524
1.58999999999999986	0.192581593407781443
1.59600000000000009	0.191087340575699594
1.60200000000000031	0.189912120269075474
1.60800000000000054	0.189113814439790168
1.61399999999999988	0.188686448132990708
1.62000000000000011	0.188596107337601904
1.62600000000000033	0.188822439601871561
1.63199999999999967	0.189362945491891421
1.6379999999999999	0.190179760902344785
1.64400000000000013	0.191139455381222706
1.65000000000000036	0.192039513209039864
1.65599999999999969	0.19272374437522502
1.66199999999999992	0.193160054136217202
1.66800000000000015	0.19338038160288637
1.67400000000000038	0.193350238941742247
1.67999999999999972	0.192920193696271253
1.68599999999999994	0.191903696556368797
1.69200000000000017	0.190182959616538971
1.6980000000000004	0.187750385829163313
1.70399999999999974	0.184701853319939796
1.70999999999999996	0.18123423459189722
1.71600000000000019	0.177626682054609047
1.72200000000000042	0.174164168110489737
1.72799999999999976	0.171051773793360479
1.73399999999999999	0.168396284552259523
1.74000000000000021	0.166240239208425872
1.74600000000000044	0.164574134465275607
1.75199999999999978	0.163316606132824643
1.75800000000000001	0.162328658466260489
1.76400000000000023	0.161485909041598236
1.77000000000000046	0.160739915726842514
1.7759999999999998	0.160096773812614279
1.78200000000000003	0.159538106425495874
1.78800000000000026	0.158977894873410769
1.79400000000000048	0.158297243983347102
1.79999999999999982	0.157410723445129686
1.80600000000000005	0.156303778352800765
1.81200000000000028	0.15502553760926896
1.8180000000000005	0.153656660143517587
1.82399999999999984	0.152273484772728257
1.83000000000000007	0.150920539752705557
1.8360000000000003	0.149599316249785286
1.84200000000000053	0.148276941773536841
1.84799999999999986	0.146909853475638896
1.85400000000000009	0.145463595510224086
1.86000000000000032	0.143911288613111366
1.86599999999999966	0.142223694106703241
1.87199999999999989	0.140378000175645445
1.87800000000000011	0.138382273302912751
1.88400000000000034	0.136288848829855425
1.88999999999999968	0.134185660623832193
1.89599999999999991	0.132174952630378817
1.90200000000000014	0.130350103968363856
1.90800000000000036	0.128776901795675497
1.9139999999999997	0.12748356078199552
1.91999999999999993	0.126461574832278989
1.92600000000000016	0.125674395473724776
1.93200000000000038	0.125066703253901651
1.93799999999999972	0.124572092615588409
1.94399999999999995	0.124121946913813522
1.95000000000000018	0.123651976418431439
1.95600000000000041	0.123101909743667165
1.96199999999999974	0.122414649934035613
1.96799999999999997	0.121542162985472713
1.9740000000000002	0.120454747665275211
1.98000000000000043	0.119147442358226691
1.98599999999999977	0.117642534863308654
1.99199999999999999	0.115987349447605179
1.99800000000000022	0.114243666287877299
2.00400000000000045	0.112470936916972519
2.00999999999999979	0.110714600158126661
2.01600000000000001	0.109006793531743321
2.02200000000000024	0.107372764622048228
2.02800000000000047	0.105833854257241566
2.03399999999999981	0.104408439595407881
2.04000000000000004	0.103114314836843385
2.04600000000000026	0.101967761347580343
2.05200000000000049	0.100974448756731991
2.05799999999999983	0.100118132152144337
2.06400000000000006	0.0993601870551183847
2.07000000000000028	0.0986558596345207817
2.07600000000000051	0.0979763738604271239
2.08199999999999985	0.0973172926065047073
2.08800000000000008	0.0966850626332918517
2.09400000000000031	0.0960748739634834925
2.10000000000000053	0.0954609253740769104
2.10599999999999987	0.0948071583893689424
2.1120000000000001	0.0940883243233631289
2.11800000000000033	0.093305497391188999
2.12399999999999967	0.0924868868981544856
2.12999999999999989	0.0916748907160837567
2.13600000000000012	0.0909076997213853627
2.14200000000000035	0.0902053931818146415
2.14799999999999969	0.0895667306233054461
2.15399999999999991	0.0889767503300616797
2.16000000000000014	0.0884194581952298525
2.16600000000000037	0.087887592032428144
2.17199999999999971	0.0873846809756069487
2.17799999999999994	0.0869205030729363753
2.18400000000000016	0.086504393198561097
2.19000000000000039	0.0861392141202223932
2.19599999999999973	0.0858160136713496391
2.20199999999999996	0.085511011554718408
2.20800000000000018	0.0851890111244731629
2.21400000000000041	0.0848133290054065153
2.21999999999999975	0.0843560409396623273
2.22599999999999998	0.0838029530645463122
2.23200000000000021	0.0831535061350359705
2.23800000000000043	0.0824184607405820668
2.24399999999999977	0.0816166712076916295
2.25	0.0807717313971876294
2.25600000000000023	0.0799102463248540229
2.26200000000000045	0.0790619668847471341
2.26799999999999979	0.0782585759483253457
2.27400000000000002	0.077527899765382019
2.28000000000000025	0.0768852786584671016
2.28600000000000048	0.0763279543740009309
2.29199999999999982	0.0758363022462168052
2.29800000000000004	0.0753803269267079579
2.30400000000000027	0.0749274472368984257
2.3100000000000005	0.0744493441889000074
2.31599999999999984	0.0739274010514087976
2.32200000000000006	0.0733558053348560696
2.32800000000000029	0.0727409698946262923
2.33400000000000052	0.0720976014889483097
2.33999999999999986	0.0714438278515992092
2.34600000000000009	0.0707978084175829442
2.35200000000000031	0.0701763819431877323
2.35800000000000054	0.0695942742497038802
2.36399999999999988	0.0690619137423018892
2.37000000000000011	0.068581787725375154
2.37600000000000033	0.0681457037588911602
2.38199999999999967	0.0677354767593318363
2.3879999999999999	0.0673273833778824521
2.39400000000000013	0.0668986219924810332
2.40000000000000036	0.0664335403447959411
2.40599999999999969	0.0659279139498257921
2.41199999999999992	0.0653899863522411223
2.41800000000000015	0.0648374827988790481
2.42400000000000038	0.0642911621920589926
2.42999999999999972	0.0637673521819741157
2.43599999999999994	0.0632728147645965078
2.44200000000000017	0.0628041311226738147
2.4480000000000004	0.06235115625267168
2.45399999999999974	0.0619019077950910684
2.45999999999999996	0.0614461278957295839
2.46600000000000019	0.0609765599349726267
2.47200000000000042	0.0604889954749996683
2.47799999999999976	0.0599825690171954806
2.48399999999999999	0.0594604149895006512
2.49000000000000021	0.0589293034173783495
2.49600000000000044	0.0583970621082011837
2.50199999999999978	0.0578685497253583689
2.50800000000000001	0.0573427968435740038
2.51400000000000023	0.0568136770119625628
2.52000000000000046	0.0562740306006305063
2.5259999999999998	0.0557205846979480432
2.53200000000000003	0.0551565440695564596
2.53800000000000026	0.0545906337034019543
2.54400000000000048	0.0540337863444459374
2.54999999999999982	0.0534957406735270813
2.55600000000000005	0.0529832623093737382
2.56200000000000028	0.0525002270714517022
2.5680000000000005	0.0520484144788163974
2.57399999999999984	0.0516276799654662513
2.58000000000000007	0.0512354330711261158
2.5860000000000003	0.0508665950757575119
2.59200000000000053	0.0505148825504518686
2.59799999999999986	0.0501747567810190212
2.60400000000000009	0.0498425314533955735
2.61000000000000032	0.0495158872959237661
2.61600000000000055	0.0491924230069172019
2.62199999999999989	0.0488683976845228837
2.62800000000000011	0.0485382663729059735
2.63400000000000034	0.0481948859752438369
2.63999999999999968	0.0478301151129899987
2.64599999999999991	0.0474358292818567034
2.65200000000000014	0.0470054909873978133
2.65800000000000036	0.0465360147272793345
2.6639999999999997	0.0460291515437358315
2.66999999999999993	0.0454916821708630098
2.67600000000000016	0.0449344098797874042
2.68200000000000038	0.0443705538000312844
2.68799999999999972	0.0438141042655567428
2.69399999999999995	0.043278310906744763
2.70000000000000018	0.0427743217706540099
2.70600000000000041	0.0423101425738355921
2.71199999999999974	0.0418901565952187957
2.71799999999999997	0.0415152361106084222
2.7240000000000002	0.041183194803961605
2.73000000000000043	0.0408892721332677622
2.73599999999999977	0.0406265505717871844
2.74199999999999999	0.040386478482930574
2.74800000000000022	0.0401597476879694132
2.75400000000000045	0.0399375556445530286
2.75999999999999979	0.0397129355350960278
2.76600000000000001	0.0394816769269766069
2.77200000000000024	0.039242530727164715
2.77800000000000047	0.0389967141782303628
2.78399999999999981	0.0387469292528127562
2.79000000000000004	0.0384961486930106636
2.79600000000000026	0.0382464728338125781
2.80200000000000049	0.0379984412648147959
2.80799999999999983	0.0377511088000808126
2.81400000000000006	0.0375028550340683262
2.82000000000000028	0.0372524717432305905
2.82600000000000051	0.0369999038677330666
2.83199999999999985	0.0367462845476168518
2.83800000000000008	0.0364934188638237345
2.84400000000000031	0.0362432224488336147
2.85000000000000053	0.0359975383215760808
2.85599999999999987	0.0357583578068943683
2.8620000000000001	0.0355281273959038024
2.86800000000000033	0.0353097863503614232
2.87400000000000055	0.0351064106556948988
2.87999999999999989	0.0349206177916583857
2.88600000000000012	0.0347540056315794599
2.89200000000000035	0.0346067932915277016
2.89799999999999969	0.0344776338402340288
2.90399999999999991	0.0343635047177126771
2.91000000000000014	0.0342597230604827357
2.91600000000000037	0.034160282645180208
2.92199999999999971	0.0340586295817769252
2.92799999999999994	0.0339487083718990612
2.93400000000000016	0.0338258835563205532
2.94000000000000039	0.0336873886892293459
2.94599999999999973	0.0335322279405007445
2.95199999999999996	0.0333607316587619385
2.95800000000000018	0.0331740702232601187
2.96400000000000041	0.0329739488107511705
2.96999999999999975	0.0327625384422244245
2.97599999999999998	0.032542555611254409
2.98200000000000021	0.0323173400443320658
2.98800000000000043	0.0320907957144443215
2.99399999999999977	0.0318671327162549228
3	0.031650449493895276
