-3	0.0281975028791292305
-2.99400000000000022	0.0283836617064683813
-2.98799999999999999	0.028574802438544912
-2.98200000000000021	0.0287717421470284271
-2.97599999999999998	0.0289754136420119421
-2.9700000000000002	0.0291866583002122933
-2.96399999999999997	0.029405979779095235
-2.95800000000000018	0.0296333240230834093
-2.95199999999999996	0.0298679680845678336
-2.94600000000000017	0.0301085824980091149
-2.93999999999999995	0.0303534688782859455
-2.93400000000000016	0.0306008918753263894
-2.92799999999999994	0.0308493748740086456
-2.92200000000000015	0.0310978487875120183
-2.91599999999999993	0.0313456211597322384
-2.91000000000000014	0.0315922180439117267
-2.90399999999999991	0.0318371963550820661
-2.89800000000000013	0.0320800175356985851
-2.8919999999999999	0.0323200340171045999
-2.88600000000000012	0.0325565919276106022
-2.87999999999999989	0.0327892085348923321
-2.87400000000000011	0.0330177509958986606
-2.86799999999999988	0.0332425419113804993
-2.8620000000000001	0.0334643524877080364
-2.85599999999999987	0.0336842892709702038
-2.85000000000000009	0.0339036053950192012
-2.84399999999999986	0.0341234785358767168
-2.83800000000000008	0.0343448151092474174
-2.83199999999999985	0.0345681491038401026
-2.82600000000000007	0.0347936747971006322
-2.81999999999999984	0.0350213945459568812
-2.81400000000000006	0.0352513180901863551
-2.80799999999999983	0.0354836412643695503
-2.80200000000000005	0.0357188450500957044
-2.79599999999999982	0.0359576771662451847
-2.79000000000000004	0.0362010234263064612
-2.78399999999999981	0.0364497479432248708
-2.77800000000000002	0.0367046259967713576
-2.7719999999999998	0.0369664448985847216
-2.76600000000000001	0.0372362167133614697
-2.75999999999999979	0.0375153342883305582
-2.754	0.0378055143313481903
-2.74800000000000022	0.0381085062115490841
-2.74199999999999999	0.0384256872245625561
-2.73599999999999977	0.0387577099502238939
-2.72999999999999998	0.0391043199125325827
-2.7240000000000002	0.0394643898474534432
-2.71799999999999997	0.0398361581506956539
-2.71199999999999974	0.0402176065551862541
-2.70599999999999996	0.040606859883481651
-2.70000000000000018	0.0410024637203410466
-2.69399999999999995	0.0414034372151900545
-2.68800000000000017	0.0418091197679893375
-2.68199999999999994	0.0422189544928651891
-2.67600000000000016	0.0426323525494293198
-2.66999999999999993	0.0430486510209382653
-2.66400000000000015	0.0434670707592175465
-2.65799999999999992	0.0438866332984249805
-2.65200000000000014	0.0443061372381215596
-2.64599999999999991	0.0447243289825947979
-2.64000000000000012	0.0451402436789989786
-2.6339999999999999	0.045553476820534379
-2.62800000000000011	0.0459641121224210122
-2.62199999999999989	0.0463722648296183426
-2.6160000000000001	0.0467775218973250639
-2.60999999999999988	0.0471786912479754753
-2.60400000000000009	0.0475740970863329574
-2.59799999999999986	0.0479623164536853649
-2.59200000000000008	0.0483430058269015972
-2.58599999999999985	0.0487174645831019368
-2.58000000000000007	0.0490887516024100384
-2.57399999999999984	0.0494613607254777154
-2.56800000000000006	0.0498405818710236578
-2.56199999999999983	0.0502316795743399311
-2.55600000000000005	0.0506389441206866672
-2.54999999999999982	0.0510646853851915231
-2.54400000000000004	0.0515084291650023188
-2.53799999999999981	0.0519667276056779634
-2.53200000000000003	0.052433861778590829
-2.5259999999999998	0.0529033631178301711
-2.52000000000000002	0.0533699638655004555
-2.51400000000000023	0.0538313938902699463
-2.50800000000000001	0.0542893368607322013
-2.50199999999999978	0.0547489763586441677
-2.496	0.0552171113697234178
-2.49000000000000021	0.0556996376141842484
-2.48399999999999999	0.0561996706129533133
-2.47799999999999976	0.0567172141432661231
-2.47199999999999998	0.0572502096437912944
-2.46600000000000019	0.0577958924535748736
-2.45999999999999996	0.0583514686935022939
-2.45399999999999974	0.0589141062166630702
-2.44799999999999995	0.0594810385112509443
-2.44200000000000017	0.0600503720310130856
-2.43599999999999994	0.0606222957129808684
-2.42999999999999972	0.0611997722216903947
-2.42399999999999993	0.0617879284816832478
-2.41800000000000015	0.0623920926170710571
-2.41199999999999992	0.0630153269748222195
-2.40600000000000014	0.0636568381216309903
-2.39999999999999991	0.0643123063820713048
-2.39400000000000013	0.0649760203529789193
-2.3879999999999999	0.0656435322684970762
-2.38200000000000012	0.0663133185132145364
-2.37599999999999989	0.0669867603909542891
-2.37000000000000011	0.0676668078781115651
-2.36399999999999988	0.0683561877711594407
-2.3580000000000001	0.0690559999450480466
-2.35199999999999987	0.0697652314596363676
-2.34600000000000009	0.0704810969728862508
-2.33999999999999986	0.0711995269198927305
-2.33400000000000007	0.0719152868084675656
-2.32799999999999985	0.0726221223522022091
-2.32200000000000006	0.0733138385618284094
-2.31599999999999984	0.0739864503174556265
-2.31000000000000005	0.0746402751924882396
-2.30399999999999983	0.0752805721670206512
-2.29800000000000004	0.0759163451972465486
-2.29199999999999982	0.0765582079566689971
-2.28600000000000003	0.077216582190519592
-2.28000000000000025	0.0779007177628862069
-2.27400000000000002	0.0786181106564537852
-2.26799999999999979	0.0793739038948060027
-2.26200000000000001	0.0801703766096592413
-2.25600000000000023	0.0810065690893323614
-2.25	0.0818776663383807557
-2.24399999999999977	0.0827742838019622229
-2.23799999999999999	0.0836829792440547116
-2.23200000000000021	0.0845891024796187052
-2.22599999999999998	0.0854812023165873042
-2.21999999999999975	0.0863549282243292887
-2.21399999999999997	0.0872148996877574051
-2.20800000000000018	0.0880738977003926449
-2.20199999999999996	0.0889491359776723861
-2.19599999999999973	0.0898565999301963181
-2.18999999999999995	0.0908062349562971521
-2.18400000000000016	0.0918004588701811231
-2.17799999999999994	0.0928357437559447912
-2.17199999999999971	0.0939050182586131932
-2.16599999999999993	0.0949993127504878271
-2.16000000000000014	0.0961088787777208131
-2.15399999999999991	0.0972248334538184655
-2.14800000000000013	0.0983416848259765775
-2.1419999999999999	0.0994597797677865825
-2.13600000000000012	0.100586153516176877
-2.12999999999999989	0.101732924814804976
-2.12400000000000011	0.102913742147839188
-2.11799999999999988	0.104139584393710752
-2.1120000000000001	0.105414381037764016
-2.10599999999999987	0.106730195239537723
-2.10000000000000009	0.108063590810302965
-2.09399999999999986	0.109377096910071941
-2.08800000000000008	0.110628329611950488
-2.08199999999999985	0.111784560706372535
-2.07600000000000007	0.11283565168252857
-2.06999999999999984	0.113797427753495786
-2.06400000000000006	0.114703473142201751
-2.05799999999999983	0.115591310018435325
-2.05200000000000005	0.116490739195462559
-2.04599999999999982	0.117418085254269805
-2.04000000000000004	0.118376609148062084
-2.03399999999999981	0.119361732146486307
-2.02800000000000002	0.120367792572503296
-2.02200000000000024	0.121392456817026054
-2.01600000000000001	0.122437351301752623
-2.00999999999999979	0.123506127912126049
-2.004	0.124602131396945065
-1.998	0.125727650240600508
-1.99199999999999999	0.126884686617065784
-1.98599999999999999	0.128074697823150369
-1.97999999999999998	0.129296035740477988
-1.97399999999999998	0.13054197826187286
-1.96799999999999997	0.131802611967034855
-1.96199999999999997	0.133068848776451643
-1.95599999999999996	0.134333779042755619
-1.94999999999999996	0.135590220349225243
-1.94399999999999995	0.136829264335107476
-1.93799999999999994	0.138044641632978776
-1.93199999999999994	0.139241206030261466
-1.92599999999999993	0.140441575057245388
-1.91999999999999993	0.141685966959457871
-1.91399999999999992	0.143023272030317783
-1.90799999999999992	0.144496745216511568
-1.90199999999999991	0.146131298898608986
-1.89599999999999991	0.1479272829343872
-1.8899999999999999	0.149863027906218915
-1.8839999999999999	0.151906080631314111
-1.87799999999999989	0.154027070953775658
-1.87199999999999989	0.156205188315015564
-1.86599999999999988	0.158421552588982162
-1.85999999999999988	0.160652176833366883
-1.85399999999999987	0.162872391118639687
-1.84799999999999986	0.165065296150446156
-1.84200000000000008	0.167217091987699046
-1.83600000000000008	0.169298078471864788
-1.83000000000000007	0.171247027224654541
-1.82400000000000007	0.172976425944273871
-1.81800000000000006	0.174401425208444955
-1.81200000000000006	0.175480118235904342
-1.80600000000000005	0.176247611158599382
-1.80000000000000004	0.176829347342930154
-1.79400000000000004	0.177416908496491915
-1.78800000000000003	0.178201138554716004
-1.78200000000000003	0.179300652083816903
-1.77600000000000002	0.180738579844388153
-1.77000000000000002	0.182471916758320335
-1.76400000000000001	0.184431747609492935
-1.75800000000000001	0.186540944068278952
-1.752	0.188715057194782793
-1.746	0.190872984250422567
-1.73999999999999999	0.192963382550735502
-1.73399999999999999	0.19497884790884612
-1.72799999999999998	0.196933491581805953
-1.72199999999999998	0.198824849391569886
-1.71599999999999997	0.200625490130104611
-1.70999999999999996	0.202317561140894969
-1.70399999999999996	0.203937559988066425
-1.69799999999999995	0.205582928620146266
-1.69199999999999995	0.20736636591012686
-1.68599999999999994	0.209362069772625753
-1.67999999999999994	0.211595072288482816
-1.67399999999999993	0.214072100714544411
-1.66799999999999993	0.216805844849183083
-1.66199999999999992	0.219798180869152621
-1.65599999999999992	0.223003331201058086
-1.64999999999999991	0.226308752480175235
-1.64399999999999991	0.22955121152167457
-1.6379999999999999	0.232568336647734908
-1.6319999999999999	0.235260285206242314
-1.62599999999999989	0.237622350879667377
-1.61999999999999988	0.239727745572624162
-1.61399999999999988	0.241671887227276783
-1.60799999999999987	0.243505914797774919
-1.60199999999999987	0.24519345456800562
-1.59599999999999986	0.246639984623179931
-1.59000000000000008	0.247805932865540784
-1.58400000000000007	0.248806627397030161
-1.57800000000000007	0.249879007507048695
-1.57200000000000006	0.251251878022981101
-1.56600000000000006	0.253059043953143825
-1.56000000000000005	0.255316418941367862
-1.55400000000000005	0.257916500481050581
-1.54800000000000004	0.260672714746034817
-1.54200000000000004	0.263410966697481708
-1.53600000000000003	0.266029617782070404
-1.53000000000000003	0.268503945720548531
-1.52400000000000002	0.270851728481834031
-1.51800000000000002	0.273080300044352908
-1.51200000000000001	0.275174917708170763
-1.50600000000000001	0.277145827961159552
-1.5	0.279049182565964504
-1.49399999999999999	0.280944207896597964
-1.48799999999999999	0.282851452659515668
-1.48199999999999998	0.284753735759910642
-1.47599999999999998	0.286616179472563681
-1.46999999999999997	0.288378955612341448
-1.46399999999999997	0.289931895885265078
-1.45799999999999996	0.291161596939664813
-1.45199999999999996	0.2920822987323905
-1.44599999999999995	0.292887450124886872
-1.43999999999999995	0.293794808312710543
-1.43399999999999994	0.294843083598251121
-1.42799999999999994	0.295864507614255645
-1.42199999999999993	0.296632760421327912
-1.41599999999999993	0.297040395390899103
-1.40999999999999992	0.297205239763304763
-1.40399999999999991	0.297469195204020764
-1.39799999999999991	0.298231081256347841
-1.3919999999999999	0.299681933650012722
-1.3859999999999999	0.30167095489653406
-1.37999999999999989	0.303832648951685158
-1.37399999999999989	0.305846473889111792
-1.36799999999999988	0.307527142376420259
-1.36199999999999988	0.308730975205045
-1.35599999999999987	0.309364016445548451
-1.34999999999999987	0.309477694529090908
-1.34399999999999986	0.309221184372371838
-1.33799999999999986	0.308696153833631581
-1.33200000000000007	0.307950075484433816
-1.32600000000000007	0.307060132291104348
-1.32000000000000006	0.306120531777817784
-1.31400000000000006	0.305181046489395424
-1.30800000000000005	0.304193089914591985
-1.30200000000000005	0.302989139275055996
-1.29600000000000004	0.301415287226218576
-1.29000000000000004	0.299594014475585424
-1.28400000000000003	0.297962953541121733
-1.27800000000000002	0.29690960882431483
-1.27200000000000002	0.296393922289495459
-1.26600000000000001	0.29600315556762824
-1.26000000000000001	0.295347555640854131
-1.254	0.29431756435523293
-1.248	0.292987451098266793
-1.24199999999999999	0.29143646938517237
-1.23599999999999999	0.289662527793240421
-1.22999999999999998	0.287579627867649346
-1.22399999999999998	0.285131512839900902
-1.21799999999999997	0.282400741621155971
-1.21199999999999997	0.279521739810580983
-1.20599999999999996	0.276585478365995674
-1.19999999999999996	0.273758669191470683
-1.19399999999999995	0.271367506048934726
-1.18799999999999994	0.269752790893989902
-1.18199999999999994	0.268958306203973874
-1.17599999999999993	0.268620961095051569
-1.16999999999999993	0.268223022338985428
-1.16399999999999992	0.267246352875595061
-1.15799999999999992	0.265226178063336204
-1.15199999999999991	0.262151659841197482
-1.14599999999999991	0.258556082667473985
-1.1399999999999999	0.254939529413500288
-1.1339999999999999	0.251357523666793814
-1.12799999999999989	0.247671330980334226
-1.12199999999999989	0.243973652477312675
-1.11599999999999988	0.240666837193190847
-1.10999999999999988	0.238195497456617944
-1.10399999999999987	0.23677177332868371
-1.09799999999999986	0.236505216079898634
-1.09199999999999986	0.237409004270304508
-1.08599999999999985	0.239061414494220165
-1.08000000000000007	0.240731554605392195
-1.07400000000000007	0.241716416278881963
-1.06800000000000006	0.241453141959018652
-1.06200000000000006	0.239830365452378069
-1.05600000000000005	0.237412753913564784
-1.05000000000000004	0.235116569885062632
-1.04400000000000004	0.233389189790392859
-1.03800000000000003	0.232032672455369793
-1.03200000000000003	0.230607045690009338
-1.02600000000000002	0.228580142484769044
-1.02000000000000002	0.225731440905651837
-1.01400000000000001	0.222501881817545405
-1.00800000000000001	0.219493599256713801
-1.002	0.217039907338331783
-0.995999999999999996	0.215106209782568059
-0.989999999999999769	0.213346624593129475
-0.983999999999999986	0.211202663827769532
-0.977999999999999758	0.208202546394162247
-0.971999999999999975	0.204343988355402517
-0.965999999999999748	0.200045027132730535
-0.959999999999999964	0.195859958644872462
-0.953999999999999737	0.192369323291045002
-0.947999999999999954	0.190189242410274795
-0.942000000000000171	0.189639272861933689
-0.935999999999999943	0.190265008196089241
-0.93000000000000016	0.191331699809585448
-0.923999999999999932	0.192659656275514929
-0.918000000000000149	0.194000318590801579
-0.911999999999999922	0.194386312868438188
-0.906000000000000139	0.193228641978756083
-0.899999999999999911	0.190972155844468888
-0.894000000000000128	0.188558150211330544
-0.887999999999999901	0.186752865821207481
-0.882000000000000117	0.185650970066670973
-0.87599999999999989	0.185134614393330621
-0.870000000000000107	0.184885867254666075
-0.863999999999999879	0.184151410906086721
-0.858000000000000096	0.182735199903387935
-0.851999999999999869	0.181621772585518787
-0.846000000000000085	0.182048619978388282
-0.839999999999999858	0.183949748486389564
-0.834000000000000075	0.186122109137772024
-0.827999999999999847	0.187735675854536127
-0.822000000000000064	0.188135644764032328
-0.815999999999999837	0.186376116501758365
-0.810000000000000053	0.183196518951366016
-0.803999999999999826	0.179584986662138152
-0.798000000000000043	0.174953765512202292
-0.791999999999999815	0.169691331017763097
-0.786000000000000032	0.165084512849100529
-0.779999999999999805	0.161591846576652792
-0.774000000000000021	0.159158424659210401
-0.767999999999999794	0.1573715602663186
-0.762000000000000011	0.15662493286127932
-0.755999999999999783	0.157037992801929122
-0.75	0.15798088557237977
-0.743999999999999773	0.159306818326148986
-0.737999999999999989	0.160427852230588336
-0.731999999999999762	0.160696474584071131
-0.725999999999999979	0.160148837210938366
-0.719999999999999751	0.159650487848486261
-0.713999999999999968	0.159964099714339503
-0.707999999999999741	0.160281667499593605
-0.701999999999999957	0.159269372838851453
-0.69599999999999973	0.156634916914580091
-0.689999999999999947	0.153669391517761988
-0.684000000000000163	0.15064657266456194
-0.677999999999999936	0.148008326534169593
-0.672000000000000153	0.14649149011407106
-0.665999999999999925	0.145315875517422033
-0.660000000000000142	0.14300862211112475
-0.653999999999999915	0.139481235510961921
-0.648000000000000131	0.137748336875285149
-0.641999999999999904	0.139255101214224936
-0.636000000000000121	0.141864078665428078
-0.629999999999999893	0.143548090534551587
-0.62400000000000011	0.143741306491563692
-0.617999999999999883	0.143148938634093809
-0.612000000000000099	0.143185318722224147
-0.605999999999999872	0.142720993463631901
-0.600000000000000089	0.140766240632082013
-0.593999999999999861	0.138065089471215013
-0.588000000000000078	0.135766520953019304
-0.581999999999999851	0.134765020905314753
-0.576000000000000068	0.134087191329211208
-0.56999999999999984	0.131620187359871549
-0.564000000000000057	0.130466203059330238
-0.557999999999999829	0.131364564252310523
-0.552000000000000046	0.1312837435771671
-0.545999999999999819	0.128500217575210712
-0.540000000000000036	0.126465216755033583
-0.533999999999999808	0.126987039115161487
-0.528000000000000025	0.128121617598232762
-0.521999999999999797	0.129396726975149645
-0.516000000000000014	0.131464361604363172
-0.509999999999999787	0.132846301199049555
-0.504000000000000004	0.131046567831552163
-0.497999999999999776	0.130096249393194363
-0.491999999999999993	0.130420025353584212
-0.485999999999999766	0.129480842597057139
-0.479999999999999982	0.124699269166827512
-0.473999999999999755	0.11999479562720701
-0.467999999999999972	0.120466827448245994
-0.461999999999999744	0.121231880198042902
-0.455999999999999961	0.120010137294228367
-0.449999999999999734	0.120788852594497162
-0.44399999999999995	0.122763940002985433
-0.438000000000000167	0.12301190826210634
-0.43199999999999994	0.122294391374211914
-0.426000000000000156	0.119854920992483918
-0.419999999999999929	0.119332014481974835
-0.414000000000000146	0.123909385298167973
-0.407999999999999918	0.125192811070021726
-0.402000000000000135	0.119394135621649175
-0.395999999999999908	0.113020050041821779
-0.390000000000000124	0.108860049546902413
-0.383999999999999897	0.108336421555647849
-0.378000000000000114	0.108232620071109176
-0.371999999999999886	0.109017387779785424
-0.366000000000000103	0.112297091107519176
-0.359999999999999876	0.11517464133938031
-0.354000000000000092	0.116319296080027015
-0.347999999999999865	0.121198637682956439
-0.342000000000000082	0.125940371358538611
-0.335999999999999854	0.128304966782395391
-0.330000000000000071	0.13004829801158671
-0.323999999999999844	0.128580898294879148
-0.31800000000000006	0.130228020882498491
-0.311999999999999833	0.11855382350805567
-0.30600000000000005	0.113443724105708368
-0.299999999999999822	0.112589311285818811
-0.294000000000000039	0.114180672141195511
-0.287999999999999812	0.122235932765030614
-0.282000000000000028	0.120409451179552637
-0.275999999999999801	0.117744499951150605
-0.270000000000000018	0.113097948748232743
-0.26399999999999979	0.11501527326386464
-0.258000000000000007	0.116437434724951466
-0.25199999999999978	0.112150307246041747
-0.245999999999999996	0.119815443205279454
-0.239999999999999769	0.124883325381886817
-0.233999999999999986	0.12500595056566316
-0.227999999999999758	0.121195167060911116
-0.221999999999999975	0.114356805615204615
-0.215999999999999748	0.104092522757601849
-0.209999999999999964	0.110024126433422423
-0.203999999999999737	0.115677665024281881
-0.197999999999999954	0.120248183864185829
-0.191999999999999726	0.121055771951833119
-0.185999999999999943	0.121255353155943379
-0.18000000000000016	0.123375434053858909
-0.173999999999999932	0.130611772789106795
-0.168000000000000149	0.131137051615490469
-0.161999999999999922	0.135899230737426824
-0.156000000000000139	0.134151676845713108
-0.149999999999999911	0.133501044729278456
-0.144000000000000128	0.146415340803905752
-0.137999999999999901	0.128073875053032304
-0.132000000000000117	0.116419707209585971
-0.12599999999999989	0.127002210971431106
-0.120000000000000107	0.133693657909559005
-0.113999999999999879	0.142627552778243655
-0.108000000000000096	0.138475981182204416
-0.101999999999999869	0.14215845587947884
-0.0960000000000000853	0.13391162661986028
-0.0899999999999998579	0.120732138632405006
-0.0840000000000000746	0.133550847642951109
-0.0779999999999998472	0.171448637285608219
-0.0720000000000000639	0.162077541152511023
-0.0659999999999998366	0.174546764343030708
-0.0600000000000000533	0.193924055328830697
-0.0539999999999998259	0.184201848400374596
-0.0480000000000000426	0.191458213829686502
-0.0419999999999998153	0.205477357013646639
-0.036000000000000032	0.228979168694153162
-0.0299999999999998046	0.217553008093902184
-0.0240000000000000213	0.252580858920629037
-0.0179999999999997939	0.215232545484296794
-0.0120000000000000107	0.260513410941236534
-0.00599999999999978328	0.256407081024854322
0	0.218039688003260679
0.00600000000000022737	0.233757676477386572
0.0120000000000000107	0.274404741923646667
0.018000000000000238	0.233988957951601712
0.0240000000000000213	0.247637467690733831
0.0300000000000002487	0.180260751061047914
0.036000000000000032	0.203251061457358412
0.0420000000000002593	0.190475005828722205
0.0480000000000000426	0.199400913972008653
0.05400000000000027	0.195717574809397776
0.0600000000000000533	0.191987302015458855
0.0660000000000002807	0.178207314167847602
0.0720000000000000639	0.171194038187443581
0.0779999999999998472	0.153544428735103378
0.0840000000000000746	0.157517741139825862
0.0899999999999998579	0.136969752910877929
0.0960000000000000853	0.121679388359311441
0.101999999999999869	0.138410187285768427
0.108000000000000096	0.136159236433846503
0.113999999999999879	0.128926561516542415
0.120000000000000107	0.134681411805702728
0.12599999999999989	0.124181212759545717
0.132000000000000117	0.121896907907260904
0.137999999999999901	0.134044595447540799
0.144000000000000128	0.139195605421804008
0.149999999999999911	0.132491094498893153
0.156000000000000139	0.132654534349958941
0.161999999999999922	0.139643375067106196
0.168000000000000149	0.142149335191562143
0.173999999999999932	0.134484972135799685
0.18000000000000016	0.122296323031389112
0.185999999999999943	0.119916871321910964
0.192000000000000171	0.121544403690361139
0.197999999999999954	0.117543852122013834
0.204000000000000181	0.115392650056681326
0.209999999999999964	0.108472176047413146
0.216000000000000192	0.114512959486897437
0.221999999999999975	0.121383033314461569
0.228000000000000203	0.121013150982307263
0.233999999999999986	0.116543408333174753
0.240000000000000213	0.120995832006447326
0.245999999999999996	0.131816577352362435
0.252000000000000224	0.132897836477068015
0.258000000000000007	0.130566624935262887
0.264000000000000234	0.122286604654963646
0.270000000000000018	0.113880354948495285
0.276000000000000245	0.110449231631859199
0.282000000000000028	0.111457323403201705
0.288000000000000256	0.111305218104383694
0.294000000000000039	0.110738612235109682
0.300000000000000266	0.107959071863195102
0.30600000000000005	0.105939989843812477
0.312000000000000277	0.105196959008398469
0.31800000000000006	0.105316065187651298
0.324000000000000288	0.114448235497045567
0.330000000000000071	0.116287072114544254
0.335999999999999854	0.113844725659028062
0.342000000000000082	0.114897085219249753
0.347999999999999865	0.118654800630233523
0.354000000000000092	0.120670441114598959
0.359999999999999876	0.119465697015334341
0.366000000000000103	0.117077066707860333
0.371999999999999886	0.113439787080302279
0.378000000000000114	0.114422749046755423
0.383999999999999897	0.113655340795126472
0.390000000000000124	0.112686015916686103
0.395999999999999908	0.112561905221032016
0.402000000000000135	0.114691430554921259
0.407999999999999918	0.117250837902991914
0.414000000000000146	0.118918261409142786
0.419999999999999929	0.115959328864420189
0.426000000000000156	0.109054727195302251
0.43199999999999994	0.103459357766214441
0.438000000000000167	0.102215184247493096
0.44399999999999995	0.102540012981380671
0.450000000000000178	0.103631563793773196
0.455999999999999961	0.106735993930329787
0.462000000000000188	0.111508021717383804
0.467999999999999972	0.116323308995803523
0.474000000000000199	0.120509629872533552
0.479999999999999982	0.120340406908031133
0.48600000000000021	0.119307391578942684
0.491999999999999993	0.120330012761712846
0.49800000000000022	0.120885625299297264
0.504000000000000004	0.120402866494513622
0.510000000000000231	0.118942533637942757
0.516000000000000014	0.11853075627778599
0.522000000000000242	0.119565910484508167
0.528000000000000025	0.120448641956433303
0.534000000000000252	0.121180150777439252
0.540000000000000036	0.120456895583514995
0.546000000000000263	0.120518625363681325
0.552000000000000046	0.123476446368849233
0.558000000000000274	0.125922845775619657
0.564000000000000057	0.126520265926491765
0.570000000000000284	0.126196957044998809
0.576000000000000068	0.125713669529822131
0.582000000000000295	0.126765045378087499
0.588000000000000078	0.129155982842621225
0.593999999999999861	0.13171613182862324
0.600000000000000089	0.134968993667152121
0.605999999999999872	0.137704438619788122
0.612000000000000099	0.139633749027884668
0.617999999999999883	0.139932769099639864
0.62400000000000011	0.137856884787937006
0.629999999999999893	0.136354465375310124
0.636000000000000121	0.137257084803414836
0.641999999999999904	0.138340257017303514
0.648000000000000131	0.139073270130215948
0.653999999999999915	0.140399393053893123
0.660000000000000142	0.140722112598465898
0.665999999999999925	0.140095538803701153
0.672000000000000153	0.139555082595277768
0.677999999999999936	0.139991864288897289
0.684000000000000163	0.142331814292049802
0.689999999999999947	0.14575150488940869
0.696000000000000174	0.148762921831029432
0.701999999999999957	0.150242529726947072
0.708000000000000185	0.149938936437851195
0.713999999999999968	0.14953276074109817
0.720000000000000195	0.151171254386445325
0.725999999999999979	0.154809511667863053
0.732000000000000206	0.158303293025234715
0.737999999999999989	0.160372294664746284
0.744000000000000217	0.161360015369661297
0.75	0.161609921259405626
0.756000000000000227	0.161130413065490113
0.762000000000000011	0.160318282610564022
0.768000000000000238	0.15964639037727249
0.774000000000000021	0.160367948399214644
0.780000000000000249	0.162716039519054584
0.786000000000000032	0.165311800815053728
0.792000000000000259	0.167078652119646176
0.798000000000000043	0.168302245180141058
0.80400000000000027	0.169927971138442213
0.810000000000000053	0.172114735759955395
0.816000000000000281	0.174123453721076821
0.822000000000000064	0.175254428446298766
0.828000000000000291	0.175639453032690157
0.834000000000000075	0.175659640141027695
0.839999999999999858	0.175166998473344271
0.846000000000000085	0.17428059912692237
0.851999999999999869	0.173766238003484841
0.858000000000000096	0.174079499120352144
0.863999999999999879	0.175406892243258672
0.870000000000000107	0.177404881878788223
0.87599999999999989	0.17929058862942493
0.882000000000000117	0.180507948228591536
0.887999999999999901	0.180772078597847857
0.894000000000000128	0.180172151781607864
0.899999999999999911	0.179633756470959
0.906000000000000139	0.17980575634880458
0.911999999999999922	0.180741113630902783
0.918000000000000149	0.1824041079140509
0.923999999999999932	0.184822267249093758
0.93000000000000016	0.188016572760899364
0.935999999999999943	0.191739782495438521
0.942000000000000171	0.195350099059292653
0.947999999999999954	0.198015902553912354
0.954000000000000181	0.199501976027306849
0.959999999999999964	0.200354277162844624
0.966000000000000192	0.201236076846272344
0.971999999999999975	0.20217659433350002
0.978000000000000203	0.202904016918860064
0.983999999999999986	0.203706741791238904
0.990000000000000213	0.205344318021241673
0.995999999999999996	0.208377037679440047
1.00199999999999978	0.212807016975755575
1.00800000000000001	0.218234748370104703
1.01400000000000023	0.224091639928664127
1.02000000000000046	0.229936691118894115
1.0259999999999998	0.235430501373193324
1.03200000000000003	0.239988755426143757
1.03800000000000026	0.243200530151334582
1.04400000000000048	0.245392397406265755
1.04999999999999982	0.247377572160027454
1.05600000000000005	0.249714849236654379
1.06200000000000028	0.252336522020561949
1.0680000000000005	0.25493395605631336
1.07399999999999984	0.257150604870401867
1.08000000000000007	0.25863876033153349
1.0860000000000003	0.259317140361691456
1.09200000000000053	0.259528384055267458
1.09799999999999986	0.259848033231370401
1.10400000000000009	0.260524891294967753
1.11000000000000032	0.261444347784112852
1.11599999999999966	0.262735748404807845
1.12199999999999989	0.264792467394561137
1.12800000000000011	0.267547518086977187
1.13400000000000034	0.270302443696842198
1.13999999999999968	0.272337820890106663
1.14599999999999991	0.273463748118646544
1.15200000000000014	0.27419686915100655
1.15800000000000036	0.275519082362193801
1.1639999999999997	0.278102214443661677
1.16999999999999993	0.281475762549449116
1.17600000000000016	0.284341410488151369
1.18200000000000038	0.285691386248367707
1.18799999999999972	0.285387119842836323
1.19399999999999995	0.284032679519265918
1.20000000000000018	0.282555561767801167
1.20600000000000041	0.281665726594392207
1.21199999999999974	0.281550388075279323
1.21799999999999997	0.282012617479517835
1.2240000000000002	0.282796282490295092
1.23000000000000043	0.283843238544248755
1.23599999999999977	0.285242735007122106
1.24199999999999999	0.286996804271424988
1.24800000000000022	0.289017252617364551
1.25400000000000045	0.291220023116300519
1.25999999999999979	0.293539737079652696
1.26600000000000001	0.295930131654027151
1.27200000000000024	0.298285166314808503
1.27800000000000047	0.300319077950623403
1.28399999999999981	0.301677559006424068
1.29000000000000004	0.302248739615590123
1.29600000000000026	0.302254124065421959
1.30200000000000049	0.302005830861835745
1.30799999999999983	0.301711076030845349
1.31400000000000006	0.301535159521026164
1.32000000000000028	0.301674357775169377
1.32600000000000051	0.302302823786041841
1.33199999999999985	0.303456741865886725
1.33800000000000008	0.304926778797538156
1.34400000000000031	0.306346941179454213
1.35000000000000053	0.307409486821216327
1.35599999999999987	0.307943198292815523
1.3620000000000001	0.307863767924351273
1.36800000000000033	0.307146037264300564
1.37399999999999967	0.305835868929844934
1.37999999999999989	0.30404614116020573
1.38600000000000012	0.301960134689477966
1.39200000000000035	0.299854251358098844
1.39799999999999969	0.298067173190932067
1.40399999999999991	0.296866344572971064
1.41000000000000014	0.296313145710654147
1.41600000000000037	0.29630849814090493
1.42199999999999971	0.296758748818161167
1.42799999999999994	0.297650307748094867
1.43400000000000016	0.299001501871295206
1.44000000000000039	0.300797148452065122
1.44599999999999973	0.302940904761823504
1.45199999999999996	0.305206104412570289
1.45800000000000018	0.307238506969496061
1.46400000000000041	0.308680200949510153
1.46999999999999975	0.309339420332477411
1.47599999999999998	0.309219120881757015
1.48200000000000021	0.308361222900169152
1.48800000000000043	0.306737521284906611
1.49399999999999977	0.304358552142122762
1.5	0.301396864678253773
1.50600000000000023	0.29810620084742212
1.51200000000000045	0.294653687720671187
1.51799999999999979	0.291054441320480861
1.52400000000000002	0.287228416818015198
1.53000000000000025	0.283103581529398796
1.53600000000000048	0.278698009095031674
1.54199999999999982	0.274152999208063075
1.54800000000000004	0.269701710894327151
1.55400000000000027	0.265592075073798672
1.5600000000000005	0.262019263691005311
1.56599999999999984	0.25906932377380687
1.57200000000000006	0.25668084666108576
1.57800000000000029	0.254709831499536909
1.58400000000000052	0.253062694292727819
1.58999999999999986	0.251718910961976572
1.59600000000000009	0.250637885565397123
1.60200000000000031	0.24970253956404187
1.60800000000000054	0.248763662913578432
1.61399999999999988	0.247725536731556117
1.62000000000000011	0.246582172136177474
1.62600000000000033	0.245386128030928657
1.63199999999999967	0.244194489838617995
1.6379999999999999	0.243036571271163154
1.64400000000000013	0.24192287030806911
1.65000000000000036	0.24086763756459928
1.65599999999999969	0.239876373646288693
1.66199999999999992	0.238901539709082872
1.66800000000000015	0.23783044846520765
1.67400000000000038	0.236542614004053187
1.67999999999999972	0.234996066811397952
1.68599999999999994	0.233260228602584829
1.69200000000000017	0.231455893636910576
1.6980000000000004	0.229666092539808797
1.70399999999999974	0.227906178384489261
1.70999999999999996	0.226147629632870245
1.71600000000000019	0.224339890430712341
1.72200000000000042	0.222425832001893004
1.72799999999999976	0.220364248978701438
1.73399999999999999	0.218140528285080709
1.74000000000000021	0.215759385094758727
1.74600000000000044	0.213240464875271374
1.75199999999999978	0.210619519501387797
1.75800000000000001	0.207943395461319236
1.76400000000000023	0.205262841453112854
1.77000000000000046	0.202630562248223789
1.7759999999999998	0.200100514815173824
1.78200000000000003	0.197722154290281921
1.78800000000000026	0.195530743847972921
1.79400000000000048	0.193541730324901323
1.79999999999999982	0.191750991311547742
1.80600000000000005	0.190134615782330096
1.81200000000000028	0.188648779400317018
1.8180000000000005	0.187232892567892134
1.82399999999999984	0.185811231254611936
1.83000000000000007	0.184295764117239858
1.8360000000000003	0.182601672599677828
1.84200000000000053	0.18067237731130098
1.84799999999999986	0.178497499062160225
1.85400000000000009	0.176115159005977739
1.86000000000000032	0.17359922182904225
1.86599999999999966	0.171035524254367327
1.87199999999999989	0.168495080262054314
1.87800000000000011	0.166013368974333858
1.88400000000000034	0.163584656466935013
1.88999999999999968	0.161175795459299914
1.89599999999999991	0.158752736798113192
1.90200000000000014	0.156304195917287225
1.90800000000000036	0.153848559108575339
1.9139999999999997	0.151422502490637406
1.91999999999999993	0.149062524186680367
1.92600000000000016	0.146792476062208077
1.93200000000000038	0.144621742917405344
1.93799999999999972	0.142548616601169242
1.94399999999999995	0.140561757938806792
1.95000000000000018	0.138640008808473492
1.95600000000000041	0.13675598327318253
1.96199999999999974	0.134885596366895066
1.96799999999999997	0.133018644505163486
1.9740000000000002	0.131162754720230201
1.98000000000000043	0.129338204950428137
1.98599999999999977	0.12756854191528591
1.99199999999999999	0.125873112634920348
1.99800000000000022	0.124262704656365033
2.00400000000000045	0.122736262504928015
2.00999999999999979	0.121279002250150814
2.01600000000000001	0.119865460726726755
2.02200000000000024	0.118469215898755184
2.02800000000000047	0.117074592172838707
2.03399999999999981	0.115682436446906428
2.04000000000000004	0.114306946669333456
2.04600000000000026	0.112967150077181569
2.05200000000000049	0.111678100903874353
2.05799999999999983	0.110444988539278338
2.06400000000000006	0.109261684766187001
2.07000000000000028	0.108113780137554016
2.07600000000000051	0.106984040284607784
2.08199999999999985	0.10585716306404841
2.08800000000000008	0.104722318395888803
2.09400000000000031	0.103573770612340771
2.10000000000000053	0.102409923769382821
2.10599999999999987	0.101231870834818938
2.1120000000000001	0.100043799019505636
2.11800000000000033	0.0988552136539491422
2.12399999999999967	0.0976811449269279486
2.12999999999999989	0.0965376823553999314
2.13600000000000012	0.0954351513054813444
2.14200000000000035	0.0943738582491908257
2.14799999999999969	0.0933453215813925263
2.15399999999999991	0.0923376888334792728
2.16000000000000014	0.0913415156435375269
2.16600000000000037	0.0903530176584423639
2.17199999999999971	0.089374350635387706
2.17799999999999994	0.088411683385562323
2.18400000000000016	0.0874717895741033563
2.19000000000000039	0.0865585606175033329
2.19599999999999973	0.0856717461179041934
2.20199999999999996	0.084808717761730823
2.20800000000000018	0.0839672633177304673
2.21400000000000041	0.0831469434394741247
2.21999999999999975	0.082348311986473563
2.22599999999999998	0.0815709098103623853
2.23200000000000021	0.0808115529963509688
2.23800000000000043	0.0800641452360837114
2.24399999999999977	0.0793211172931133912
2.25	0.0785753684624719562
2.25600000000000023	0.077821425007700562
2.26200000000000045	0.077055630980119888
2.26799999999999979	0.0762761985125210429
2.27400000000000002	0.0754836822630795129
2.28000000000000025	0.074681527038643003
2.28600000000000048	0.0738759929134803067
2.29199999999999982	0.0730751525192097628
2.29800000000000004	0.0722873033818992317
2.30400000000000027	0.0715196146120877368
2.3100000000000005	0.0707776398388235556
2.31599999999999984	0.0700654712672513641
2.32200000000000006	0.0693857418346367355
2.32800000000000029	0.0687391555302857699
2.33400000000000052	0.0681241300698628566
2.33999999999999986	0.0675371845196741927
2.34600000000000009	0.0669737047710861344
2.35200000000000031	0.0664281029737889828
2.35800000000000054	0.065893219851433843
2.36399999999999988	0.0653600470608121376
2.37000000000000011	0.0648187590872529862
2.37600000000000033	0.0642607178263654572
2.38199999999999967	0.0636802550933162487
2.3879999999999999	0.0630756060143444902
2.39400000000000013	0.06244928951336539
2.40000000000000036	0.0618081667676551108
2.40599999999999969	0.061162774688835124
2.41199999999999992	0.0605255984205000513
2.41800000000000015	0.059908752127354116
2.42400000000000038	0.0593219905356529228
2.42999999999999972	0.058771577494956137
2.43599999999999994	0.0582599040390691589
2.44200000000000017	0.0577855664917165807
2.4480000000000004	0.0573438528260715452
2.45399999999999974	0.0569277266439979848
2.45999999999999996	0.0565291839343435645
2.46600000000000019	0.0561405886631037437
2.47200000000000042	0.0557556506931596793
2.47799999999999976	0.0553700171114732825
2.48399999999999999	0.054981589380816466
2.49000000000000021	0.0545904698983687986
2.49600000000000044	0.0541982471336381263
2.50199999999999978	0.0538066358785904419
2.50800000000000001	0.0534161221454947654
2.51400000000000023	0.0530254481772935021
2.52000000000000046	0.0526321874913737719
2.5259999999999998	0.052233882855365045
2.53200000000000003	0.0518289651163320667
2.53800000000000026	0.0514169961654247151
2.54400000000000048	0.0509982507932491211
2.54999999999999982	0.0505729662324297738
2.55600000000000005	0.0501407210600676445
2.56200000000000028	0.0497003473101037332
2.5680000000000005	0.0492504882222378412
2.57399999999999984	0.0487904912742040259
2.58000000000000007	0.0483210575681535873
2.5860000000000003	0.0478442174133385939
2.59200000000000053	0.0473627071361561111
2.59799999999999986	0.0468792510323298231
2.60400000000000009	0.0463962216200500821
2.61000000000000032	0.0459157504434521066
2.61600000000000055	0.0454400007060332747
2.62199999999999989	0.0449712658994034092
2.62800000000000011	0.0445117777657996552
2.63400000000000034	0.0440633503767009424
2.63999999999999968	0.0436270546969009312
2.64599999999999991	0.0432030259992689514
2.65200000000000014	0.0427904265288916452
2.65800000000000036	0.0423876005588680466
2.6639999999999997	0.0419924576981218836
2.66999999999999993	0.0416030057202982362
2.67600000000000016	0.0412178340245930447
2.68200000000000038	0.0408363704474543551
2.68799999999999972	0.040458858032350907
2.69399999999999995	0.0400860965514510115
2.70000000000000018	0.0397190395331965124
2.70600000000000041	0.0393583755460718554
2.71199999999999974	0.0390042475673343381
2.71799999999999997	0.0386562243976808981
2.7240000000000002	0.0383135260014496187
2.73000000000000043	0.0379753830423570429
2.73599999999999977	0.0376413497966883032
2.74199999999999999	0.0373114252814606001
2.74800000000000022	0.036985958763452037
2.75400000000000045	0.0366654437060617011
2.75999999999999979	0.0363503385957377398
2.76600000000000001	0.0360409811203108166
2.77200000000000024	0.0357375740884345525
2.77800000000000047	0.0354402004096305498
2.78399999999999981	0.0351488574257317818
2.79000000000000004	0.0348635169184701513
2.79600000000000026	0.0345841872205017511
2.80200000000000049	0.0343109213188967782
2.80799999999999983	0.0340437334197582139
2.81400000000000006	0.0337824556233911055
2.82000000000000028	0.0335266283587846436
2.82600000000000051	0.033275509461050394
2.83199999999999985	0.0330282031531994522
2.83800000000000008	0.0327838256472364892
2.84400000000000031	0.0325416211939926064
2.85000000000000053	0.0323010191300238739
2.85599999999999987	0.0320616951646270978
2.8620000000000001	0.0318236964185573193
2.86800000000000033	0.0315876103444718836
2.87400000000000055	0.0313546655596101675
2.87999999999999989	0.0311266282981911453
2.88600000000000012	0.0309054414906829548
2.89200000000000035	0.0306927018281538677
2.89799999999999969	0.0304891805470474224
2.90399999999999991	0.0302945821858194818
2.91000000000000014	0.0301076093705386558
2.91600000000000037	0.0299262562606609633
2.92199999999999971	0.0297481893826227056
2.92799999999999994	0.0295711105970440542
2.93400000000000016	0.0293930654653246186
2.94000000000000039	0.0292126892259619957
2.94599999999999973	0.0290293666092687301
2.95199999999999996	0.0288432683211795465
2.95800000000000018	0.0286552495347670473
2.96400000000000041	0.0284666391248433771
2.96999999999999975	0.0282789769037157419
2.97599999999999998	0.0280937541364867718
2.98200000000000021	0.0279121921941146919
2.98800000000000043	0.0277350762079973598
2.99399999999999977	0.0275626555288449177
3	0.027394623705110803
