-3	0.0318165615268935775
-2.99400000000000022	0.0320192440520311178
-2.98799999999999999	0.0322203247024259246
-2.98200000000000021	0.0324195683301232926
-2.97599999999999998	0.0326182545559375522
-2.9700000000000002	0.0328190266941603345
-2.96399999999999997	0.0330255353561767287
-2.95800000000000018	0.0332419074206026649
-2.95199999999999996	0.0334720633411919807
-2.94600000000000017	0.0337189661246656835
-2.93999999999999995	0.0339839722685094173
-2.93400000000000016	0.0342664762919408228
-2.92799999999999994	0.0345639297706888393
-2.92200000000000015	0.0348721223079739226
-2.91599999999999993	0.0351855082763021937
-2.91000000000000014	0.0354974760884700508
-2.90399999999999991	0.0358006882218867284
-2.89800000000000013	0.0360877197453677856
-2.8919999999999999	0.0363520480644595467
-2.88600000000000012	0.0365891176762095441
-2.87999999999999989	0.0367970143967498095
-2.87400000000000011	0.0369764374499080353
-2.86799999999999988	0.037130050617016401
-2.8620000000000001	0.0372615974047251983
-2.85599999999999987	0.0373751611195424632
-2.85000000000000009	0.0374747113788686664
-2.84399999999999986	0.0375638377487310521
-2.83800000000000008	0.0376455115558233175
-2.83199999999999985	0.0377218394041364952
-2.82600000000000007	0.037793907975515989
-2.81999999999999984	0.0378618313619169464
-2.81400000000000006	0.0379250463295778689
-2.80799999999999983	0.0379828584080126527
-2.80200000000000005	0.0380352023958528407
-2.79599999999999982	0.0380834838871037876
-2.79000000000000004	0.0381312595909635912
-2.78399999999999981	0.0381844874507634921
-2.77800000000000002	0.0382511631702660976
-2.7719999999999998	0.0383403505421594237
-2.76600000000000001	0.0384608719790236891
-2.75999999999999979	0.0386201107562502213
-2.754	0.0388233142956774385
-2.74800000000000022	0.0390734877167192712
-2.74199999999999999	0.0393716353711809075
-2.73599999999999977	0.0397169475821556248
-2.72999999999999998	0.0401066311936317255
-2.7240000000000002	0.0405354202559387589
-2.71799999999999997	0.0409951987487516128
-2.71199999999999974	0.0414753401279845252
-2.70599999999999996	0.0419641395431974359
-2.70000000000000018	0.0424511681941231109
-2.69399999999999995	0.0429298057574696371
-2.68800000000000017	0.0433988975470596255
-2.68199999999999994	0.0438626210595874019
-2.67600000000000016	0.0443283039845447854
-2.66999999999999993	0.0448029279130453262
-2.66400000000000015	0.0452898174745238816
-2.65799999999999992	0.0457870085970449384
-2.65200000000000014	0.046288049555211791
-2.64599999999999991	0.046785013509627868
-2.64000000000000012	0.0472726336930507987
-2.6339999999999999	0.04775181933724644
-2.62800000000000011	0.0482307475477699657
-2.62199999999999989	0.0487227768989814194
-2.6160000000000001	0.0492422568763543275
-2.60999999999999988	0.0498004741283891647
-2.60400000000000009	0.050403397192512675
-2.59799999999999986	0.051051226899588964
-2.59200000000000008	0.0517387446932199499
-2.58599999999999985	0.0524558434943734608
-2.58000000000000007	0.053188548701127443
-2.57399999999999984	0.0539210183313937191
-2.56800000000000006	0.0546382178124484932
-2.56199999999999983	0.055328120280726166
-2.55600000000000005	0.0559824623493226647
-2.54999999999999982	0.0565963113214646915
-2.54400000000000004	0.05716765193550611
-2.53799999999999981	0.0576977192209980685
-2.53200000000000003	0.0581915846580687221
-2.5259999999999998	0.058658198186377658
-2.52000000000000002	0.0591099425950899829
-2.51400000000000023	0.0595622633435327758
-2.50800000000000001	0.0600330287150504793
-2.50199999999999978	0.0605401529220818968
-2.496	0.0610967131458672597
-2.49000000000000021	0.0617050470595809433
-2.48399999999999999	0.0623526840399529075
-2.47799999999999976	0.0630122096925967712
-2.47199999999999998	0.0636455887760833533
-2.46600000000000019	0.0642125641706839528
-2.45999999999999996	0.0646819790831360958
-2.45399999999999974	0.06504287056814613
-2.44799999999999995	0.0653100402293255999
-2.44200000000000017	0.0655199482749149881
-2.43599999999999994	0.0657180639558598012
-2.42999999999999972	0.0659441252241485532
-2.42399999999999993	0.066222464294491884
-2.41800000000000015	0.0665604757631430149
-2.41199999999999992	0.0669531278557727455
-2.40600000000000014	0.0673888072565751589
-2.39999999999999991	0.067852812749462324
-2.39400000000000013	0.0683278227629538076
-2.3879999999999999	0.0687931954987881233
-2.38200000000000012	0.0692258579713571909
-2.37599999999999989	0.0696047742288228855
-2.37000000000000011	0.0699186262998137409
-2.36399999999999988	0.0701734571518798228
-2.3580000000000001	0.0703961435654838347
-2.35199999999999987	0.0706317113089641596
-2.34600000000000009	0.0709352909593603392
-2.33999999999999986	0.0713608030170366919
-2.33400000000000007	0.0719491979724549285
-2.32799999999999985	0.0727200892443417152
-2.32200000000000006	0.0736702234708422332
-2.31599999999999984	0.0747790714999195388
-2.31000000000000005	0.0760175803079453649
-2.30399999999999983	0.0773544913890436281
-2.29800000000000004	0.0787574928848143035
-2.29199999999999982	0.0801911395642794789
-2.28600000000000003	0.0816157577716909999
-2.28000000000000025	0.0829908704033216343
-2.27400000000000002	0.0842843309278286656
-2.26799999999999979	0.0854841712589131802
-2.26200000000000001	0.0866060265543550645
-2.25600000000000023	0.087689926615263758
-2.25	0.0887868833801377377
-2.24399999999999977	0.0899417107567663382
-2.23799999999999999	0.0911788962421765381
-2.23200000000000021	0.0924949161230603917
-2.22599999999999998	0.0938575681845603277
-2.21999999999999975	0.095212236387875529
-2.21399999999999997	0.0964948871052341145
-2.20800000000000018	0.0976505733298591722
-2.20199999999999996	0.098653807958352005
-2.19599999999999973	0.0995228333715175717
-2.18999999999999995	0.100316882325118012
-2.18400000000000016	0.10111139571048175
-2.17799999999999994	0.101960898066396299
-2.17199999999999971	0.102870974826169151
-2.16599999999999993	0.103797527998636133
-2.16000000000000014	0.104673027802291138
-2.15399999999999991	0.105439787803048191
-2.14800000000000013	0.10606763310190849
-2.1419999999999999	0.106549921567056893
-2.13600000000000012	0.106888846679827704
-2.12999999999999989	0.107083859268209999
-2.12400000000000011	0.107130325717559372
-2.11799999999999988	0.107027768303760387
-2.1120000000000001	0.106792553899688641
-2.10599999999999987	0.106468711114440881
-2.10000000000000009	0.10612997002770036
-2.09399999999999986	0.105868441943085159
-2.08800000000000008	0.105774062602836352
-2.08199999999999985	0.105917068606149051
-2.07600000000000007	0.106343165655821997
-2.06999999999999984	0.107080328202162803
-2.06400000000000006	0.108148580889872614
-2.05799999999999983	0.109563199765682934
-2.05200000000000005	0.11132523815699609
-2.04599999999999982	0.113402292114755388
-2.04000000000000004	0.115712435724003637
-2.03399999999999981	0.118125552761551122
-2.02800000000000002	0.120487966063516957
-2.02200000000000024	0.122662084509834318
-2.01600000000000001	0.124560343184133809
-2.00999999999999979	0.126154578108926441
-2.004	0.127460541614112882
-1.998	0.128518296325294823
-1.99199999999999999	0.129388685014517557
-1.98599999999999999	0.130159112732032012
-1.97999999999999998	0.130934777414220049
-1.97399999999999998	0.131808776168959418
-1.96799999999999997	0.132829297540774993
-1.96199999999999997	0.133987817917143676
-1.95599999999999996	0.135240257293097577
-1.94999999999999996	0.13654866485298725
-1.94399999999999995	0.137911517860311306
-1.93799999999999994	0.139361903785766239
-1.93199999999999994	0.140941949363035085
-1.92599999999999993	0.142675436824699159
-1.91999999999999993	0.14455709315106724
-1.91399999999999992	0.14656294388440369
-1.90799999999999992	0.148662317915432884
-1.90199999999999991	0.150807853182901935
-1.89599999999999991	0.152914859120679286
-1.8899999999999999	0.154868621632492487
-1.8839999999999999	0.156571373296533589
-1.87799999999999989	0.15798917572084184
-1.87199999999999989	0.159147748078799167
-1.86599999999999988	0.160077522784561888
-1.85999999999999988	0.160766136703212409
-1.85399999999999987	0.161173530358756117
-1.84799999999999986	0.16129689634468708
-1.84200000000000008	0.161210742558871273
-1.83600000000000008	0.161034531117296015
-1.83000000000000007	0.160864072439875883
-1.82400000000000007	0.160736356804098673
-1.81800000000000006	0.160651164392527662
-1.81200000000000006	0.160608221432591791
-1.80600000000000005	0.160614301984958407
-1.80000000000000004	0.160664060025583977
-1.79400000000000004	0.160729733042324546
-1.78800000000000003	0.160781022695672765
-1.78200000000000003	0.160819601384290134
-1.77600000000000002	0.160895839210959568
-1.77000000000000002	0.1610949922338
-1.76400000000000001	0.161496994415220141
-1.75800000000000001	0.162120808674039385
-1.752	0.162898514493152624
-1.746	0.163721314312577665
-1.73999999999999999	0.164506376741345162
-1.73399999999999999	0.165213586390952488
-1.72799999999999998	0.165847127388335763
-1.72199999999999998	0.166480331400745807
-1.71599999999999997	0.167243512774912839
-1.70999999999999996	0.168242210163927763
-1.70399999999999996	0.169480418519995985
-1.69799999999999995	0.170844821768198929
-1.69199999999999995	0.172126183522190723
-1.68599999999999994	0.17307815078461164
-1.67999999999999994	0.173532944797900407
-1.67399999999999993	0.173517758329940264
-1.66799999999999993	0.173286282920077916
-1.66199999999999992	0.17323360255012768
-1.65599999999999992	0.173734146365234127
-1.64999999999999991	0.174980804223249631
-1.64399999999999991	0.176886526721764553
-1.6379999999999999	0.17908177104453657
-1.6319999999999999	0.181049986586112266
-1.62599999999999989	0.182405959600832196
-1.61999999999999988	0.183147255897603944
-1.61399999999999988	0.183638363919694403
-1.60799999999999987	0.184335740227124095
-1.60199999999999987	0.185511720231860744
-1.59599999999999986	0.187150764131006786
-1.59000000000000008	0.189009583268061165
-1.58400000000000007	0.190765947124833857
-1.57800000000000007	0.192142082668349118
-1.57200000000000006	0.192948883420207357
-1.56600000000000006	0.193093768691693118
-1.56000000000000005	0.192573006025969717
-1.55400000000000005	0.191463902175143197
-1.54800000000000004	0.189937508711390118
-1.54200000000000004	0.188254779140983763
-1.53600000000000003	0.186723319188487974
-1.53000000000000003	0.185616312151704793
-1.52400000000000002	0.185053410907164428
-1.51800000000000002	0.184941497729394638
-1.51200000000000001	0.18505314384851107
-1.50600000000000001	0.185168562942153225
-1.5	0.185169142661696068
-1.49399999999999999	0.185052101614537862
-1.48799999999999999	0.1849200113904933
-1.48199999999999998	0.184950001632858685
-1.47599999999999998	0.185320352153138385
-1.46999999999999997	0.186123951587441661
-1.46399999999999997	0.187308811386975804
-1.45799999999999996	0.1886819750681894
-1.45199999999999996	0.189985822781733177
-1.44599999999999995	0.190957125218788021
-1.43999999999999995	0.191329623533362747
-1.43399999999999994	0.190934477929622787
-1.42799999999999994	0.189881361440190966
-1.42199999999999993	0.18862765192545039
-1.41599999999999993	0.187840201776430488
-1.40999999999999992	0.188074879998078509
-1.40399999999999991	0.189428021995226015
-1.39799999999999991	0.191440179417648848
-1.3919999999999999	0.193406727601136336
-1.3859999999999999	0.194867693745111731
-1.37999999999999989	0.195862410404674919
-1.37399999999999989	0.196815467518168363
-1.36799999999999988	0.198164509984826293
-1.36199999999999988	0.199953928048676594
-1.35599999999999987	0.201906384257632104
-1.34999999999999987	0.204087485188509332
-1.34399999999999986	0.207185233780484479
-1.33799999999999986	0.211740229830897658
-1.33200000000000007	0.217331334431234618
-1.32600000000000007	0.222895537866147381
-1.32000000000000006	0.227666950690928654
-1.31400000000000006	0.231381242499644257
-1.30800000000000005	0.233853640748097363
-1.30200000000000005	0.234761434729398172
-1.29600000000000004	0.233780232595819565
-1.29000000000000004	0.230957667331163796
-1.28400000000000003	0.226958204519297851
-1.27800000000000002	0.222802559668271866
-1.27200000000000002	0.219236239231973856
-1.26600000000000001	0.216441614363572205
-1.26000000000000001	0.21427368913585057
-1.254	0.212488741103178613
-1.248	0.21079538162269168
-1.24199999999999999	0.208874102802135725
-1.23599999999999999	0.206548182124552421
-1.22999999999999998	0.203944546607647242
-1.22399999999999998	0.201256189742866631
-1.21799999999999997	0.198511879728427348
-1.21199999999999997	0.195733529286090585
-1.20599999999999996	0.193028259816703351
-1.19999999999999996	0.190512825254422036
-1.19399999999999995	0.188313591185149926
-1.18799999999999994	0.186459453036163736
-1.18199999999999994	0.184922374417872876
-1.17599999999999993	0.184036603469853427
-1.16999999999999993	0.184377576972125423
-1.16399999999999992	0.186072173324444839
-1.15799999999999992	0.188707267690248509
-1.15199999999999991	0.191800846475550457
-1.14599999999999991	0.194917309104099629
-1.1399999999999999	0.197392847808008004
-1.1339999999999999	0.198535671161403054
-1.12799999999999989	0.198530791422237535
-1.12199999999999989	0.198213222248235149
-1.11599999999999988	0.197838570885950804
-1.10999999999999988	0.197494769388917302
-1.10399999999999987	0.197785227761212934
-1.09799999999999986	0.198849276854280166
-1.09199999999999986	0.199845963440701574
-1.08599999999999985	0.199688286094037271
-1.08000000000000007	0.197715238078137928
-1.07400000000000007	0.194101071517107898
-1.06800000000000006	0.18999003157969227
-1.06200000000000006	0.186593391511730655
-1.05600000000000005	0.184103583371091589
-1.05000000000000004	0.181962278479339268
-1.04400000000000004	0.179779312530899349
-1.03800000000000003	0.177619116796442017
-1.03200000000000003	0.175684222250671096
-1.02600000000000002	0.173906216508166567
-1.02000000000000002	0.172090878614131249
-1.01400000000000001	0.170463065657951274
-1.00800000000000001	0.169477318183289316
-1.002	0.169286290448694421
-0.995999999999999996	0.170182502673086516
-0.989999999999999769	0.172687143533938381
-0.983999999999999986	0.176268412914138445
-0.977999999999999758	0.179005873124783027
-0.971999999999999975	0.17897092961176933
-0.965999999999999748	0.176167270064450793
-0.959999999999999964	0.172783799640277874
-0.953999999999999737	0.170749895915344146
-0.947999999999999954	0.170981887577873637
-0.942000000000000171	0.173592083383592277
-0.935999999999999943	0.176769381154641109
-0.93000000000000016	0.17787996402112255
-0.923999999999999932	0.176874129926176321
-0.918000000000000149	0.175363607754606354
-0.911999999999999922	0.17345231941737449
-0.906000000000000139	0.170528109372954845
-0.899999999999999911	0.166975654881054952
-0.894000000000000128	0.164621662958650411
-0.887999999999999901	0.164564284652015697
-0.882000000000000117	0.165705936914074453
-0.87599999999999989	0.166110569543774206
-0.870000000000000107	0.16490653738207639
-0.863999999999999879	0.162274908500858989
-0.858000000000000096	0.159061905994454827
-0.851999999999999869	0.157147262184095082
-0.846000000000000085	0.157720379689494039
-0.839999999999999858	0.159139252067052844
-0.834000000000000075	0.159081192535774685
-0.827999999999999847	0.156818603381028043
-0.822000000000000064	0.153148063639575782
-0.815999999999999837	0.149324376908496509
-0.810000000000000053	0.146963289058960417
-0.803999999999999826	0.147787154162835638
-0.798000000000000043	0.151896904592558335
-0.791999999999999815	0.158233380231059012
-0.786000000000000032	0.164818283014178557
-0.779999999999999805	0.166571808501022434
-0.774000000000000021	0.162789706287344932
-0.767999999999999794	0.158148205787024959
-0.762000000000000011	0.153995190112993119
-0.755999999999999783	0.149849082425342062
-0.75	0.146086704386256677
-0.743999999999999773	0.144492944266792267
-0.737999999999999989	0.145363850663328631
-0.731999999999999762	0.146654120699535845
-0.725999999999999979	0.14783122203953647
-0.719999999999999751	0.149420184951929658
-0.713999999999999968	0.151147392574509848
-0.707999999999999741	0.153250567485693434
-0.701999999999999957	0.155254958599802373
-0.69599999999999973	0.154755014327021878
-0.689999999999999947	0.151538087220639106
-0.684000000000000163	0.147762828594431656
-0.677999999999999936	0.144341478300693826
-0.672000000000000153	0.14312045437293841
-0.665999999999999925	0.14393814039018496
-0.660000000000000142	0.143889479378543433
-0.653999999999999915	0.14301773511777946
-0.648000000000000131	0.141778326138337962
-0.641999999999999904	0.140574255433552037
-0.636000000000000121	0.13957755435904981
-0.629999999999999893	0.140138894348576071
-0.62400000000000011	0.14132734074329803
-0.617999999999999883	0.142164446298108621
-0.612000000000000099	0.141438510821054103
-0.605999999999999872	0.13975042360400694
-0.600000000000000089	0.137289428485289938
-0.593999999999999861	0.136131813308115968
-0.588000000000000078	0.139436228818999641
-0.581999999999999851	0.142534095490239182
-0.576000000000000068	0.143301346656240336
-0.56999999999999984	0.14338965980760382
-0.564000000000000057	0.143047459979227076
-0.557999999999999829	0.14463960446696883
-0.552000000000000046	0.146769692454062489
-0.545999999999999819	0.149337213664385571
-0.540000000000000036	0.152531884502567328
-0.533999999999999808	0.152150810617052434
-0.528000000000000025	0.154960779222835909
-0.521999999999999797	0.16236940098443256
-0.516000000000000014	0.165084523051142601
-0.509999999999999787	0.158398962596749737
-0.504000000000000004	0.152774161437074951
-0.497999999999999776	0.154083575946259571
-0.491999999999999993	0.1640342281076278
-0.485999999999999766	0.17780451544506562
-0.479999999999999982	0.187234784643356911
-0.473999999999999755	0.185062609169846376
-0.467999999999999972	0.178753910809093058
-0.461999999999999744	0.17906350222954201
-0.455999999999999961	0.172651909899886907
-0.449999999999999734	0.166831435634828107
-0.44399999999999995	0.165543251192320773
-0.438000000000000167	0.163131230286668955
-0.43199999999999994	0.159691542479361875
-0.426000000000000156	0.154363933197234349
-0.419999999999999929	0.151582168704622183
-0.414000000000000146	0.148542468160361957
-0.407999999999999918	0.150456924304433443
-0.402000000000000135	0.144404425953659099
-0.395999999999999908	0.140001437769316617
-0.390000000000000124	0.139795442227978517
-0.383999999999999897	0.135982134331773391
-0.378000000000000114	0.131549090477783792
-0.371999999999999886	0.13075091647319334
-0.366000000000000103	0.127172110679761197
-0.359999999999999876	0.117596989743776081
-0.354000000000000092	0.123421643796955152
-0.347999999999999865	0.148600215974398098
-0.342000000000000082	0.161768559445525845
-0.335999999999999854	0.136861237726247559
-0.330000000000000071	0.118793790100247668
-0.323999999999999844	0.122184790809030525
-0.31800000000000006	0.131187307165549938
-0.311999999999999833	0.140243687283680196
-0.30600000000000005	0.153891292290649323
-0.299999999999999822	0.143038392693519811
-0.294000000000000039	0.141303394455746467
-0.287999999999999812	0.145937756270837632
-0.282000000000000028	0.163106309169499308
-0.275999999999999801	0.14025791599514581
-0.270000000000000018	0.142015927404280373
-0.26399999999999979	0.135912026029572253
-0.258000000000000007	0.149272806273557296
-0.25199999999999978	0.164326243145409279
-0.245999999999999996	0.167425138127793083
-0.239999999999999769	0.165023060610832356
-0.233999999999999986	0.152736369987835463
-0.227999999999999758	0.159683458135607387
-0.221999999999999975	0.156700442794748429
-0.215999999999999748	0.188081509348135639
-0.209999999999999964	0.18812541702436672
-0.203999999999999737	0.185812365465774038
-0.197999999999999954	0.20242631106673778
-0.191999999999999726	0.193141016628761153
-0.185999999999999943	0.148320905541872744
-0.18000000000000016	0.159191594328617042
-0.173999999999999932	0.204008512432482941
-0.168000000000000149	0.197006853337329452
-0.161999999999999922	0.191893422596367769
-0.156000000000000139	0.197229380293939688
-0.149999999999999911	0.238982827985220664
-0.144000000000000128	0.22878251476580419
-0.137999999999999901	0.219319199180410568
-0.132000000000000117	0.237296590601771218
-0.12599999999999989	0.204878360679098426
-0.120000000000000107	0.19574737459256375
-0.113999999999999879	0.216799107049557183
-0.108000000000000096	0.297141209884940471
-0.101999999999999869	0.287293581515921659
-0.0960000000000000853	0.314672916111636891
-0.0899999999999998579	0.314338796030780465
-0.0840000000000000746	0.378510413928701051
-0.0779999999999998472	0.465558887569643365
-0.0720000000000000639	0.299554872000363404
-0.0659999999999998366	0.384130520589820834
-0.0600000000000000533	0.359303648159602251
-0.0539999999999998259	0.533764924035808219
-0.0480000000000000426	0.461645786903869926
-0.0419999999999998153	0.55083379245816988
-0.036000000000000032	0.536965353429150527
-0.0299999999999998046	0.672092291770172157
-0.0240000000000000213	0.791399281260404819
-0.0179999999999997939	0.88068773282363344
-0.0120000000000000107	0.979822352658532347
-0.00599999999999978328	1.04214594133067506
0	1.03548574478552347
0.00600000000000022737	1.01806442445001055
0.0120000000000000107	0.664215845409793171
0.018000000000000238	0.957690724977154684
0.0240000000000000213	0.833864494248791277
0.0300000000000002487	0.691857776199355845
0.036000000000000032	0.519470038731552841
0.0420000000000002593	0.506775971712255635
0.0480000000000000426	0.388326761581648139
0.05400000000000027	0.459218944397635109
0.0600000000000000533	0.499708559094639071
0.0660000000000002807	0.478885219485212232
0.0720000000000000639	0.361633464880475652
0.0779999999999998472	0.299717690905137335
0.0840000000000000746	0.345220366281948299
0.0899999999999998579	0.371705973758755803
0.0960000000000000853	0.275497915880739352
0.101999999999999869	0.304054616008051504
0.108000000000000096	0.233417018275608124
0.113999999999999879	0.24093265848732498
0.120000000000000107	0.259798304400511604
0.12599999999999989	0.235182974522397642
0.132000000000000117	0.197314333107776657
0.137999999999999901	0.179375691565086454
0.144000000000000128	0.184787216785084363
0.149999999999999911	0.157132152250226753
0.156000000000000139	0.184581990524954997
0.161999999999999922	0.178072291010007794
0.168000000000000149	0.149684593710190661
0.173999999999999932	0.167552715069300973
0.18000000000000016	0.187824726441665202
0.185999999999999943	0.161267055086287664
0.192000000000000171	0.149205141544896502
0.197999999999999954	0.159910234093707693
0.204000000000000181	0.173290804884289384
0.209999999999999964	0.164553690819023213
0.216000000000000192	0.152828680435056485
0.221999999999999975	0.182084186569992257
0.228000000000000203	0.164685534345177548
0.233999999999999986	0.150502738163609984
0.240000000000000213	0.174657151806294042
0.245999999999999996	0.202823097142290965
0.252000000000000224	0.192997863232598432
0.258000000000000007	0.171005479391798831
0.264000000000000234	0.188178712560842343
0.270000000000000018	0.184401350532286956
0.276000000000000245	0.165303053454171789
0.282000000000000028	0.153458358137145062
0.288000000000000256	0.158593277725503301
0.294000000000000039	0.156946061550991695
0.300000000000000266	0.149146412948815921
0.30600000000000005	0.149770990788685665
0.312000000000000277	0.147498601869966717
0.31800000000000006	0.152267600460189417
0.324000000000000288	0.155201099583768487
0.330000000000000071	0.14657053417891347
0.335999999999999854	0.14440768571771731
0.342000000000000082	0.159084982596255281
0.347999999999999865	0.14509121549165177
0.354000000000000092	0.133173252609936427
0.359999999999999876	0.135245381331869113
0.366000000000000103	0.147279757705369524
0.371999999999999886	0.157743695396315803
0.378000000000000114	0.15076178751793165
0.383999999999999897	0.145526538403550343
0.390000000000000124	0.146591545179071719
0.395999999999999908	0.149135371598167865
0.402000000000000135	0.144213508318257022
0.407999999999999918	0.137341250010949933
0.414000000000000146	0.139066295953405666
0.419999999999999929	0.144156684233705618
0.426000000000000156	0.143672005507857248
0.43199999999999994	0.136213945858943863
0.438000000000000167	0.131401104460639351
0.44399999999999995	0.131742561302155919
0.450000000000000178	0.137141856274104246
0.455999999999999961	0.141080430683143604
0.462000000000000188	0.138266251934275192
0.467999999999999972	0.129494457649918016
0.474000000000000199	0.123884972116656986
0.479999999999999982	0.126769969566012858
0.48600000000000021	0.134263426120642931
0.491999999999999993	0.149687589176057151
0.49800000000000022	0.166773958202084072
0.504000000000000004	0.17149422319515209
0.510000000000000231	0.165045272215999628
0.516000000000000014	0.157171973066056708
0.522000000000000242	0.151902381549738563
0.528000000000000025	0.151330934755356361
0.534000000000000252	0.153860168374074291
0.540000000000000036	0.153077815948941293
0.546000000000000263	0.151154476703714652
0.552000000000000046	0.145418161008361468
0.558000000000000274	0.140118418490412538
0.564000000000000057	0.140137044063939981
0.570000000000000284	0.141377357363957123
0.576000000000000068	0.14077557902496976
0.582000000000000295	0.134563928845941344
0.588000000000000078	0.130518395419722044
0.593999999999999861	0.130722717722009357
0.600000000000000089	0.130480884316010071
0.605999999999999872	0.132998334667094514
0.612000000000000099	0.139634945938934441
0.617999999999999883	0.146793671482105259
0.62400000000000011	0.152498046874435828
0.629999999999999893	0.153719023501302621
0.636000000000000121	0.151189762240631187
0.641999999999999904	0.14744171685427454
0.648000000000000131	0.145284036052561571
0.653999999999999915	0.146388555743787591
0.660000000000000142	0.150419369176199025
0.665999999999999925	0.153871228408976907
0.672000000000000153	0.152841683545935053
0.677999999999999936	0.147972581904084605
0.684000000000000163	0.140833869114491111
0.689999999999999947	0.13289508063404365
0.696000000000000174	0.126355507515240051
0.701999999999999957	0.12297665606741108
0.708000000000000185	0.123919247325902995
0.713999999999999968	0.1277461224321505
0.720000000000000195	0.132319688165442734
0.725999999999999979	0.136429427623868366
0.732000000000000206	0.139397636311738599
0.737999999999999989	0.1408902017202881
0.744000000000000217	0.141025908229105823
0.75	0.141282873282063237
0.756000000000000227	0.142880507391703715
0.762000000000000011	0.145338161288170592
0.768000000000000238	0.14776319220290593
0.774000000000000021	0.14906137600661909
0.780000000000000249	0.148532068744784085
0.786000000000000032	0.147896844227110441
0.792000000000000259	0.148697962470403983
0.798000000000000043	0.15076184346900745
0.80400000000000027	0.153386498368421442
0.810000000000000053	0.156233567790533545
0.816000000000000281	0.15950339310343517
0.822000000000000064	0.163508276369131428
0.828000000000000291	0.167975299295089309
0.834000000000000075	0.171933710653071642
0.839999999999999858	0.173725865843648103
0.846000000000000085	0.17351755628112786
0.851999999999999869	0.172763668549393817
0.858000000000000096	0.172036043075692452
0.863999999999999879	0.17165844570445965
0.870000000000000107	0.171937844938186979
0.87599999999999989	0.173084551626797367
0.882000000000000117	0.174953724265789784
0.887999999999999901	0.177757274777777363
0.894000000000000128	0.180821269420230912
0.899999999999999911	0.183231893378576982
0.906000000000000139	0.185163109789761138
0.911999999999999922	0.186898366542811278
0.918000000000000149	0.187972546559722481
0.923999999999999932	0.187857993309991422
0.93000000000000016	0.186891606198815063
0.935999999999999943	0.185662232260208088
0.942000000000000171	0.183801274343281307
0.947999999999999954	0.181055245502710432
0.954000000000000181	0.177976481786625312
0.959999999999999964	0.174887131865799961
0.966000000000000192	0.171401696745907106
0.971999999999999975	0.167552474741798657
0.978000000000000203	0.164320110412792819
0.983999999999999986	0.162775197962391177
0.990000000000000213	0.163498895247826848
0.995999999999999996	0.166415450246992697
1.00199999999999978	0.170807377223888113
1.00800000000000001	0.175485662243520912
1.01400000000000023	0.179175348670808282
1.02000000000000046	0.181191422307139915
1.0259999999999998	0.181760859521432783
1.03200000000000003	0.181388510691578547
1.03800000000000026	0.180383961020194744
1.04400000000000048	0.178908215546187355
1.04999999999999982	0.177210893959778792
1.05600000000000005	0.176021152011453047
1.06200000000000028	0.17598402188973894
1.0680000000000005	0.177413768525018056
1.07399999999999984	0.180111892492158837
1.08000000000000007	0.183069765126566752
1.0860000000000003	0.185365456925309591
1.09200000000000053	0.187025164121038118
1.09799999999999986	0.188404394960145799
1.10400000000000009	0.189694820351870158
1.11000000000000032	0.190897584099092854
1.11599999999999966	0.191601230834150732
1.12199999999999989	0.191544735653536108
1.12800000000000011	0.191218027572270133
1.13400000000000034	0.1910445065971699
1.13999999999999968	0.190823243337777615
1.14599999999999991	0.19034331242454447
1.15200000000000014	0.189723392244263517
1.15800000000000036	0.189090391417980896
1.1639999999999997	0.188596708138582647
1.16999999999999993	0.188662358379842965
1.17600000000000016	0.18951123573036302
1.18200000000000038	0.190892240450090483
1.18799999999999972	0.192548444265382757
1.19399999999999995	0.194430990905389511
1.20000000000000018	0.196323276618079856
1.20600000000000041	0.197552714521486761
1.21199999999999974	0.197474233789458248
1.21799999999999997	0.196166012873029566
1.2240000000000002	0.194252714409461069
1.23000000000000043	0.192270467177695165
1.23599999999999977	0.190635307168537521
1.24199999999999999	0.189880240973574393
1.24800000000000022	0.190356139237296496
1.25400000000000045	0.191772594456430134
1.25999999999999979	0.193564926568463608
1.26600000000000001	0.195695990449954088
1.27200000000000024	0.198548557663921627
1.27800000000000047	0.202036799132612299
1.28399999999999981	0.205341214592331567
1.29000000000000004	0.207526463375608178
1.29600000000000026	0.208044146212052472
1.30200000000000049	0.206926652237018366
1.30799999999999983	0.20493304426065273
1.31400000000000006	0.203269064460964349
1.32000000000000028	0.20290906573496309
1.32600000000000051	0.204143127170814898
1.33199999999999985	0.206672346309990651
1.33800000000000008	0.209950230490502737
1.34400000000000031	0.213360615186657443
1.35000000000000053	0.216349399516701096
1.35599999999999987	0.218611491219051268
1.3620000000000001	0.22005306477254416
1.36800000000000033	0.220402797445083121
1.37399999999999967	0.2189232028878631
1.37999999999999989	0.214945135869646836
1.38600000000000012	0.208799759330135948
1.39200000000000035	0.201745433791779921
1.39799999999999969	0.195005494600225038
1.40399999999999991	0.189220527347640943
1.41000000000000014	0.184601483639697
1.41600000000000037	0.181310238842138899
1.42199999999999971	0.179633909559913096
1.42799999999999994	0.179754036481382801
1.43400000000000016	0.181392496022020316
1.44000000000000039	0.183755996410922384
1.44599999999999973	0.185896143071074216
1.45199999999999996	0.187196019519559831
1.45800000000000018	0.187574826265288763
1.46400000000000041	0.187359746930113258
1.46999999999999975	0.18707156586562726
1.47599999999999998	0.187171282076040141
1.48200000000000021	0.187751692234579132
1.48800000000000043	0.188495223698985054
1.49399999999999977	0.189042560619082284
1.5	0.189367705611066112
1.50600000000000023	0.189773261068535343
1.51200000000000045	0.190583187424600342
1.51799999999999979	0.191869759712151672
1.52400000000000002	0.193435650768908174
1.53000000000000025	0.194984771491164388
1.53600000000000048	0.196284684824674621
1.54199999999999982	0.197236035644855423
1.54800000000000004	0.197828763205673469
1.55400000000000027	0.198042380235337351
1.5600000000000005	0.197892899668723837
1.56599999999999984	0.197585500972634276
1.57200000000000006	0.197464209955082987
1.57800000000000029	0.197747845972588682
1.58400000000000052	0.198334668068693515
1.58999999999999986	0.198823048224964882
1.59600000000000009	0.198712596839114075
1.60200000000000031	0.197679612590175385
1.60800000000000054	0.195782819992039669
1.61399999999999988	0.193440594275214761
1.62000000000000011	0.191181571063792966
1.62600000000000033	0.189407156015022837
1.63199999999999967	0.18831010687581326
1.6379999999999999	0.187872111975261713
1.64400000000000013	0.187888528346012523
1.65000000000000036	0.188044171834150647
1.65599999999999969	0.188021362528295377
1.66199999999999992	0.187562061709202921
1.66800000000000015	0.186454175597425276
1.67400000000000038	0.184530994531592107
1.67999999999999972	0.181764561350146014
1.68599999999999994	0.17836656444457194
1.69200000000000017	0.174758284959261295
1.6980000000000004	0.171429880932768064
1.70399999999999974	0.168786621446196689
1.70999999999999996	0.167024751517116155
1.71600000000000019	0.166089125860855308
1.72200000000000042	0.16576228450133404
1.72799999999999976	0.165822589964109313
1.73399999999999999	0.166135160577160323
1.74000000000000021	0.166620779558632193
1.74600000000000044	0.167174972108232039
1.75199999999999978	0.167636995313379639
1.75800000000000001	0.167838799954531492
1.76400000000000023	0.167689150053237424
1.77000000000000046	0.167233657554388931
1.7759999999999998	0.166653816167636609
1.78200000000000003	0.166191556946024666
1.78800000000000026	0.166017857481900871
1.79400000000000048	0.166102875809985007
1.79999999999999982	0.166172181015526194
1.80600000000000005	0.165812861814270879
1.81200000000000028	0.164690418166127089
1.8180000000000005	0.162724025866687438
1.82399999999999984	0.160094313953793449
1.83000000000000007	0.157116418996180868
1.8360000000000003	0.154103165315684548
1.84200000000000053	0.151290964049065224
1.84799999999999986	0.148829285231498631
1.85400000000000009	0.146807893319013338
1.86000000000000032	0.145279426860143335
1.86599999999999966	0.144245427724245062
1.87199999999999989	0.143627038817961905
1.87800000000000011	0.1432680929343986
1.88400000000000034	0.142980773339633022
1.88999999999999968	0.142605244797720604
1.89599999999999991	0.142054623392591228
1.90200000000000014	0.141324501523482443
1.90800000000000036	0.140462173590938572
1.9139999999999997	0.139521686232963182
1.91999999999999993	0.13853508979077922
1.92600000000000016	0.137505258280221337
1.93200000000000038	0.136413259399749298
1.93799999999999972	0.135234434379780055
1.94399999999999995	0.133953311597221292
1.95000000000000018	0.132571372077461253
1.95600000000000041	0.131117033226738344
1.96199999999999974	0.129660414379302008
1.96799999999999997	0.128310796474151223
1.9740000000000002	0.127181544661400192
1.98000000000000043	0.126341817864668193
1.98599999999999977	0.125786066417814341
1.99199999999999999	0.125434574077513433
1.99800000000000022	0.125159085871822118
2.00400000000000045	0.124819232384746598
2.00999999999999979	0.124298853991026387
2.01600000000000001	0.123537518366616292
2.02200000000000024	0.122548622255678655
2.02800000000000047	0.121410186207665555
2.03399999999999981	0.120226563232441699
2.04000000000000004	0.119080252041088894
2.04600000000000026	0.117997056970452777
2.05200000000000049	0.116936975518602035
2.05799999999999983	0.115815119883553488
2.06400000000000006	0.114546405100919138
2.07000000000000028	0.113090920256689403
2.07600000000000051	0.111474710560582627
2.08199999999999985	0.109778310367175974
2.08800000000000008	0.108102756685540577
2.09400000000000031	0.106529976206720167
2.10000000000000053	0.10509426660232736
2.10599999999999987	0.103775353474074808
2.1120000000000001	0.102512713336404548
2.11800000000000033	0.101232464771855504
2.12399999999999967	0.099876096576764356
2.12999999999999989	0.0984208542143747561
2.13600000000000012	0.0968834852001801555
2.14200000000000035	0.0953060778060312586
2.14799999999999969	0.0937338182878014736
2.15399999999999991	0.0921997556247993455
2.16000000000000014	0.0907238028008902075
2.16600000000000037	0.0893197977268377075
2.17199999999999971	0.0880003059583759906
2.17799999999999994	0.0867764277336519202
2.18400000000000016	0.0856568182535564215
2.19000000000000039	0.084648312298296044
2.19599999999999973	0.0837562374310275165
2.20199999999999996	0.0829836687165220882
2.20800000000000018	0.0823321590565635753
2.21400000000000041	0.0818042985581706045
2.21999999999999975	0.0814035451454496878
2.22599999999999998	0.0811279805477358174
2.23200000000000021	0.080962011365230499
2.23800000000000043	0.0808745022449228607
2.24399999999999977	0.080827419406782175
2.25	0.0807902098623137638
2.25600000000000023	0.0807504572712696711
2.26200000000000045	0.0807137691035468008
2.26799999999999979	0.0806925783396604951
2.27400000000000002	0.0806906694578063827
2.28000000000000025	0.0806936877649870044
2.28600000000000048	0.0806722302928817858
2.29199999999999982	0.0805948833705417284
2.29800000000000004	0.0804416199410265681
2.30400000000000027	0.0802097328534387005
2.3100000000000005	0.0799116835403299863
2.31599999999999984	0.0795682168978125159
2.32200000000000006	0.0791989582849139534
2.32800000000000029	0.0788123668904490982
2.33400000000000052	0.0783994357304593492
2.33999999999999986	0.0779355998141892242
2.34600000000000009	0.0773902763463254761
2.35200000000000031	0.076738702304175288
2.35800000000000054	0.0759711387734579857
2.36399999999999988	0.075097034014894079
2.37000000000000011	0.0741426304637067407
2.37600000000000033	0.0731420021127592163
2.38199999999999967	0.0721250729258909318
2.3879999999999999	0.0711084623921401093
2.39400000000000013	0.0700936019239335878
2.40000000000000036	0.0690725143772273759
2.40599999999999969	0.0680374937401047875
2.41199999999999992	0.0669891916044341867
2.41800000000000015	0.0659392575969267175
2.42400000000000038	0.0649074007117496077
2.42999999999999972	0.0639159798428153431
2.43599999999999994	0.062985673656575189
2.44200000000000017	0.0621334883609428387
2.4480000000000004	0.0613720824376068272
2.45399999999999974	0.0607091830792240994
2.45999999999999996	0.0601468494573914395
2.46600000000000019	0.0596807963442864131
2.47200000000000042	0.059299936893843358
2.47799999999999976	0.0589865796458800898
2.48399999999999999	0.058718018708475983
2.49000000000000021	0.0584695865517810415
2.49600000000000044	0.05821795212922036
2.50199999999999978	0.0579432610591784011
2.50800000000000001	0.0576300197535278072
2.51400000000000023	0.0572676036422374232
2.52000000000000046	0.0568507878555587973
2.5259999999999998	0.0563799190427992994
2.53200000000000003	0.0558604307975042666
2.53800000000000026	0.055301848007395453
2.54400000000000048	0.0547165391613354604
2.54999999999999982	0.0541184823868440384
2.55600000000000005	0.0535223299112866993
2.56200000000000028	0.0529427587645118491
2.5680000000000005	0.0523937143102448585
2.57399999999999984	0.0518872986042996295
2.58000000000000007	0.0514324954005380142
2.5860000000000003	0.0510339909188063101
2.59200000000000053	0.0506912133285696634
2.59799999999999986	0.0503978963453099518
2.60400000000000009	0.0501427166185954842
2.61000000000000032	0.0499112709466339038
2.61600000000000055	0.0496889517501546557
2.62199999999999989	0.0494637685474048211
2.62800000000000011	0.0492281510762592259
2.63400000000000034	0.0489791317461671233
2.63999999999999968	0.0487169202944602517
2.64599999999999991	0.0484426075155186958
2.65200000000000014	0.0481561506606406758
2.65800000000000036	0.0478555244528294024
2.6639999999999997	0.0475371651489205765
2.66999999999999993	0.0471972316306676701
2.67600000000000016	0.0468331130262672479
2.68200000000000038	0.04644475526627867
2.68799999999999972	0.0460354201236003457
2.69399999999999995	0.0456115571418481205
2.70000000000000018	0.0451817658575513897
2.70600000000000041	0.0447551617177426309
2.71199999999999974	0.044339593873978643
2.71799999999999997	0.0439401914155749806
2.7240000000000002	0.0435587454420131651
2.73000000000000043	0.0431942600230241849
2.73599999999999977	0.042844467000238598
2.74199999999999999	0.0425075454434526157
2.74800000000000022	0.0421832273250662623
2.75400000000000045	0.0418729084649123451
2.75999999999999979	0.041578891354094441
2.76600000000000001	0.0413031970224485151
2.77200000000000024	0.0410464896620374373
2.77800000000000047	0.0408075284724922563
2.78399999999999981	0.040583197548095154
2.79000000000000004	0.0403688237433854208
2.79600000000000026	0.0401584819015378125
2.80200000000000049	0.0399452785590491549
2.80799999999999983	0.0397218620551238188
2.81400000000000006	0.0394813585933913788
2.82000000000000028	0.0392186317278552729
2.82600000000000051	0.0389314710722333257
2.83199999999999985	0.0386212225979726126
2.83800000000000008	0.0382925070873578952
2.84400000000000031	0.0379520186955265432
2.85000000000000053	0.0376068386403951641
2.85599999999999987	0.0372629510713946011
2.8620000000000001	0.0369245122648765786
2.86800000000000033	0.0365940487943288914
2.87400000000000055	0.0362734122484181937
2.87999999999999989	0.0359650764270696838
2.88600000000000012	0.0356732099860686477
2.89200000000000035	0.0354039746177766193
2.89799999999999969	0.0351647782543267826
2.90399999999999991	0.0349626606965670536
2.91000000000000014	0.0348023463087267226
2.91600000000000037	0.0346845698717663173
2.92199999999999971	0.0346051088325732836
2.92799999999999994	0.0345547293455826451
2.93400000000000016	0.0345200849361373061
2.94000000000000039	0.034485449556803105
2.94599999999999973	0.0344349690688129512
2.95199999999999996	0.0343549507901482129
2.95800000000000018	0.0342357095855360949
2.96400000000000041	0.034072671647220075
2.96999999999999975	0.0338666732824816491
2.97599999999999998	0.0336235332390440941
2.98200000000000021	0.0333530105043953681
2.98800000000000043	0.0330672979068399042
2.99399999999999977	0.0327793160511294229
3	0.0325011765196788968
