-3	0.0305463873911944982
-2.99400000000000022	0.0310038698096524665
-2.98799999999999999	0.0314226538759614232
-2.98200000000000021	0.0317876635709122002
-2.97599999999999998	0.0320882966664498281
-2.9700000000000002	0.0323227085030604044
-2.96399999999999997	0.0325002263727851987
-2.95800000000000018	0.0326404866155219076
-2.95199999999999996	0.0327693741913007638
-2.94600000000000017	0.0329133220173569649
-2.93999999999999995	0.0330939634399339405
-2.93400000000000016	0.0333244399948490408
-2.92799999999999994	0.033607622250568514
-2.92200000000000015	0.0339358824736890191
-2.91599999999999993	0.0342920989753145167
-2.91000000000000014	0.0346520041640536805
-2.90399999999999991	0.0349882785390815201
-2.89800000000000013	0.0352764182177545821
-2.8919999999999999	0.0355012754823600118
-2.88600000000000012	0.0356620150637528416
-2.87999999999999989	0.0357732518779816031
-2.87400000000000011	0.0358618096265562597
-2.86799999999999988	0.0359607547624554089
-2.8620000000000001	0.0361033749863952508
-2.85599999999999987	0.0363190280291783782
-2.85000000000000009	0.03663128256065111
-2.84399999999999986	0.0370577440463172314
-2.83800000000000008	0.0376107653244025508
-2.83199999999999985	0.0382985095116375671
-2.82600000000000007	0.0391261245731547996
-2.81999999999999984	0.0400969258591094488
-2.81400000000000006	0.0412134629206526368
-2.80799999999999983	0.042478219999723052
-2.80200000000000005	0.0438935533248847182
-2.79599999999999982	0.0454604314566985426
-2.79000000000000004	0.0471757247271012495
-2.78399999999999981	0.0490281900248141778
-2.77800000000000002	0.0509938158272286793
-2.7719999999999998	0.0530317032769999641
-2.76600000000000001	0.0550820248660874867
-2.75999999999999979	0.0570675241269961997
-2.754	0.0588990552847699564
-2.74800000000000022	0.0604838995248150463
-2.74199999999999999	0.0617344042811616978
-2.73599999999999977	0.0625755479807622444
-2.72999999999999998	0.0629526569702866245
-2.7240000000000002	0.0628412634955371752
-2.71799999999999997	0.0622578592610653764
-2.71199999999999974	0.0612657239926914371
-2.70599999999999996	0.0599692232421186883
-2.70000000000000018	0.0584950494227398227
-2.69399999999999995	0.0569663212967489035
-2.68800000000000017	0.0554793725893948583
-2.68199999999999994	0.0540909062057673418
-2.67600000000000016	0.0528176506765596146
-2.66999999999999993	0.0516459924987782287
-2.66400000000000015	0.0505470149502193419
-2.65799999999999992	0.0494919730285927478
-2.65200000000000014	0.0484635392636060744
-2.64599999999999991	0.0474598972492916368
-2.64000000000000012	0.0464922771286751454
-2.6339999999999999	0.0455795027947344111
-2.62800000000000011	0.0447429617686142325
-2.62199999999999989	0.0440029623622071805
-2.6160000000000001	0.04337579054435204
-2.60999999999999988	0.0428712211713129787
-2.60400000000000009	0.0424913998147954663
-2.59799999999999986	0.0422321669421817925
-2.59200000000000008	0.0420867164927635484
-2.58599999999999985	0.0420498741642318444
-2.58000000000000007	0.0421205698623887889
-2.57399999999999984	0.042301063447882474
-2.56800000000000006	0.0425935263532323249
-2.56199999999999983	0.0429960251400300364
-2.55600000000000005	0.0434999158533729904
-2.54999999999999982	0.0440897248381391244
-2.54400000000000004	0.0447455633605937722
-2.53799999999999981	0.0454471098827179745
-2.53200000000000003	0.0461772816489227772
-2.5259999999999998	0.0469236763279492278
-2.52000000000000002	0.0476773215991258686
-2.51400000000000023	0.0484304291224262606
-2.50800000000000001	0.0491759500022713528
-2.50199999999999978	0.0499106026313090034
-2.496	0.0506399116476109815
-2.49000000000000021	0.051380716996123281
-2.48399999999999999	0.0521567831121272085
-2.47799999999999976	0.0529874350574557965
-2.47199999999999998	0.0538740717904235833
-2.46600000000000019	0.0547910348971918093
-2.45999999999999996	0.0556857421958332904
-2.45399999999999974	0.0564903550808461066
-2.44799999999999995	0.0571435753577575548
-2.44200000000000017	0.0576155343538266584
-2.43599999999999994	0.0579239330082864032
-2.42999999999999972	0.0581318508769275294
-2.42399999999999993	0.058328308529884805
-2.41800000000000015	0.0586031569400937563
-2.41199999999999992	0.0590287392321033541
-2.40600000000000014	0.0596531062119335792
-2.39999999999999991	0.0605018172741327923
-2.39400000000000013	0.0615826516068825811
-2.3879999999999999	0.062888888765924314
-2.38200000000000012	0.0643995728725887534
-2.37599999999999989	0.0660781802603569168
-2.37000000000000011	0.0678736023801644189
-2.36399999999999988	0.0697274212746758215
-2.3580000000000001	0.0715874480390438772
-2.35199999999999987	0.0734213764660412577
-2.34600000000000009	0.0752218817590663696
-2.33999999999999986	0.0769986816863078016
-2.33400000000000007	0.0787598454887826205
-2.32799999999999985	0.0804890666591093346
-2.32200000000000006	0.0821280116796970494
-2.31599999999999984	0.0835741277662648968
-2.31000000000000005	0.0847019683146697927
-2.30399999999999983	0.0854061014026497312
-2.29800000000000004	0.0856468891344604188
-2.29199999999999982	0.0854713352001588711
-2.28600000000000003	0.0849964887397195029
-2.28000000000000025	0.0843711791837073039
-2.27400000000000002	0.0837410475106289687
-2.26799999999999979	0.0832269406707899922
-2.26200000000000001	0.0829133074654835045
-2.25600000000000023	0.0828439076562911131
-2.25	0.0830257494271290503
-2.24399999999999977	0.0834389961863177959
-2.23799999999999999	0.0840459519969185831
-2.23200000000000021	0.0847957506378180376
-2.22599999999999998	0.0856296698054945932
-2.21999999999999975	0.0864909893696405446
-2.21399999999999997	0.0873320731726795751
-2.20800000000000018	0.0881092030739229343
-2.20199999999999996	0.0887727998647909605
-2.19599999999999973	0.0892754138613583159
-2.18999999999999995	0.0896056510428680925
-2.18400000000000016	0.0898226106443030525
-2.17799999999999994	0.0900537314765871844
-2.17199999999999971	0.0904495800555481511
-2.16599999999999993	0.0911271508958745591
-2.16000000000000014	0.0921358189174555087
-2.15399999999999991	0.0934547411425146468
-2.14800000000000013	0.0950109673580835923
-2.1419999999999999	0.0967067165854524485
-2.13600000000000012	0.0984520333098548028
-2.12999999999999989	0.100199421593561488
-2.12400000000000011	0.101966209547417169
-2.11799999999999988	0.103826880488123122
-2.1120000000000001	0.10587714092587823
-2.10599999999999987	0.108195372730369568
-2.10000000000000009	0.110827370034646627
-2.09399999999999986	0.113798613865479847
-2.08800000000000008	0.117136657388116766
-2.08199999999999985	0.120882059440235612
-2.07600000000000007	0.125081018843234554
-2.06999999999999984	0.129768157453509086
-2.06400000000000006	0.134948355157245264
-2.05799999999999983	0.140582959481077907
-2.05200000000000005	0.146591300914803158
-2.04599999999999982	0.152881927643768262
-2.04000000000000004	0.159410176966460038
-2.03399999999999981	0.166223643126383491
-2.02800000000000002	0.173443757935375864
-2.02200000000000024	0.181172287287872519
-2.01600000000000001	0.189371114589206913
-2.00999999999999979	0.197776910650083459
-2.004	0.205876992644537737
-1.998	0.212948152732279655
-1.99199999999999999	0.218181884750346916
-1.98599999999999999	0.220935657637397087
-1.97999999999999998	0.221064919751108174
-1.97399999999999998	0.219135268993148696
-1.96799999999999997	0.216308215936623416
-1.96199999999999997	0.213942563565107075
-1.95599999999999996	0.213182679486156768
-1.94999999999999996	0.214740997620477214
-1.94399999999999995	0.218872506191713584
-1.93799999999999994	0.225440170487015257
-1.93199999999999994	0.233995068859143202
-1.92599999999999993	0.243842890142406621
-1.91999999999999993	0.25409189983910152
-1.91399999999999992	0.263697995098959748
-1.90799999999999992	0.271577797062296289
-1.90199999999999991	0.276880411235271406
-1.89599999999999991	0.279341713166257166
-1.8899999999999999	0.27940236311747052
-1.8839999999999999	0.277872956927874393
-1.87799999999999989	0.275421110808371949
-1.87199999999999989	0.272392985021945311
-1.86599999999999988	0.269071064076180311
-1.85999999999999988	0.265938307623412862
-1.85399999999999987	0.263573789120857049
-1.84799999999999986	0.262340522884184857
-1.84200000000000008	0.262275677073654345
-1.83600000000000008	0.263254086654313046
-1.83000000000000007	0.265097935841655308
-1.82400000000000007	0.267406367428769665
-1.81800000000000006	0.269344485346044271
-1.81200000000000006	0.269810550655999182
-1.80600000000000005	0.26801103795983533
-1.80000000000000004	0.263942951654194957
-1.79400000000000004	0.258287574954937038
-1.78800000000000003	0.251888533114789981
-1.78200000000000003	0.245449396137905979
-1.77600000000000002	0.239669883038991477
-1.77000000000000002	0.235395504139663786
-1.76400000000000001	0.233407521440748195
-1.75800000000000001	0.234033673063725745
-1.752	0.236963029469297731
-1.746	0.241370433080009522
-1.73999999999999999	0.246191736792838567
-1.73399999999999999	0.250396873910361029
-1.72799999999999998	0.253266676075455388
-1.72199999999999998	0.254716748465441234
-1.71599999999999997	0.255522433231470336
-1.70999999999999996	0.257107843201934305
-1.70399999999999996	0.260798621341075287
-1.69799999999999995	0.266957549888939882
-1.69199999999999995	0.274520089173669157
-1.68599999999999994	0.281168578516430234
-1.67999999999999994	0.284180555485434194
-1.67399999999999993	0.281718354015818628
-1.66799999999999993	0.27385276431304284
-1.66199999999999992	0.262544154705919908
-1.65599999999999992	0.25060258870026958
-1.64999999999999991	0.240486499898019901
-1.64399999999999991	0.233693274270816015
-1.6379999999999999	0.230841800082279225
-1.6319999999999999	0.232064450523239568
-1.62599999999999989	0.237177487229831174
-1.61999999999999988	0.245426313822681735
-1.61399999999999988	0.255120055798753298
-1.60799999999999987	0.263660774900136563
-1.60199999999999987	0.268322180150903811
-1.59599999999999986	0.26760746022236731
-1.59000000000000008	0.262177438967384047
-1.58400000000000007	0.254314208707467071
-1.57800000000000007	0.246273493282443107
-1.57200000000000006	0.238912968815170212
-1.56600000000000006	0.23157398834562784
-1.56000000000000005	0.223177546960344059
-1.55400000000000005	0.213443890739477032
-1.54800000000000004	0.203087215563809487
-1.54200000000000004	0.193181933658650412
-1.53600000000000003	0.184689550741424763
-1.53000000000000003	0.178399707115145523
-1.52400000000000002	0.174844669221498633
-1.51800000000000002	0.17415341676902571
-1.51200000000000001	0.17605058742698021
-1.50600000000000001	0.179744772154283999
-1.5	0.183652047418140257
-1.49399999999999999	0.185703821838646504
-1.48799999999999999	0.184565601625290621
-1.48199999999999998	0.180529742017119438
-1.47599999999999998	0.174910642619130863
-1.46999999999999997	0.168811827017606608
-1.46399999999999997	0.162686838359145297
-1.45799999999999996	0.156752762386506622
-1.45199999999999996	0.151456343075918931
-1.44599999999999995	0.147483964336750623
-1.43999999999999995	0.145453497111847102
-1.43399999999999994	0.145639780143363012
-1.42799999999999994	0.147831359424061781
-1.42199999999999993	0.151391458772112353
-1.41599999999999993	0.15566310314092599
-1.40999999999999992	0.16037828977589752
-1.40399999999999991	0.165576724752461185
-1.39799999999999991	0.171371024455045012
-1.3919999999999999	0.177779738952869859
-1.3859999999999999	0.184170543496497668
-1.37999999999999989	0.18901212816249835
-1.37399999999999989	0.190816434481560937
-1.36799999999999988	0.189260248606465731
-1.36199999999999988	0.185341090883317461
-1.35599999999999987	0.180573122691049109
-1.34999999999999987	0.175738777442997318
-1.34399999999999986	0.170745406657745097
-1.33799999999999986	0.165810706747795994
-1.33200000000000007	0.161833287787627539
-1.32600000000000007	0.159385877762940192
-1.32000000000000006	0.157826746811645324
-1.31400000000000006	0.155842974325980765
-1.30800000000000005	0.153269829395088042
-1.30200000000000005	0.151723498378651928
-1.29600000000000004	0.15312244601084396
-1.29000000000000004	0.158184841830594836
-1.28400000000000003	0.1659371648470927
-1.27800000000000002	0.174130724915645158
-1.27200000000000002	0.180394753625777032
-1.26600000000000001	0.183207985851484817
-1.26000000000000001	0.181951509367000858
-1.254	0.177034336775911988
-1.248	0.170253881789308309
-1.24199999999999999	0.163477065240072106
-1.23599999999999999	0.157253971097132433
-1.22999999999999998	0.151266195541563037
-1.22399999999999998	0.145268505808618054
-1.21799999999999997	0.139801694077062583
-1.21199999999999997	0.13602131951481905
-1.20599999999999996	0.134631110524965264
-1.19999999999999996	0.135658969810530772
-1.19399999999999995	0.138683353103213308
-1.18799999999999994	0.142878149805558241
-1.18199999999999994	0.147485837494118366
-1.17599999999999993	0.151962399957808608
-1.16999999999999993	0.155805028489692299
-1.16399999999999992	0.158179107614950243
-1.15799999999999992	0.158269382433682992
-1.15199999999999991	0.156743625496143929
-1.14599999999999991	0.156319048819389655
-1.1399999999999999	0.160049030397220793
-1.1339999999999999	0.168399336623596407
-1.12799999999999989	0.177890324743129019
-1.12199999999999989	0.182799466485727591
-1.11599999999999988	0.179339404304788036
-1.10999999999999988	0.168981672451807563
-1.10399999999999987	0.157409693864847156
-1.09799999999999986	0.14964655645755276
-1.09199999999999986	0.147157728151291189
-1.08599999999999985	0.148424713754011867
-1.08000000000000007	0.149719411807471142
-1.07400000000000007	0.146186985623451227
-1.06800000000000006	0.136051786127919044
-1.06200000000000006	0.122907150424722347
-1.05600000000000005	0.111234779018600932
-1.05000000000000004	0.102842011937246666
-1.04400000000000004	0.0975430857583973604
-1.03800000000000003	0.0947373937704778235
-1.03200000000000003	0.094087304469478647
-1.02600000000000002	0.0954892525601307024
-1.02000000000000002	0.0986915103515494246
-1.01400000000000001	0.10202148479076753
-1.00800000000000001	0.103061172626468342
-1.002	0.101960457180482564
-0.995999999999999996	0.100996129164079421
-0.989999999999999769	0.101267699691581337
-0.983999999999999986	0.103001223946186715
-0.977999999999999758	0.107259641885010096
-0.971999999999999975	0.114891513237549495
-0.965999999999999748	0.126011749575601018
-0.959999999999999964	0.138975107469385323
-0.953999999999999737	0.148664933505150726
-0.947999999999999954	0.151595282496672368
-0.942000000000000171	0.15047617553765899
-0.935999999999999943	0.14801809067397162
-0.93000000000000016	0.143874533538191157
-0.923999999999999932	0.13772174564366349
-0.918000000000000149	0.128930400813091678
-0.911999999999999922	0.118916979449208746
-0.906000000000000139	0.111145915981764085
-0.899999999999999911	0.107421847125483513
-0.894000000000000128	0.107830219688146434
-0.887999999999999901	0.112192653276472695
-0.882000000000000117	0.120385972809408215
-0.87599999999999989	0.129378003744548692
-0.870000000000000107	0.132975075524623565
-0.863999999999999879	0.131279447553776019
-0.858000000000000096	0.131107328542324375
-0.851999999999999869	0.132576701322328849
-0.846000000000000085	0.129570576418987726
-0.839999999999999858	0.122762104406029818
-0.834000000000000075	0.11631513667083726
-0.827999999999999847	0.112293892289655417
-0.822000000000000064	0.114420184875746317
-0.815999999999999837	0.124316029603355832
-0.810000000000000053	0.137364077502185378
-0.803999999999999826	0.143337497286757098
-0.798000000000000043	0.139137599299378301
-0.791999999999999815	0.13097030150980668
-0.786000000000000032	0.122950959344490171
-0.779999999999999805	0.120208180347470162
-0.774000000000000021	0.122260378769181777
-0.767999999999999794	0.122561376352690446
-0.762000000000000011	0.122872909131288996
-0.755999999999999783	0.129821755274851486
-0.75	0.144507708438259774
-0.743999999999999773	0.165212149380847467
-0.737999999999999989	0.18184905596463341
-0.731999999999999762	0.180368147842169563
-0.725999999999999979	0.166136437823589833
-0.719999999999999751	0.1522574209560692
-0.713999999999999968	0.14389559626512155
-0.707999999999999741	0.146666252298726513
-0.701999999999999957	0.160441431686666608
-0.69599999999999973	0.178320220924943873
-0.689999999999999947	0.193203229041202962
-0.684000000000000163	0.191590412386778541
-0.677999999999999936	0.175130226242035975
-0.672000000000000153	0.169013115787970125
-0.665999999999999925	0.185353538686939906
-0.660000000000000142	0.218593208576429027
-0.653999999999999915	0.238822912509721069
-0.648000000000000131	0.219001525518341622
-0.641999999999999904	0.183075453712769787
-0.636000000000000121	0.15865534224097308
-0.629999999999999893	0.142375300216356443
-0.62400000000000011	0.126882202560962554
-0.617999999999999883	0.119993276478511351
-0.612000000000000099	0.124137705976357718
-0.605999999999999872	0.133404433656036658
-0.600000000000000089	0.131425183375526777
-0.593999999999999861	0.126895514026080236
-0.588000000000000078	0.129348752663870498
-0.581999999999999851	0.140263106150845779
-0.576000000000000068	0.155059611834767269
-0.56999999999999984	0.151660752246993602
-0.564000000000000057	0.124177821523949308
-0.557999999999999829	0.102818339802678127
-0.552000000000000046	0.0964152380667805953
-0.545999999999999819	0.0989904050944753061
-0.540000000000000036	0.0985868926100389037
-0.533999999999999808	0.0916965974743077505
-0.528000000000000025	0.0919306179496494347
-0.521999999999999797	0.106289804612516151
-0.516000000000000014	0.129412330152305799
-0.509999999999999787	0.162992442745155008
-0.504000000000000004	0.19963686289642793
-0.497999999999999776	0.207350413787874055
-0.491999999999999993	0.179827715527027115
-0.485999999999999766	0.140453091047354595
-0.479999999999999982	0.123170103443862602
-0.473999999999999755	0.121914743381900906
-0.467999999999999972	0.134054303396953012
-0.461999999999999744	0.132974092666544502
-0.455999999999999961	0.0995235074206015924
-0.449999999999999734	0.0796464254443859515
-0.44399999999999995	0.0779347465970760267
-0.438000000000000167	0.0969818375939166116
-0.43199999999999994	0.142391014818159162
-0.426000000000000156	0.183366369382702205
-0.419999999999999929	0.142805193924441493
-0.414000000000000146	0.0960036991959147962
-0.407999999999999918	0.0812713033075528335
-0.402000000000000135	0.0822011765481687195
-0.395999999999999908	0.0864046857881729385
-0.390000000000000124	0.0860136733250108365
-0.383999999999999897	0.10228023700201079
-0.378000000000000114	0.0810613545035592103
-0.371999999999999886	0.0607627289494150208
-0.366000000000000103	0.0635944309461822371
-0.359999999999999876	0.0722160269178863806
-0.354000000000000092	0.0783869883249535826
-0.347999999999999865	0.090061185799522589
-0.342000000000000082	0.0974734975720133873
-0.335999999999999854	0.0642873872500155374
-0.330000000000000071	0.0532634963860265653
-0.323999999999999844	0.0613682824672231661
-0.31800000000000006	0.0816127641959488309
-0.311999999999999833	0.0925457122519703912
-0.30600000000000005	0.086182370585881074
-0.299999999999999822	0.069454156423283217
-0.294000000000000039	0.0722343399693710225
-0.287999999999999812	0.0885084617815312114
-0.282000000000000028	0.128809626167003033
-0.275999999999999801	0.131473212036292919
-0.270000000000000018	0.108219132993868733
-0.26399999999999979	0.0832185627390023275
-0.258000000000000007	0.0768975146315996755
-0.25199999999999978	0.0933129915821244438
-0.245999999999999996	0.135003966844520984
-0.239999999999999769	0.182273327635885884
-0.233999999999999986	0.1235346663979493
-0.227999999999999758	0.13796620950506891
-0.221999999999999975	0.13386020707953819
-0.215999999999999748	0.163065248390555279
-0.209999999999999964	0.111875854826233093
-0.203999999999999737	0.133339703736411491
-0.197999999999999954	0.207414493137920819
-0.191999999999999726	0.203796607264197849
-0.185999999999999943	0.132074520472552248
-0.18000000000000016	0.179907503993497225
-0.173999999999999932	0.217531636057468364
-0.168000000000000149	0.231075404183896549
-0.161999999999999922	0.121483552991405883
-0.156000000000000139	0.126866786779425617
-0.149999999999999911	0.155272426028845834
-0.144000000000000128	0.193354195288219538
-0.137999999999999901	0.248556437181511353
-0.132000000000000117	0.347205300496868985
-0.12599999999999989	0.528655201090301397
-0.120000000000000107	0.237084218129902768
-0.113999999999999879	0.393830687290303627
-0.108000000000000096	0.28119103888901309
-0.101999999999999869	0.11661886731277514
-0.0960000000000000853	0.15491669333342703
-0.0899999999999998579	0.202904926962688942
-0.0840000000000000746	0.250987550544980897
-0.0779999999999998472	0.300380351520927846
-0.0720000000000000639	0.352621694190452417
-0.0659999999999998366	0.40893527848431499
-0.0600000000000000533	0.470240455834351978
-0.0539999999999998259	0.537145939747436962
-0.0480000000000000426	0.609881993933923172
-0.0419999999999998153	0.688211997460686509
-0.036000000000000032	0.771486148673850902
-0.0299999999999998046	0.859579151769960026
-0.0240000000000000213	0.958954160239357756
-0.0179999999999997939	0.775543773630299027
-0.0120000000000000107	0.991940257220247035
-0.00599999999999978328	1.0442598856826959
0	1.06103295394596908
0.00600000000000022737	1.04569319165172425
0.0120000000000000107	1.00663700189998107
0.018000000000000238	0.949241261312614548
0.0240000000000000213	0.879577166008406519
0.0300000000000002487	0.803417228412257711
0.036000000000000032	0.725505470949863618
0.0420000000000002593	0.649260059130878364
0.0480000000000000426	0.576815046700933753
0.05400000000000027	0.509233201120531276
0.0600000000000000533	0.446746130857784696
0.0660000000000002807	0.388920036234254696
0.0720000000000000639	0.334644376801865318
0.0779999999999998472	0.281714867190381413
0.0840000000000000746	0.225859771097851353
0.0899999999999998579	0.238210087685622018
0.0960000000000000853	0.288193283596058614
0.101999999999999869	0.209575720010632072
0.108000000000000096	0.281903500402545415
0.113999999999999879	0.16969107556900892
0.120000000000000107	0.204506582967142997
0.12599999999999989	0.376491408097755165
0.132000000000000117	0.226445698939287843
0.137999999999999901	0.163802797093328595
0.144000000000000128	0.128172035007462104
0.149999999999999911	0.142174539681221207
0.156000000000000139	0.122295557964407928
0.161999999999999922	0.196838351449701299
0.168000000000000149	0.269697083290792394
0.173999999999999932	0.250269522400277611
0.18000000000000016	0.187396857621523416
0.185999999999999943	0.169044348796703464
0.192000000000000171	0.198675232056905127
0.197999999999999954	0.143539469616389276
0.204000000000000181	0.126264820361808305
0.209999999999999964	0.113017132098118644
0.216000000000000192	0.0918523986770784368
0.221999999999999975	0.110358028714199183
0.228000000000000203	0.0979804542923397997
0.233999999999999986	0.108580914524644523
0.240000000000000213	0.110570430293608371
0.245999999999999996	0.106734137011232119
0.252000000000000224	0.136635085641196752
0.258000000000000007	0.114858380773809915
0.264000000000000234	0.0925339336109987365
0.270000000000000018	0.102609808689639079
0.276000000000000245	0.0791578134634759734
0.282000000000000028	0.0695993264449303595
0.288000000000000256	0.0950842946681580564
0.294000000000000039	0.140028046305674836
0.300000000000000266	0.10516363644409811
0.30600000000000005	0.079681840354402636
0.312000000000000277	0.0997452269481105269
0.31800000000000006	0.107083412442550013
0.324000000000000288	0.0971498488777589597
0.330000000000000071	0.125422210923315458
0.335999999999999854	0.118142580312989021
0.342000000000000082	0.133831362891784017
0.347999999999999865	0.218119664895127519
0.354000000000000092	0.338809097737095444
0.359999999999999876	0.341759459294208534
0.366000000000000103	0.276309590663124827
0.371999999999999886	0.211532872606688793
0.378000000000000114	0.219910285984946469
0.383999999999999897	0.228211463741379655
0.390000000000000124	0.194677325797525363
0.395999999999999908	0.164743973754728795
0.402000000000000135	0.125750882586319973
0.407999999999999918	0.102931611294899167
0.414000000000000146	0.0946176680402628228
0.419999999999999929	0.0810431668766478097
0.426000000000000156	0.0687518380631793324
0.43199999999999994	0.0661909177278695304
0.438000000000000167	0.0700703349641690204
0.44399999999999995	0.0627804197302498646
0.450000000000000178	0.052683428273269238
0.455999999999999961	0.049342172455774061
0.462000000000000188	0.0524812946212586257
0.467999999999999972	0.0556814458921009031
0.474000000000000199	0.0557951792732077137
0.479999999999999982	0.0618610164606660587
0.48600000000000021	0.0733922536626156752
0.491999999999999993	0.0868100514683203678
0.49800000000000022	0.0969514553618969627
0.504000000000000004	0.0929479041653838434
0.510000000000000231	0.0847246974842722489
0.516000000000000014	0.0779673921887460153
0.522000000000000242	0.0801238416133367992
0.528000000000000025	0.0903521067521809995
0.534000000000000252	0.1035514294150022
0.540000000000000036	0.107142492468519895
0.546000000000000263	0.098728357242515663
0.552000000000000046	0.0898919786253127295
0.558000000000000274	0.0907553888731765651
0.564000000000000057	0.089911687150753733
0.570000000000000284	0.0841845221306978947
0.576000000000000068	0.0890048317342867351
0.582000000000000295	0.102292140219987365
0.588000000000000078	0.104023132003838961
0.593999999999999861	0.0908383842574119055
0.600000000000000089	0.0776431813229935264
0.605999999999999872	0.0738893419513639294
0.612000000000000099	0.076740179892547486
0.617999999999999883	0.0801226022220320883
0.62400000000000011	0.0845693066551113787
0.629999999999999893	0.097238518152385961
0.636000000000000121	0.123619735194982247
0.641999999999999904	0.158842146995590711
0.648000000000000131	0.183762793148061321
0.653999999999999915	0.190857371443021173
0.660000000000000142	0.183466725632507766
0.665999999999999925	0.165248931729288895
0.672000000000000153	0.151418738024288596
0.677999999999999936	0.145176620606406043
0.684000000000000163	0.137757707497486254
0.689999999999999947	0.132817664366805643
0.696000000000000174	0.139655031881547514
0.701999999999999957	0.16121313491100131
0.708000000000000185	0.189870569263620642
0.713999999999999968	0.213430625912475191
0.720000000000000195	0.226511904224721283
0.725999999999999979	0.237876623789653102
0.732000000000000206	0.243507086246294663
0.737999999999999989	0.228770192480252016
0.744000000000000217	0.200991511490825892
0.75	0.169919038248160459
0.756000000000000227	0.138398813638667018
0.762000000000000011	0.111826794754910946
0.768000000000000238	0.0923464802370649318
0.774000000000000021	0.0790689690391675609
0.780000000000000249	0.0708275786157087084
0.786000000000000032	0.0669559730596496899
0.792000000000000259	0.0670709840642922106
0.798000000000000043	0.0704918108857786746
0.80400000000000027	0.0759988760775920785
0.810000000000000053	0.0826808732306357347
0.816000000000000281	0.0908889245761755754
0.822000000000000064	0.0999689096308719743
0.828000000000000291	0.108698838672303497
0.834000000000000075	0.119433030564813733
0.839999999999999858	0.134321741619147589
0.846000000000000085	0.147306083982032487
0.851999999999999869	0.148526977861157233
0.858000000000000096	0.140426270193323072
0.863999999999999879	0.133911498178166083
0.870000000000000107	0.131310289441126271
0.87599999999999989	0.127832796006400407
0.882000000000000117	0.124103209930367775
0.887999999999999901	0.123686314781386086
0.894000000000000128	0.1241233397673914
0.899999999999999911	0.120326973452858949
0.906000000000000139	0.113354061172294879
0.911999999999999922	0.108743422439335297
0.918000000000000149	0.109464125873968643
0.923999999999999932	0.114724563403228064
0.93000000000000016	0.120760812730643097
0.935999999999999943	0.124596291505583961
0.942000000000000171	0.126128671377384927
0.947999999999999954	0.126918809024432006
0.954000000000000181	0.1299430096831308
0.959999999999999964	0.136358031876221891
0.966000000000000192	0.143885156386106355
0.971999999999999975	0.147690129446413909
0.978000000000000203	0.144678881663632519
0.983999999999999986	0.136410655951360316
0.990000000000000213	0.12683583184751468
0.995999999999999996	0.120126361305876367
1.00199999999999978	0.118582603152890168
1.00800000000000001	0.121372126559129198
1.01400000000000023	0.125835551722665112
1.02000000000000046	0.130304718447947832
1.0259999999999998	0.135226495725228851
1.03200000000000003	0.141072722812440959
1.03800000000000026	0.148105359968678768
1.04400000000000048	0.157858837712318151
1.04999999999999982	0.169987591859178055
1.05600000000000005	0.179744861932957828
1.06200000000000028	0.182142274205624205
1.0680000000000005	0.176138217105125616
1.07399999999999984	0.163268431428757022
1.08000000000000007	0.147070295375498789
1.0860000000000003	0.132429315452245927
1.09200000000000053	0.122667725030163391
1.09799999999999986	0.118484968724818285
1.10400000000000009	0.118500520264411394
1.11000000000000032	0.120211466166796913
1.11599999999999966	0.121792607755900395
1.12199999999999989	0.123460917174513657
1.12800000000000011	0.126354059660600093
1.13400000000000034	0.130956437337242326
1.13999999999999968	0.137277682051052202
1.14599999999999991	0.14551304209948232
1.15200000000000014	0.155242390707067635
1.15800000000000036	0.164820846406517757
1.1639999999999997	0.173528665031774554
1.16999999999999993	0.182504508464881199
1.17600000000000016	0.191734233228321033
1.18200000000000038	0.198399234231151411
1.18799999999999972	0.199846482104818618
1.19399999999999995	0.197222627209054036
1.20000000000000018	0.194718114151528149
1.20600000000000041	0.195613670444457599
1.21199999999999974	0.200266258528509461
1.21799999999999997	0.207231785980520805
1.2240000000000002	0.214269645288065358
1.23000000000000043	0.218190343590003
1.23599999999999977	0.216990236674631881
1.24199999999999999	0.212656782480116657
1.24800000000000022	0.209370957902251909
1.25400000000000045	0.209189755759101759
1.25999999999999979	0.210286298379423836
1.26600000000000001	0.209251506894747946
1.27200000000000024	0.205257949105800724
1.27800000000000047	0.200969959266866421
1.28399999999999981	0.199172060816306812
1.29000000000000004	0.199728768592473349
1.29600000000000026	0.199698059407141498
1.30200000000000049	0.196255345087027327
1.30799999999999983	0.189571133464262576
1.31400000000000006	0.182223225918609621
1.32000000000000028	0.176429468623362423
1.32600000000000051	0.172864377658753898
1.33199999999999985	0.171653520704440399
1.33800000000000008	0.173137517558373671
1.34400000000000031	0.177140593721380329
1.35000000000000053	0.182193092468071138
1.35599999999999987	0.18593793376313375
1.3620000000000001	0.186369740520754473
1.36800000000000033	0.18320870001379122
1.37399999999999967	0.178166219266147119
1.37999999999999989	0.173443313790740156
1.38600000000000012	0.170076595626699079
1.39200000000000035	0.167720875327843605
1.39799999999999969	0.165728909383425493
1.40399999999999991	0.163914982247527846
1.41000000000000014	0.161968615103423669
1.41600000000000037	0.158956624501023214
1.42199999999999971	0.154281361149498031
1.42799999999999994	0.148674545405887759
1.43400000000000016	0.143583479898391736
1.44000000000000039	0.139964670085240162
1.44599999999999973	0.138031236964237775
1.45199999999999996	0.137848135997698573
1.45800000000000018	0.139699400390788792
1.46400000000000041	0.143769843733227848
1.46999999999999975	0.149739566130044743
1.47599999999999998	0.156880380513864104
1.48200000000000021	0.164574126574551227
1.48800000000000043	0.17259571312677674
1.49399999999999977	0.180810005753875042
1.5	0.188904779281207191
1.50600000000000023	0.196612003570900529
1.51200000000000045	0.204126103644902801
1.51799999999999979	0.212356717475465251
1.52400000000000002	0.222733993460830643
1.53000000000000025	0.236546360587626237
1.53600000000000048	0.254096031142859335
1.54199999999999982	0.274078254602417526
1.54800000000000004	0.29357613866636989
1.55400000000000027	0.309005748627659671
1.5600000000000005	0.317921755674165973
1.56599999999999984	0.320551880748300044
1.57200000000000006	0.319585623934476815
1.57800000000000029	0.318317878708035185
1.58400000000000052	0.318845212496170427
1.58999999999999986	0.321428289187954297
1.59600000000000009	0.324817876170544861
1.60200000000000031	0.327164615320800156
1.60800000000000054	0.327014575943107288
1.61399999999999988	0.323604888868500085
1.62000000000000011	0.316603433008404656
1.62600000000000033	0.306078772472456906
1.63199999999999967	0.292600148196052179
1.6379999999999999	0.277113206652716493
1.64400000000000013	0.260797304536644792
1.65000000000000036	0.244961301723310876
1.65599999999999969	0.230804883032935254
1.66199999999999992	0.219121690076566372
1.66800000000000015	0.210170081578541085
1.67400000000000038	0.203802299018472549
1.67999999999999972	0.199705018569913545
1.68599999999999994	0.197470363131139887
1.69200000000000017	0.196448459748482795
1.6980000000000004	0.195673723366831587
1.70399999999999974	0.194101187076804516
1.70999999999999996	0.191075805137185945
1.71600000000000019	0.186716418292905861
1.72200000000000042	0.181883923045701834
1.72799999999999976	0.177756826352114816
1.73399999999999999	0.17536600122205992
1.74000000000000021	0.175318390714510997
1.74600000000000044	0.177687945484115373
1.75199999999999978	0.182026448715609496
1.75800000000000001	0.187534340235918195
1.76400000000000023	0.193395052728179084
1.77000000000000046	0.199074242505858506
1.7759999999999998	0.204308903302762745
1.78200000000000003	0.208844843162393656
1.78800000000000026	0.212338837114401935
1.79400000000000048	0.214593683565635573
1.79999999999999982	0.215759222403472312
1.80600000000000005	0.216168474757936602
1.81200000000000028	0.215980123497922116
1.8180000000000005	0.215031082654113165
1.82399999999999984	0.213085804178343108
1.83000000000000007	0.210219847062387388
1.8360000000000003	0.206879121134340149
1.84200000000000053	0.203552268515672652
1.84799999999999986	0.200442481197839584
1.85400000000000009	0.19743041285419366
1.86000000000000032	0.194231601106012675
1.86599999999999966	0.190531747680714375
1.87199999999999989	0.186083835560132249
1.87800000000000011	0.180840053673510137
1.88400000000000034	0.175044877603600102
1.88999999999999968	0.16916125596656631
1.89599999999999991	0.163658478579701033
1.90200000000000014	0.158818726040071634
1.90800000000000036	0.154677057440709559
1.9139999999999997	0.151091745297435798
1.91999999999999993	0.147866241012738903
1.92600000000000016	0.144852921912829141
1.93200000000000038	0.142016460612520684
1.93799999999999972	0.139447893514198951
1.94399999999999995	0.137324471007681498
1.95000000000000018	0.135846248807238279
1.95600000000000041	0.135196505634451514
1.96199999999999974	0.135530029983165434
1.96799999999999997	0.136954698607792025
1.9740000000000002	0.139496859795068706
1.98000000000000043	0.143073514200509344
1.98599999999999977	0.147477632091325361
1.99199999999999999	0.152365974960268297
1.99800000000000022	0.157265551057249403
2.00400000000000045	0.161636125779232587
2.00999999999999979	0.164992437776666834
2.01600000000000001	0.167032368424486266
2.02200000000000024	0.167699630995763432
2.02800000000000047	0.167159726794305158
2.03399999999999981	0.165730752131903109
2.04000000000000004	0.163799990173934901
2.04600000000000026	0.161714257068330841
2.05200000000000049	0.15965300923879211
2.05799999999999983	0.157550595737504268
2.06400000000000006	0.155145173725166785
2.07000000000000028	0.152158228198237711
2.07600000000000051	0.148489223008878207
2.08199999999999985	0.144281430837767954
2.08800000000000008	0.1398403701917936
2.09400000000000031	0.135511027526285271
2.10000000000000053	0.131600437346338611
2.10599999999999987	0.128341692908240684
2.1120000000000001	0.125862429539305515
2.11800000000000033	0.124149974007587885
2.12399999999999967	0.123036026991876934
2.12999999999999989	0.122229275796706741
2.13600000000000012	0.12140458161369852
2.14200000000000035	0.120318712622689769
2.14799999999999969	0.118893591874953422
2.15399999999999991	0.117221726834077319
2.16000000000000014	0.115498060143917586
2.16600000000000037	0.113923625033504589
2.17199999999999971	0.1126286132828829
2.17799999999999994	0.111640172957141792
2.18400000000000016	0.110899507362350283
2.19000000000000039	0.110313380858938451
2.19599999999999973	0.109803286981222284
2.20199999999999996	0.109314882527106305
2.20800000000000018	0.108786871456633044
2.21400000000000041	0.108119699451262194
2.21999999999999975	0.107185850349879486
2.22599999999999998	0.105883213089293257
2.23200000000000021	0.104190287599245646
2.23800000000000043	0.102179239829865751
2.24399999999999977	0.0999812790396125139
2.25	0.0977371492045037565
2.25600000000000023	0.0955682379494190298
2.26200000000000045	0.0935758893913010287
2.26799999999999979	0.0918501787172726902
2.27400000000000002	0.0904680762705965674
2.28000000000000025	0.089477284850578015
2.28600000000000048	0.088874168857973293
2.29199999999999982	0.0885859700158522917
2.29800000000000004	0.088467649977820903
2.30400000000000027	0.0883246538613727955
2.3100000000000005	0.0879659378855990465
2.31599999999999984	0.0872714139796894606
2.32200000000000006	0.0862386221618262894
2.32800000000000029	0.0849801517886286245
2.33400000000000052	0.0836764807472252931
2.33999999999999986	0.0825152305514751105
2.34600000000000009	0.0816444905235859802
2.35200000000000031	0.0811487974055911943
2.35800000000000054	0.0810444553564347719
2.36399999999999988	0.0812904241581742099
2.37000000000000011	0.0818123986312420254
2.37600000000000033	0.082533210284283523
2.38199999999999967	0.0833950709006098939
2.3879999999999999	0.0843597755603242572
2.39400000000000013	0.085388262606164389
2.40000000000000036	0.0864199730798723559
2.40599999999999969	0.0873754195586306237
2.41199999999999992	0.08818577141840718
2.41800000000000015	0.0888268987195174747
2.42400000000000038	0.0893271118420399524
2.42999999999999972	0.0897370872520927426
2.43599999999999994	0.0900796833136669889
2.44200000000000017	0.0903117148326439273
2.4480000000000004	0.0903215877925265392
2.45399999999999974	0.0899654323676485762
2.45999999999999996	0.0891234326070067528
2.46600000000000019	0.0877478745322066989
2.47200000000000042	0.0858803552495672889
2.47799999999999976	0.0836343363577500692
2.48399999999999999	0.0811575826964096164
2.49000000000000021	0.0785939091202594448
2.49600000000000044	0.0760559637571256997
2.50199999999999978	0.0736119745363687655
2.50800000000000001	0.071285912014096689
2.51400000000000023	0.0690694340367740967
2.52000000000000046	0.0669412036352062534
2.5259999999999998	0.0648858052968819543
2.53200000000000003	0.0629048134711018558
2.53800000000000026	0.061017672265054175
2.54400000000000048	0.0592556000939907304
2.54999999999999982	0.0576535202235733402
2.55600000000000005	0.0562434927146479927
2.56200000000000028	0.0550509370424301578
2.5680000000000005	0.0540934359375628698
2.57399999999999984	0.0533811528071538657
2.58000000000000007	0.0529177187309428851
2.5860000000000003	0.0527007700205203156
2.59200000000000053	0.0527220428027197277
2.59799999999999986	0.0529677079078977736
2.60400000000000009	0.0534197324552340355
2.61000000000000032	0.0540579407018125652
2.61600000000000055	0.0548607886612958937
2.62199999999999989	0.0558024881386975924
2.62800000000000011	0.0568460319741265069
2.63400000000000034	0.0579346663664507266
2.63999999999999968	0.0589864646525999833
2.64599999999999991	0.0598970336331117181
2.65200000000000014	0.0605536026392403948
2.65800000000000036	0.0608590096608827499
2.6639999999999997	0.0607572781772235324
2.66999999999999993	0.0602483906988862672
2.67600000000000016	0.0593840966032232326
2.68200000000000038	0.0582477201517259055
2.68799999999999972	0.0569296272971916428
2.69399999999999995	0.0555092807290080564
2.70000000000000018	0.0540474771895345374
2.70600000000000041	0.0525861046315526798
2.71199999999999974	0.051151498965374971
2.71799999999999997	0.04975930578156431
2.7240000000000002	0.0484200518859519494
2.73000000000000043	0.047144283134298047
2.73599999999999977	0.04594561246578234
2.74199999999999999	0.0448407429514087602
2.74800000000000022	0.0438470903211572588
2.75400000000000045	0.0429796612792376145
2.75999999999999979	0.042248685617300212
2.76600000000000001	0.0416586266259916238
2.77200000000000024	0.0412083894884227725
2.77800000000000047	0.040892195638967635
2.78399999999999981	0.0407006791877396745
2.79000000000000004	0.0406220682731349148
2.79600000000000026	0.0406434576233807299
2.80200000000000049	0.0407518572787619604
2.80799999999999983	0.040934188018781445
2.81400000000000006	0.0411755079796353451
2.82000000000000028	0.0414559435072282753
2.82600000000000051	0.0417483574679699682
2.83199999999999985	0.0420193393511636981
2.83800000000000008	0.0422347594739300169
2.84400000000000031	0.0423682953400777093
2.85000000000000053	0.0424087802309118522
2.85599999999999987	0.0423620947141219728
2.8620000000000001	0.0422461652034063148
2.86800000000000033	0.0420814720027459163
2.87400000000000055	0.0418816277236359613
2.87999999999999989	0.0416481150475734654
2.88600000000000012	0.0413710525023793727
2.89200000000000035	0.0410351390192086676
2.89799999999999969	0.040627680469958169
2.90399999999999991	0.0401448021927058654
2.91000000000000014	0.039593269401625053
2.91600000000000037	0.0389880896269945432
2.92199999999999971	0.0383482800502995755
2.92799999999999994	0.0376933281876694407
2.93400000000000016	0.0370413046708005581
2.94000000000000039	0.0364079372531584469
2.94599999999999973	0.0358054956086459805
2.95199999999999996	0.0352410480500872716
2.95800000000000018	0.0347146531489690366
2.96400000000000041	0.0342185766010385528
2.96999999999999975	0.0337384669346016269
2.97599999999999998	0.0332567070387234931
2.98200000000000021	0.032757138771177606
2.98800000000000043	0.0322295184648504485
2.99399999999999977	0.0316720208171674955
3	0.031091054366062857
