-2.612503577054101633e+00
1.227076412804168903e-01
-6.601595397816817368e-01
2.479620869652920945e-01
-1.667775437302618791e-01
1.444591805884600788e-01
-3.184198370642041809e+00
1.979904629993891607e-01
-3.741389575234683740e-01
1.476091823069580755e-01
-1.753433540171991378e-01
1.191263758764962155e-01
-2.669116223904934859e-01
2.239433016665306475e-01
-2.603229685082850686e-01
2.103182354700411594e+00
-4.735884806905067634e+00
-2.319343536008149798e+00
-2.291314836903717289e+00
3.870248246831655692e-01
-1.383290338893718996e-01
2.490361866960473236e-01
-5.043993994265876246e-01
3.406038182329933495e-01
-1.191780862532182184e+00
5.028315341600423372e-01
-9.066686499232501362e-02
9.274580154631850704e-02
-6.027000822530839130e-01
3.276359871949094948e-01
-1.417747432344835357e+00
1.369910656807356242e+00
1.375068855613376773e+00
4.668538884737515993e+00
-3.756808434715195322e-01
2.499248334610492783e+00
-2.297801511852370915e-01
3.075357584536774436e+00
-7.774805141917671136e-01
2.173683679596452034e-01
-6.639773932951973379e-01
1.526539003824791019e+00
-1.243740319562765873e+00
9.500504933658342477e-01
-2.601064423963699301e-01
1.828466061031370771e-01
-1.302381092822552660e+02
5.824227601089846384e-01
-3.569521302421738707e-01
4.233532083943485347e-01
-2.449160045128828678e-01
9.064350980181034023e-01
-2.099625548053274393e-01
1.364324884203740318e-01
-1.332914522388401579e+00
3.006440452971168575e-01
-5.567466533165212894e-01
2.394594255020523477e-01
-4.700196082793994812e-01
3.007716888928664289e-01
-1.715811296069620351e-01
4.182945347143021131e-01
-3.884364394525972486e+00
9.636800742045763535e-01
-2.039847006492521153e-01
2.225121647696976623e+00
-1.005255909196974606e+00
1.647342331414600736e-01
-3.167065372920001565e-01
3.542304927175788265e+00
-4.312238920384467988e-01
1.634420459609180476e-01
-5.138838912714294160e-01
2.979873326894746377e-01
-2.702379402974260714e+00
2.432953493695702019e-01
-2.965272734863688697e-01
2.340222056061389999e+00
-8.347386237920200180e-01
1.003156594783449096e+00
-4.460444349233527728e-01
9.573353503684147370e+01
-1.383874590332863974e+00
9.644352034352294822e-01
-2.318504859159387088e-01
5.239826932423812256e-01
-4.350807804963290337e-01
8.124963042293450455e-01
-2.275284502024847999e-01
1.389090635532090667e+00
-7.260045468299067828e-01
3.515956894827181323e-01
-2.091591710705839269e+00
6.508110057130828130e-01
1.005887331074514446e+00
3.707639247596389076e+00
-2.092305337734343240e+01
4.501401758323355580e+02
-1.745833598461938863e-01
1.571792714086343912e+00
3.012862475155021258e+00
3.588598278388299700e+00
-1.146242686257652643e+01
2.237182654616862720e-01
-1.665500047178542609e+00
7.182247764040818883e-01
-3.538109254105863410e-01
4.351772570792464823e-01
-4.259626172114812981e+00
1.157654364969238348e-01
-1.931324116625041665e-01
4.320304372808050353e-01
-1.540673098915055217e-01
6.545758823299884233e-01
-1.499498691324412381e-01
3.532088954991103869e-01
-2.093741027363284047e+03
1.007704951379672753e+00
-2.855510199468602739e-01
4.255589089775217992e-01
-2.769660335698935771e-01
5.137501830571186145e-01
-1.856388432150666290e-01
1.772212927142056138e-01
-4.006940806838170666e-01
4.616271439106218732e-01
-1.348046518278436245e+00
2.693230820089529409e-01
-5.911250767481353030e+00
1.092837952570105298e+00
-1.574913486542259822e-01
4.213216688593350856e-01
-4.774840833006390728e-01
1.538261307175684101e+00
-2.265718197292328817e+00
2.683768351928252915e-01
-1.170481982415996214e-01
1.390615084565081094e-01
-1.297263659043497164e-01
4.909959296291463104e+00
-1.334625975156880529e+01
4.517741416660614462e-01
-7.188768101267681843e-01
1.032450229547745657e+01
-5.044848590268751209e-01
4.550879999062578118e-01
-2.701949402403426959e+00
5.773685399032152388e-01
-6.402448103880966634e-01
4.702653967327488971e+00
-5.023986561629142145e+00
5.933944761884313301e-02
-7.109676936326358998e-02
9.828414723934253416e-02
-1.440598398147316939e-01
1.692585571729232630e+00
-5.793395720679286320e-01
2.160561431324504511e+00
-3.611371191344154852e-01
2.397958971758489266e-01
-7.668652738437415906e-01
1.771118315799045106e-01
2.542422882754312496e+00
2.761060766513555809e+00
-5.343264746396673814e+00
1.838521863030721182e+00
-8.944856321621212913e-01
4.153342961249752996e-01
-2.210807690381256130e+00
-1.492477777765350844e+00
-6.471700507436817240e-01
3.834816902101562341e+00
-3.573796484060014489e-01
3.639768927105653251e-01
-7.027672272800362663e-01
1.390519946706907817e+01
-2.778801735102092163e-01
3.247167291814898604e-01
-4.833613806448015282e+01
1.902188433834288706e-01
-1.252509264630372599e-01
1.180624662744704789e-01
-1.578382496551249403e-01
1.815788383227840974e-01
-3.427617125656692298e-01
3.110912904302187698e-01
-9.571575741137250404e-02
9.394941332450623683e-02
-2.739970506428552888e-01
2.105075676188663536e+00
-9.385601007261501039e+00
3.506171337164942781e-01
-1.849078247485134607e+00
9.896156225942461804e-01
-5.268830424481385499e-01
3.744189317831834174e-01
-5.230112913741313818e-01
2.788236395802736300e+00
-1.799118065522222754e-01
1.887062627484501487e-01
-2.144045570311146065e-01
3.967930151842646413e+00
-2.040289175287055556e-01
5.859177865868574475e-01
-8.378714776186875213e-01
7.786571526072219029e-01
-2.978014461520983591e-01
3.991028873777626718e-01
-2.438273385592066855e-01
3.777515846322916371e-01
-2.068164911418060026e-01
2.996582655953266006e-01
-3.335169849673287334e-01
3.441124217451185796e-01
-4.294868988881024308e-01
8.285282970910671230e-01
-2.860235031138633754e-01
1.232846492715386377e+00
-1.638475628553937025e-01
5.952013946574122860e-01
3.113290800979063189e+00
7.579236911726293435e+00
-9.847189916610084026e-01
8.323959987723243970e-01
-2.568639782402697413e-01
9.573833340494772859e-01
-4.007757611122229058e-01
1.865591388767037673e+00
-1.155782629174813891e+00
1.477017631719914625e-01
-6.182296087239738114e-01
1.338479105756516629e+00
-3.611747097945934293e-01
5.475580367996841780e-01
-3.137186415931541017e-01
2.089067587277684268e-01
-3.137547829778451813e+00
5.945016206084695609e-01
-7.889635148920404184e-02
1.044110335116519295e-01
-2.146554349775886106e+00
2.384428633274244813e-01
-9.015807401038244961e-02
4.648210599531040543e+00
-1.497594023031856292e-01
1.990809268503459517e-01
-1.905965756806560218e-01
1.408012925477648558e-01
-2.188844669184739633e-01
9.974520003322684403e-01
-3.048903564147109613e-01
3.159697877765434981e-01
-9.026006555192980230e-01
1.567392217106166052e+00
-1.501213204455602579e+00
1.826316579066964430e-01
-5.442006356578072968e-01
1.645317495252920370e-01
-9.766125511900014544e-01
1.654770259060889259e-01
-1.512015506620676408e-01
2.244274221656037405e-01
-1.376705348820572716e-01
3.664948842531379647e+00
-4.826687070310378136e-01
1.679755702324603472e-01
-2.326606997803966070e-01
1.735009807309506602e-01
1.021263716047236203e+00
4.077558389136976658e+00
-1.313987037746302544e-01
3.452886725819853897e+00
-1.493641659674374012e-01
4.254761506992004172e-01
-4.244856395446197084e-01
2.769118446366010122e-01
-2.778480788685302461e-01
5.801585161580072869e-01
-2.099225773280573026e-01
3.006031146769073459e+00
-4.587367243312576726e-01
2.599531439527691390e-01
-1.909108925104199272e-01
1.082083865413550061e-01
8.170949874739924512e-01
1.407691455601023023e+01
-1.851344120679467853e-01
3.337968367277412973e-01
-1.396723951063769675e+00
8.733418122049722010e-01
-1.336558172652575927e+00
1.406635770408100283e+00
-4.858516032903001935e-01
1.499156957404803592e-01
-1.270161881540012860e-01
2.120101831942595272e+00
-9.212661434009574712e-01
2.016041050492130005e-01
-7.653066729717763472e-01
3.360869082541721564e+00
-3.410048311278879307e-01
1.862814232854290708e-01
-1.042514158924788159e+00
4.786718899909350178e-01
-5.837676494077277844e+00
9.024338340617011900e-01
-2.453882031643792594e-01
6.566041177021281428e+00
-1.671127481780472657e+00
1.891468089052295021e-01
-1.013000006102560135e-01
1.697615287436762266e-01
-2.378247041825809482e-01
3.228314520102713026e-01
-1.036641728916369409e+00
4.313914724938805456e-01
-3.421348408295858956e-01
5.192954518548423826e-01
-1.183961896885270537e-01
2.311571005278212354e-01
-1.529025916990742306e+00
3.032364863921723774e-01
-1.789217057609086226e+00
1.603038764728655030e+00
-5.492800823127965693e-01
1.809444759545155712e-01
-5.758758391235798690e-01
6.026041110172443149e-01
-7.261530418171902035e-01
4.919886457954276704e-01
-4.959337160799845989e-01
4.713458474877949556e-01
-2.355330465553495678e-01
2.493859807899103664e-01
-1.687880158043499890e-01
3.404805763991698431e-01
-1.480953427681130030e+00
3.623444220966385299e-01
-1.678155384993023702e+01
1.082581611367376961e-01
-1.251450760234011916e-01
2.203812737737769201e-01
-1.798125103909642419e-01
9.075817547213114178e-01
-6.782116955583878948e-01
9.074548927969965373e-01
-8.893446701674712074e-02
1.055803007012623418e-01
-2.787958306081963400e+01
-1.173890261554885406e+00
-2.968211801508260805e+00
1.107957236175023397e-01
-4.489234860664799154e-01
4.613378488408521605e-01
-2.184448297898506919e-01
3.694897556319476362e-01
-3.910684123259597911e-01
6.216585785642447792e-01
-9.085426788242090268e-02
3.637491772823967295e+00
-9.066349367876389564e-01
2.481869504836138329e-01
-8.010753359782434302e-01
1.787966935233049615e-01
-1.492502651075536590e+00
4.339139269348206707e-01
-2.053337219642958900e-01
5.110388967696672946e-01
-1.905239235789990548e-01
3.141626945294151430e-01
-6.681951838109454478e-01
6.910948575143600614e-01
-1.182611898117637228e+00
1.895067203697017533e+00
-8.897960084314238571e+00
3.287335647171914843e+01
-9.824210235605304042e-01
1.513231236646527256e+00
-2.024933686996124305e-01
3.704910014536291207e-01
-1.381246456236315368e+00
3.483630023774155759e-01
-1.994228144343345832e+00
1.983620450281997627e-01
-1.288596083144957660e+00
1.362255364161754301e+00
1.021713993169598655e+00
3.493482545684132301e+00
-3.855195221687812701e-01
2.689004620770927279e-01
-1.958833968880815402e-01
4.302878558073534698e+00
-8.606246143082674216e-02
2.995265285558666779e+00
-7.323295868415007348e-01
8.596024125671508642e-01
-8.220780187606107070e-01
4.334593139584721477e-01
2.012438818542574115e+00
2.963634218076105054e+00
