-3	0.0372993389990557145
-2.92307692307692291	0
-2.84615384615384626	0
-2.76923076923076916	0.074598677998111429
-2.69230769230769251	0
-2.61538461538461542	0.0372993389990557145
-2.53846153846153832	0
-2.46153846153846168	0
-2.38461538461538458	0.0372993389990557145
-2.30769230769230749	0.074598677998111429
-2.23076923076923084	0.0372993389990557145
-2.15384615384615374	0.074598677998111429
-2.07692307692307665	0
-2	0.0372993389990557145
-1.92307692307692291	0
-1.84615384615384603	0.074598677998111429
-1.76923076923076916	0
-1.69230769230769229	0.074598677998111429
-1.61538461538461542	0
-1.53846153846153832	0.149197355996222858
-1.46153846153846145	0.074598677998111429
-1.38461538461538458	0.223796033994334259
-1.30769230769230749	0.0372993389990557145
-1.23076923076923062	0.11189801699716713
-1.15384615384615374	0.074598677998111429
-1.07692307692307687	0.074598677998111429
-1	0.149197355996222858
-0.923076923076922906	0.149197355996222858
-0.846153846153845812	0.149197355996222858
-0.769230769230769162	0.223796033994334259
-0.692307692307692069	0.261095372993389974
-0.615384615384615419	0.186496694995278572
-0.538461538461538325	0.335694050991501403
-0.461538461538461231	0.410292728989612832
-0.384615384615384581	0.484891406987724261
-0.307692307692307487	0.522190745986779947
-0.230769230769230838	1.00708215297450421
-0.153846153846153744	1.00708215297450421
-0.0769230769230766498	0.335694050991501403
0	0
0.0769230769230770939	0.335694050991501403
0.153846153846154188	1.04438149197355989
0.230769230769230838	0.783286118980169976
0.307692307692307931	0.671388101983002805
0.384615384615385025	0.522190745986779947
0.461538461538461675	0.634088762983947118
0.538461538461538769	0.223796033994334259
0.615384615384615419	0.298394711992445716
0.692307692307692513	0.149197355996222858
0.769230769230769607	0.0372993389990557145
0.846153846153846256	0.223796033994334259
0.92307692307692335	0.149197355996222858
1	0.410292728989612832
1.07692307692307754	0.0372993389990557145
1.15384615384615419	0
1.23076923076923084	0.0372993389990557145
1.30769230769230838	0
1.38461538461538503	0.186496694995278572
1.46153846153846168	0.0372993389990557145
1.53846153846153832	0.11189801699716713
1.61538461538461586	0.11189801699716713
1.69230769230769251	0.0372993389990557145
1.76923076923076916	0
1.8461538461538467	0.0372993389990557145
1.92307692307692335	0.074598677998111429
2	0.0372993389990557145
2.07692307692307754	0
2.15384615384615419	0.149197355996222858
2.23076923076923084	0.0372993389990557145
2.30769230769230838	0
2.38461538461538503	0.0372993389990557145
2.46153846153846168	0
2.53846153846153832	0.074598677998111429
2.61538461538461586	0
2.69230769230769251	0
2.76923076923076916	0.0372993389990557145
2.8461538461538467	0.0372993389990557145
2.92307692307692335	0
3	0.074598677998111429
