1.687427588707237636e-01
1.986464368527833813e-01
-2.612503577054101633e+00
1.227076412804168903e-01
2.294261603765341828e-01
8.058925103879720497e-01
-6.601595397816817368e-01
2.479620869652920945e-01
-1.667775437302618791e-01
1.444591805884600788e-01
-9.851171666001605765e-01
-4.726463764357768937e-02
6.680008489913413783e-02
1.197810296828852206e+00
-1.338644198686136377e-01
2.137243030358315643e-02
2.190536106006881756e-01
1.513525499038577582e+00
-3.184198370642041809e+00
1.979904629993891607e-01
-2.603600084118840030e-01
-1.228530604810071925e-01
2.821660480802681281e-01
5.249101521204588838e-01
1.877580182327469593e-01
5.208225492824117842e-01
-3.741389575234683740e-01
1.476091823069580755e-01
-1.753433540171991378e-01
1.191263758764962155e-01
-2.617243296091014138e-01
5.515596361387098412e-02
9.433111287831974501e-02
4.467454494348250815e-01
-2.669116223904934859e-01
2.239433016665306475e-01
-4.090449820290786853e-01
-1.699703298434789289e-01
-1.104177828058867661e-01
5.563423749056383150e-01
4.104931691801310123e-01
3.187045582744797656e+00
-2.656165621074708660e-01
-1.670128111251822922e-01
-5.422897854955550656e-01
-2.987956257395187887e-01
1.625485636461765360e-01
2.824317973725380959e-01
-2.603229685082850686e-01
2.103182354700411594e+00
2.323851982854616693e-01
7.304225223500711017e+00
1.035479298025150374e-01
1.759349751615271185e-01
-1.746135964354624814e-01
4.471764861448890294e-02
-5.344984968554467031e-02
2.856129925767338928e-01
3.574500563986060531e-01
2.106874952106443377e+00
-3.791753930971553110e-02
4.435227210676064846e-01
-4.735884806905067634e+00
-2.319343536008149798e+00
4.060069347694734709e-01
2.482123936444381673e+00
1.973220230107917139e-01
1.197774441038008231e+00
-6.245677152154724965e-01
-1.244943781338059274e-01
-2.872542761838365877e-01
-1.788067601428136033e-01
-2.291314836903717289e+00
3.870248246831655692e-01
-3.122266403294360337e-02
2.735855833378163293e+00
-1.383290338893718996e-01
2.490361866960473236e-01
-5.026827913865883346e-02
5.703825160435875841e-01
-1.141238139018875497e+00
-2.933302212855519731e-01
-1.185519829338447462e+00
-1.389022968584083806e-01
-8.454384847834539585e-02
3.949930253277367243e-02
-5.043993994265876246e-01
3.406038182329933495e-01
-1.191780862532182184e+00
5.028315341600423372e-01
-1.465274846797163910e+00
-1.708915957865875246e-01
-9.066686499232501362e-02
9.274580154631850704e-02
9.565523978109102821e-02
2.669416830796376150e-01
-6.027000822530839130e-01
3.276359871949094948e-01
4.167332047354976865e-03
3.787627805193012342e-01
-1.417747432344835357e+00
1.369910656807356242e+00
-4.765427094120655571e-01
7.217255742590622525e-02
-3.028775775561598493e-03
8.913417641085748855e+00
5.545238776759808808e-02
1.220193273152012647e-01
1.375068855613376773e+00
4.668538884737515993e+00
-3.756808434715195322e-01
2.499248334610492783e+00
-2.461022941317114743e-03
2.151015838925611767e-01
1.412168473572068539e-01
2.413915673798185946e-01
-8.650740858436800629e-02
2.002817092181612413e-01
3.296168500800744638e-02
7.663912601166500416e-02
-2.297801511852370915e-01
3.075357584536774436e+00
-6.871589886475830689e-01
-4.074743713065902551e-01
-7.774805141917671136e-01
2.173683679596452034e-01
1.424874022360012038e-01
8.317742946576116569e-01
-4.398654553805858569e-02
1.081606777818817644e-01
-6.639773932951973379e-01
1.526539003824791019e+00
-1.243740319562765873e+00
9.500504933658342477e-01
1.918521437806994800e-01
5.144637776260766460e-01
3.155276084954923288e-01
1.245404139641414165e+00
-2.601064423963699301e-01
1.828466061031370771e-01
2.219456985869605603e-02
2.491804000621833382e-02
-1.302381092822552660e+02
5.824227601089846384e-01
-3.569521302421738707e-01
4.233532083943485347e-01
2.231218357711819422e-01
1.141409851982858825e+00
-1.950161773963176692e+00
-1.139363622669251619e-01
-2.139566098777141434e+00
-3.591261362594333484e-01
-2.458498280198429420e+00
6.719538176420902786e-03
3.208372884777981326e-01
3.938570649863633033e+00
-1.015737832450390066e+00
-3.172311897273187853e-01
-2.449160045128828678e-01
9.064350980181034023e-01
-1.006778050841927730e-02
1.120096356810037497e+00
-7.010004033650929500e-02
7.892687999136338561e-03
-2.445917529761043596e-02
8.077159277709434759e-01
-7.220816524619259269e+00
-4.494228736584269246e-01
-2.099625548053274393e-01
1.364324884203740318e-01
5.687094709499439515e-01
1.537082557926699566e+00
1.866311121943582396e-01
5.036312603562520529e-01
-1.332914522388401579e+00
3.006440452971168575e-01
-5.567466533165212894e-01
2.394594255020523477e-01
-3.310476920176432802e-01
-3.965092230598621370e-02
-2.624498071187961301e+00
-5.188634821769730898e-01
-3.353077552443206599e-01
-1.039432864384166599e-01
4.553791887925109361e-01
7.675674842025097533e-01
-4.700196082793994812e-01
3.007716888928664289e-01
-9.374555304612846029e-01
-5.301866250495343991e-01
-1.278638469009577072e+01
-6.061633017335958939e-01
-4.638808541495933468e-01
-1.990012279439417053e-01
-1.620011681814402138e+00
-3.815468874733316529e-01
-3.551721581830016294e-01
-2.143886441457909520e-02
-6.087965568830573382e-01
-6.424815055088362037e-02
-1.715811296069620351e-01
4.182945347143021131e-01
7.525030597847748304e-02
7.916489948324678672e-02
-3.571352592144236837e-01
-8.620276867908560625e-02
-3.884364394525972486e+00
9.636800742045763535e-01
-3.181353882802124833e-01
-2.424651285738568252e-01
8.706459338264124215e-01
2.996056096347612385e+00
-3.304452235307198116e-02
2.825848901382599365e+00
7.143234775461393404e-02
1.643485880998745152e-01
-2.039847006492521153e-01
2.225121647696976623e+00
-9.372611008899740526e-01
-6.768195796428111422e-01
1.393593385401630247e-01
2.354509675679314906e-01
-3.316244134464181315e-01
-4.990284224207774955e-02
1.480808106130000468e-01
4.526823168936693342e-01
-3.863251504367859468e-02
1.620637806413061766e+00
-8.732581526102736191e-01
-5.087727207148495800e-02
9.886677366228990849e-02
8.246516829087979783e-01
-2.030929394045972725e-01
-8.968686158911332029e-03
1.065644784290604719e-01
1.124792435000947499e-01
-4.772174194660481206e-01
4.343290879903105584e-02
-1.005255909196974606e+00
1.647342331414600736e-01
3.143133490237544070e-01
1.509981955747958571e+00
-3.167065372920001565e-01
3.542304927175788265e+00
-4.312238920384467988e-01
1.634420459609180476e-01
-1.597457192369389212e+00
-1.945078306559047121e-01
-6.425512321265700599e-01
-1.097464170685724660e-01
1.105077305105273133e-01
4.203498505795539852e-01
-7.400384255934904232e-01
-8.496699327106749244e-02
-4.680011589712562703e-02
5.222334632159085777e-01
4.534685129173499085e-02
1.256573989764688815e-01
-5.138838912714294160e-01
2.979873326894746377e-01
-2.702379402974260714e+00
2.432953493695702019e-01
-2.965272734863688697e-01
2.340222056061389999e+00
2.175748825035412892e-01
3.284472593547547170e-01
-1.945396812208023363e+01
-8.896204255360684598e-02
-8.347386237920200180e-01
1.003156594783449096e+00
-4.460444349233527728e-01
9.573353503684147370e+01
-3.154874712899558009e-01
-2.931963039453742148e-01
-1.383874590332863974e+00
9.644352034352294822e-01
-2.318504859159387088e-01
5.239826932423812256e-01
-4.369002162916351129e-01
9.331615268600934598e-02
-4.350807804963290337e-01
8.124963042293450455e-01
-3.125638956314629180e-01
-1.455606438929901714e-02
-3.352871807423065675e-01
5.048906789870577505e-02
-2.302456740568703530e-02
5.105852510243136244e-02
-1.722741561282363776e-01
3.974558989966059386e-02
-2.275284502024847999e-01
1.389090635532090667e+00
4.971716778311201512e-01
2.286330838911262209e+00
-1.102883040482484756e+00
-4.264445679575590287e-01
-8.283560230890740783e-02
3.821239034414873892e-01
-7.260045468299067828e-01
3.515956894827181323e-01
9.744045067241913216e-03
5.072775087064494981e-01
-1.302993824792504363e+00
-7.645434132051840415e-01
8.834630935910299243e-01
1.136564411190278845e+00
-5.701638164898512606e-01
1.162076433286503008e-01
-2.752660117443921806e+00
-8.090091344856253919e-02
-2.091591710705839269e+00
6.508110057130828130e-01
2.299195900981332308e-02
3.028873800675964123e-01
-1.031781116623771588e+00
-5.016344879474776697e-02
-1.148553564490749412e+00
2.094566482658777318e-02
6.947246773839443890e-02
8.587725889729181938e-01
7.977794732367904373e-02
3.087480180891561066e+00
-1.334586991779221243e+00
-4.256142708566346133e-01
-2.729148858710161996e-02
9.312152215152691426e-03
1.005887331074514446e+00
3.707639247596389076e+00
1.319408952887646258e-01
1.539475977148200503e+00
-2.092305337734343240e+01
4.501401758323355580e+02
-1.745833598461938863e-01
1.571792714086343912e+00
-6.694183664521919930e-01
7.594971181472076616e-02
2.662725176797575699e-02
1.586917250038430982e-01
-3.668661390381000587e-02
8.374274683614589820e-01
3.816444595399115514e-01
2.019348346967846819e+00
1.528909440216659199e-01
2.134976093766856042e-01
-6.156706166415624182e-01
-3.190686083910103665e-01
3.012862475155021258e+00
3.588598278388299700e+00
-4.587250395676711889e-01
-8.635811847300356447e-02
-8.220617865847428263e-01
7.107532552497741740e-02
-2.996615831709417144e-01
-1.616872848484873781e-01
-7.492416146712699287e-01
1.370367743326619259e-01
-2.888376887716208596e-01
-2.198379731353836686e-01
-1.771353031273239509e-01
-1.319000229913980249e-01
5.157072397083793946e-01
1.475671473583564763e+00
1.565970599394770346e-01
4.976588837476028093e-01
-3.709370337159789699e-03
3.318929117108444515e-01
-9.070648118891799783e-03
1.403564175397129521e-01
-1.462635116278134806e-01
2.819567996081473460e-02
1.051000020995027651e-01
2.467802869358901585e+00
-5.511623575035365974e+01
-1.977466333345001548e-01
-1.019585784482974766e-01
5.664208518615099219e-01
-1.213331164992935918e+00
7.575640841019737337e-02
-1.061136798464579201e-02
9.300581907026921336e-01
-1.146242686257652643e+01
2.237182654616862720e-01
2.118529602890966146e-01
3.354758797449016949e+00
2.063832221773929110e-01
2.326044175313615181e-01
-1.665500047178542609e+00
7.182247764040818883e-01
-8.979876254626351084e-02
3.485711239973245945e-01
-3.538109254105863410e-01
4.351772570792464823e-01
-8.885362155451916877e-01
3.013338122642084116e-02
-4.259626172114812981e+00
1.157654364969238348e-01
7.519012577703299005e-01
9.618923402700323422e-01
-1.201394763644311858e+00
-2.809925659803269582e-01
-1.931324116625041665e-01
4.320304372808050353e-01
-1.540673098915055217e-01
6.545758823299884233e-01
-1.767057948277705570e+00
7.819834894938693104e-02
1.561980669947646838e-01
4.901628640793491698e-01
2.386514695653962903e-02
7.481449177490873126e-02
-1.499498691324412381e-01
3.532088954991103869e-01
-2.233052248270643858e-01
-1.235423940230873097e-01
-1.275076782299844780e+00
3.185772345389614735e-02
2.323530823175778970e-01
6.645168934019828333e-01
-2.093741027363284047e+03
1.007704951379672753e+00
-2.855510199468602739e-01
4.255589089775217992e-01
-2.769660335698935771e-01
5.137501830571186145e-01
1.177105851468440711e-01
2.739025301877910934e-01
2.033832709504781455e-01
5.614814876226030815e-01
-1.856388432150666290e-01
1.772212927142056138e-01
4.416789286452393881e-02
1.574796226924950471e-01
-4.006940806838170666e-01
4.616271439106218732e-01
-1.348046518278436245e+00
2.693230820089529409e-01
-7.861215235895024911e-02
1.562548793167282346e+00
-8.117397746710279804e-01
-5.804273014808858377e-01
4.915190092407839551e-02
1.395195515737293057e-01
-5.911250767481353030e+00
1.092837952570105298e+00
8.569021176123770012e-02
1.980228756177908611e-01
-2.415234934249754772e-02
9.098290422960064738e-02
9.605250431463874250e-03
2.541837011782019928e-01
-1.574913486542259822e-01
4.213216688593350856e-01
-4.774840833006390728e-01
1.538261307175684101e+00
-2.600884481960710204e-01
2.582287990292808644e-03
-1.219724323407207933e+00
-1.852259022888769202e-01
-2.265718197292328817e+00
2.683768351928252915e-01
-1.170481982415996214e-01
1.390615084565081094e-01
-6.869654362938883985e-01
1.371009868562333978e-02
-5.511527549674810622e-02
3.619387415926023976e+00
-5.706003928348990506e-01
-1.481257574561585244e-01
-1.297263659043497164e-01
4.909959296291463104e+00
-1.334625975156880529e+01
4.517741416660614462e-01
-1.501554173584275453e+00
-1.426707563683400348e-01
-7.872412880575785366e-02
1.762410715400530847e-01
-7.188768101267681843e-01
1.032450229547745657e+01
4.617047064954427071e-02
1.247252366935418522e-01
-5.044848590268751209e-01
4.550879999062578118e-01
-3.180902095338344893e-01
7.589205354379191526e-02
-2.029066067542819596e-01
-1.983406752486305269e-01
2.802055783780736942e-01
4.961077417945511936e-01
-3.429906800317024107e-01
1.188386842368684970e-01
-2.701949402403426959e+00
5.773685399032152388e-01
-7.529885117167056663e-01
2.696095241411122778e-02
-1.350613560709551741e+00
1.057964238638118282e-01
-4.922191791133110339e-01
-2.431740573221676804e-01
-5.385970296760502762e-01
-3.066694463549386462e-01
4.475466951789308645e-02
1.610869637540293109e-01
-2.255738060019050195e-01
-1.540381339510443759e-01
-6.402448103880966634e-01
4.702653967327488971e+00
-5.023986561629142145e+00
5.933944761884313301e-02
-7.109676936326358998e-02
9.828414723934253416e-02
-1.181851380645260186e-02
7.921255541047927951e-01
-1.095955578022329568e-01
-1.575466622390697680e-02
1.629283967096670782e-01
2.166981555831186679e-01
2.925053243454949214e-01
3.434617331033338328e-01
-3.631721500755435983e-02
2.155618398929834978e-01
3.092917156365921905e-01
4.081182370866840436e-01
-3.274663056453324117e-01
-1.949017826847272428e-01
-1.440598398147316939e-01
1.692585571729232630e+00
1.372208698986692177e-01
5.905819789767096095e-01
1.964705982631760328e-01
3.862553315154430233e+00
-1.742855784200902924e-01
-1.723257859782498791e-01
-2.806943662169791409e+00
-4.659848645562991720e-02
-2.219621114003356155e-02
4.695185345016843481e-01
-5.793395720679286320e-01
2.160561431324504511e+00
-3.611371191344154852e-01
2.397958971758489266e-01
-7.669634512084977374e-01
-1.442163181550131235e-01
-7.668652738437415906e-01
1.771118315799045106e-01
-1.458387166727526996e+00
-7.452936665188625298e-02
-4.812547168228964445e-02
8.237883634204079542e-02
2.542422882754312496e+00
2.761060766513555809e+00
-5.343264746396673814e+00
1.838521863030721182e+00
-8.944856321621212913e-01
4.153342961249752996e-01
-4.623047747561503940e-02
7.273000555727144878e-01
-4.296904105652867845e-01
-1.614456834378370509e-01
-2.210807690381256130e+00
-1.492477777765350844e+00
-6.471700507436817240e-01
3.834816902101562341e+00
5.226102685980604790e-02
2.584939985781212091e+00
6.516481733014045652e-02
7.922267689736894880e-02
2.483253792320148090e-01
3.258366697913137600e-01
-3.780051900118652775e-01
4.331849451993941003e-03
-3.573796484060014489e-01
3.639768927105653251e-01
2.049439844027922675e-02
4.980615480352372781e-01
6.762475108555321412e-03
1.421107072816421013e-01
5.932678343044028857e-02
6.190864191074445522e-01
-7.027672272800362663e-01
1.390519946706907817e+01
-2.778801735102092163e-01
3.247167291814898604e-01
-2.885387002796890865e-01
3.642337229709613489e-02
-1.868590002979388931e-01
-1.308373772200841501e-01
-4.833613806448015282e+01
1.902188433834288706e-01
-3.025339641292520199e+00
-8.422041823884365286e-01
-1.027784045812870417e+00
-8.981569614121109879e-02
-1.252509264630372599e-01
1.180624662744704789e-01
-4.280615223385255685e-01
4.655308155474813248e-02
-8.055401632531613565e-01
-1.364505982511765581e-01
9.746394307856465211e-02
1.173567558183454818e-01
-1.578382496551249403e-01
1.815788383227840974e-01
-3.427617125656692298e-01
3.110912904302187698e-01
-1.079510399829044509e-01
1.081409158750501920e+00
-8.387509584963579456e-01
1.093070724845399688e-01
-9.571575741137250404e-02
9.394941332450623683e-02
-4.819424422638163286e-01
-5.329143453175033684e-03
1.123840010021777136e-01
1.940075472021507430e-01
-4.532448308149250593e-03
1.714556864010456927e-01
-8.707213397526714083e-01
-1.053994179706356782e-01
-2.739970506428552888e-01
2.105075676188663536e+00
-9.385601007261501039e+00
3.506171337164942781e-01
1.846741247099761285e-01
3.123646853754347141e-01
-2.259434106598965375e-01
9.547636334823561555e-02
1.095486691916658373e-02
8.162700578723058875e-02
2.814418873408737198e-01
5.694317692614420112e-01
-1.849078247485134607e+00
9.896156225942461804e-01
-1.462389456671028043e+00
-2.099947413628644455e-01
-1.090173322686338597e-01
1.708734449407679490e+00
-5.884541427545455505e-01
-2.222151102327889483e-01
-4.610296725414175789e-02
7.157370421198017141e-04
-5.268830424481385499e-01
3.744189317831834174e-01
-5.230112913741313818e-01
2.788236395802736300e+00
-1.799118065522222754e-01
1.887062627484501487e-01
-2.390152792946874438e+00
-2.127136366670669965e-01
-9.472117178479333433e-02
3.265586999141656399e-01
-8.510745552571328254e-01
-1.611606043976736569e-01
-2.144045570311146065e-01
3.967930151842646413e+00
-2.457490146372180995e-01
3.800748386546159985e-02
-6.288035548588277734e-02
5.427767840010533362e-03
-1.141563042737132605e-01
2.155837393785731138e-02
-1.862840530024858499e-01
8.167664525792650565e-03
-8.032518432323656477e-01
8.042135756045776240e-02
-2.040289175287055556e-01
5.859177865868574475e-01
-3.240496080781591903e-01
1.339927973817442997e-01
5.700046777530065611e-02
1.376213121936644690e-01
-8.378714776186875213e-01
7.786571526072219029e-01
-1.296439835827665199e-01
5.270180407342320850e-01
-2.978014461520983591e-01
3.991028873777626718e-01
-1.438996989583324115e+00
-3.120296482311779585e-02
-3.939386894774985493e+00
-3.088169620204650467e-01
-2.438273385592066855e-01
3.777515846322916371e-01
-3.775974342302784947e+00
-3.812871420310286474e-01
-2.068164911418060026e-01
2.996582655953266006e-01
-2.319743153040341621e+00
5.414610472735104096e-02
-3.335169849673287334e-01
3.441124217451185796e-01
-4.294868988881024308e-01
8.285282970910671230e-01
4.332531779230213154e-01
8.445735785912140692e-01
7.359050934046318382e-01
1.026819769680424654e+00
-5.735880921553393463e-01
2.853953793645969128e-02
-5.887599680386785828e-01
3.487207461705144063e-02
-8.605493686254485297e+00
-6.328658573635714824e-02
-2.860235031138633754e-01
1.232846492715386377e+00
-7.409422430074896759e-02
1.502854485658772887e+00
-5.001896685712714508e-02
2.694544649202890163e-01
-1.122782272680586502e+00
-4.652509923032579486e-01
1.955516223077236049e-02
1.651453790370631669e-01
-1.638475628553937025e-01
5.952013946574122860e-01
-3.638944174201030890e-02
1.218328743689090166e+00
-1.095191668282311959e+00
-7.291248581813278840e-01
-9.469951753682703810e-03
1.539526544819485476e+00
3.113290800979063189e+00
7.579236911726293435e+00
-3.217827270855622146e-02
8.349748377774319774e-01
-3.528642009688196524e-01
-1.832338960526433969e-01
-5.291632693349113126e-01
-6.248348789092528222e-02
-9.847189916610084026e-01
8.323959987723243970e-01
3.397967287505454514e-02
5.459868604774982259e-01
-2.555738829070319795e-02
3.500342970663268272e-01
1.853754296665655055e-02
1.943089375848616740e-02
-2.568639782402697413e-01
9.573833340494772859e-01
-4.007757611122229058e-01
1.865591388767037673e+00
2.718171447370831828e-01
5.143976053227048428e-01
-1.155782629174813891e+00
1.477017631719914625e-01
-5.246087409667454793e-01
-2.822124200807722971e-01
-5.992177032838825745e-01
-1.247035944806511587e-01
-6.182296087239738114e-01
1.338479105756516629e+00
-3.611747097945934293e-01
5.475580367996841780e-01
1.946028184280201856e-01
6.451235974352861335e-01
-2.610769828348631361e-01
-1.470376068683321158e-01
1.178141473286378194e-01
1.250066081916088701e+00
-1.694873638861030152e+00
-4.488247703019241364e-01
-2.695344899096358660e+00
-3.886602702241206408e-01
5.474830605701931363e-01
1.414570014829195088e+00
-2.093909815313677036e-02
6.276848075518026704e-02
-3.137186415931541017e-01
2.089067587277684268e-01
5.606174816190514498e-01
3.248241509698513330e+00
1.164767675058910879e-01
5.309893840079469296e-01
-3.137547829778451813e+00
5.945016206084695609e-01
3.808052134253614440e-03
4.281891092991816361e-01
4.409676562416873224e-01
5.119209818629144593e-01
-6.443586727125771851e-02
2.868394394662070468e-01
-3.869545787596708752e-01
3.990568135024119556e-02
-1.154022782705200090e+00
-6.032569023946088294e-01
-7.889635148920404184e-02
1.044110335116519295e-01
1.501045574111374847e-01
4.452786773964250155e-01
-2.146554349775886106e+00
2.384428633274244813e-01
-1.032605887762904295e+00
-7.054513529743844380e-01
-1.635938346344534278e-01
-1.388972313585612461e-02
-1.372095649054041466e-01
-5.480692734560110857e-02
-2.373141814359482904e-01
-1.960053070091374305e-01
3.083559960414028467e-02
8.108050326024170973e-01
5.500169356019646294e-02
1.701560370706589609e-01
-2.185449581280518583e-01
3.269001019939898889e-02
3.589859156383914396e-01
9.497771154568345864e+00
-2.339672292011212296e-01
2.529490695531655398e-02
-2.783819886393951393e+00
8.313416080497759708e-02
1.191835053139547185e-01
2.483252626786034423e-01
-9.862435721643620923e-01
-4.596158449900396015e-01
6.683334676126051477e-02
1.134017184063975670e-01
-2.051998883772170323e+00
-1.092391185696719003e+00
1.377800055678224389e-01
2.328697388952225555e-01
5.080155669907444604e-01
9.325543219550955776e-01
3.175853113851476728e-01
6.346823808420550828e-01
-6.238864968505657416e-01
1.140635499857503010e-01
3.216242492983356627e-02
9.939582418887306758e+00
7.299630298949999485e-02
1.471777429494651956e+00
-1.203392399968707061e+00
-7.349564239463486359e-01
-8.918985768015263993e-02
6.555026467060306450e-01
9.827854018375670186e-02
2.487882786843191862e-01
2.557267354898118406e-02
5.054164936391392082e-02
-9.015807401038244961e-02
4.648210599531040543e+00
-1.497594023031856292e-01
1.990809268503459517e-01
-1.905965756806560218e-01
1.408012925477648558e-01
6.223787887343323888e-02
1.715246389986269104e-01
-2.188844669184739633e-01
9.974520003322684403e-01
-3.048903564147109613e-01
3.159697877765434981e-01
-9.026006555192980230e-01
1.567392217106166052e+00
-6.202835538926607661e-01
-2.126185364789754395e-01
-1.501213204455602579e+00
1.826316579066964430e-01
-5.442006356578072968e-01
1.645317495252920370e-01
9.535130405293190670e-02
2.860046795183338819e+00
-6.134923879580993500e-01
1.196457220206039729e-01
6.155682574826770725e-02
1.037306563114218205e+00
-2.566450181513353357e-01
-1.133687240216314507e-01
-8.990766937406258208e-01
-1.619267390350429547e-01
-9.766125511900014544e-01
1.654770259060889259e-01
8.153328811954541067e-01
8.618274800593516138e-01
-1.512015506620676408e-01
2.244274221656037405e-01
6.352161736876972276e-01
1.343135848220582185e+00
-1.376705348820572716e-01
3.664948842531379647e+00
-3.813314798508047332e+00
-5.136467585243993383e-01
-3.254371793384611689e-01
-3.230459217449572762e-01
-1.053156006511546394e-01
1.759094927460869151e-02
-1.322594232460299057e-01
1.897760826976968573e-02
2.055307666274006628e-01
4.138866151881293032e-01
-4.826687070310378136e-01
1.679755702324603472e-01
6.348648162856146415e-01
1.619917861718375152e+00
-1.795022696689472230e-01
-2.863689997289009526e-02
4.832116569092326230e-02
8.351411434755884322e-02
3.766488843157933530e-02
6.220695559001439001e-01
-2.395081472887961027e-02
3.619460882057534690e-02
-7.872051062628209195e-01
-5.066807614113155722e-02
-7.853324641979528842e-01
-1.692570374000776923e-01
1.972196583320235952e-01
2.730190683839162080e-01
-1.071641321259719781e-01
2.963883293262290497e-01
-2.326606997803966070e-01
1.735009807309506602e-01
1.021263716047236203e+00
4.077558389136976658e+00
-1.313987037746302544e-01
3.452886725819853897e+00
-5.688182594251980362e-01
-1.335901477087459988e-01
8.046206350089575299e-01
4.537299693139845047e+00
-5.596550860376949821e-01
-1.676626154075571140e-01
-5.987039519228032347e-01
-1.654459047422456308e-01
-8.931643281657164479e-02
2.204734705178670318e-01
-1.493641659674374012e-01
4.254761506992004172e-01
-8.168524893185602487e-02
4.520068402014465470e-02
5.680351384862225572e-03
1.023006742581725748e+00
-4.244856395446197084e-01
2.769118446366010122e-01
-4.448796656925952941e-01
-6.606115444740479070e-02
-2.778480788685302461e-01
5.801585161580072869e-01
-2.099225773280573026e-01
3.006031146769073459e+00
6.879046728268348732e-01
1.617697340680211981e+00
-1.659930350059046322e+00
-8.922935510739038456e-02
-2.382484643817404102e-01
4.825411390089207053e-02
2.581854542741521819e-01
6.908784588685238370e-01
-4.587367243312576726e-01
2.599531439527691390e-01
-1.909108925104199272e-01
1.082083865413550061e-01
1.384052394365473670e-01
4.511186946181260815e+00
5.773191766174146089e-02
1.125860746381711186e+00
3.168626155963425450e-01
8.873958847519786142e-01
-2.293085270460082370e-01
-1.442545307701039725e-01
8.170949874739924512e-01
1.407691455601023023e+01
2.270134244402166601e-01
3.083914728791918858e-01
3.411926491415999685e-01
1.390455422528871443e+00
-2.877891382066257719e-01
-6.162937713634897285e-02
2.419576174730844187e-01
1.987169596339131772e+01
-1.948703876693679504e+00
-2.143401487364031688e-01
6.638205312668143954e-02
5.768638671133937024e+00
4.160094280631443375e-02
5.026318150686903685e-02
-1.440833386174487085e-01
5.453130224922553282e-02
-1.851344120679467853e-01
3.337968367277412973e-01
6.807857422071350584e-02
5.214452775142860430e-01
-1.396723951063769675e+00
8.733418122049722010e-01
4.020382404453903824e-02
2.074488822200573068e-01
-7.535039717312175256e-02
4.382953078653817336e-02
-5.896969826457953978e-02
1.220942996434910555e-01
-2.694160669942442521e-01
8.027274894291114293e-04
-3.411154069055122307e-04
3.177437531743376731e-02
-1.014894805018761126e+01
-2.386964512195239863e-01
-6.800414817082063301e-01
-1.572639583094093130e-01
2.418118114350997772e-03
8.483318832720025959e-01
-1.336558172652575927e+00
1.406635770408100283e+00
1.205485676716107069e-01
3.244163867463762951e-01
-2.060519010737370760e+00
2.565172149727490414e-02
-4.858516032903001935e-01
1.499156957404803592e-01
-1.270161881540012860e-01
2.120101831942595272e+00
-1.351936945046491090e+00
5.160209854810315910e-02
-9.212661434009574712e-01
2.016041050492130005e-01
-2.159749620782891455e-02
6.848434319752343402e-01
-7.653066729717763472e-01
3.360869082541721564e+00
1.265936987213867049e-01
1.786875415912243747e+00
6.089072473900596361e-01
2.829759911060167887e+00
-1.660020712362983097e+00
-3.551907027708656184e-01
3.270811305204013308e-01
2.846702157512564391e+00
-3.043741717755445997e-01
-1.961382745376789583e-01
-1.928535189263878014e-01
1.035404002613735663e-01
-8.455676608764264301e-01
1.410660488476520591e-01
3.194029772258211164e-01
2.957122526420425945e+00
-3.410048311278879307e-01
1.862814232854290708e-01
1.489982547477677333e-01
3.018094868573483414e+00
-1.042514158924788159e+00
4.786718899909350178e-01
-5.837676494077277844e+00
9.024338340617011900e-01
-2.476093690686287374e-01
1.050944697462035116e-01
-3.947841647956408906e+00
-1.598044151477353569e-01
-2.453882031643792594e-01
6.566041177021281428e+00
-1.671127481780472657e+00
1.891468089052295021e-01
-1.458617792635865662e-01
4.602792939548705498e-02
3.529950708856084418e-01
1.327312046241305277e+00
-1.542032543743072637e-01
-1.230468914850408879e-01
-9.108028533384575631e-01
5.085309686845418398e-02
-1.013000006102560135e-01
1.697615287436762266e-01
-2.378247041825809482e-01
3.228314520102713026e-01
-1.036641728916369409e+00
4.313914724938805456e-01
-5.083441199769112018e-03
2.321664864266619333e-01
-2.565419696206974187e-01
-1.613234882528304936e-01
-1.621067392345337588e+00
-2.440329192035872730e-01
-3.421348408295858956e-01
5.192954518548423826e-01
-1.146354250006969000e-01
-3.298997577017770411e-02
-3.050202258634526764e-01
-1.215027357230524796e-01
2.747194886953858717e-01
6.558970037327389591e-01
-8.215621828701840101e-01
-1.608420248021333876e-01
-1.183961896885270537e-01
2.311571005278212354e-01
-1.529025916990742306e+00
3.032364863921723774e-01
-1.789217057609086226e+00
1.603038764728655030e+00
-5.492800823127965693e-01
1.809444759545155712e-01
-5.758758391235798690e-01
6.026041110172443149e-01
-7.261530418171902035e-01
4.919886457954276704e-01
5.791585357241024745e-02
2.222756161883634451e-01
-6.447072859628804054e-01
1.891737361941969731e-02
-2.989887837507367863e-01
-9.455277195876443663e-02
-1.136127431012208255e-01
4.648295405626292620e-01
-1.972352782231430179e-01
-8.530688263355989953e-02
-7.174207150383370646e+00
-3.569272369538849521e-01
-3.980104235048420591e-02
2.586187928532712732e-02
2.069327644408671674e-01
1.565108861569252108e+00
-2.604159964627417168e-02
9.676854859209189641e-01
-4.959337160799845989e-01
4.713458474877949556e-01
-1.465995747077935007e-01
6.085683981085110439e-02
9.672622007542552858e-02
7.446964169085782403e-01
9.306380166751448968e-02
2.981201067013783401e-01
9.927156382589585881e-02
2.442776686797343277e-01
-2.355330465553495678e-01
2.493859807899103664e-01
2.881752319861781153e-01
7.758522899820134988e-01
3.921994423838515154e-02
1.518752975571661112e+00
4.585045547229964491e-01
1.120142263457871934e+00
-1.687880158043499890e-01
3.404805763991698431e-01
-1.480953427681130030e+00
3.623444220966385299e-01
3.683749706542682745e-02
1.172954366022471717e-01
-1.642104943018429797e-01
-1.388052236881964774e-01
-1.620323552897564579e-01
4.598572251008792300e-02
-6.870200243428659093e-02
3.045572641932414726e-02
-1.678155384993023702e+01
1.082581611367376961e-01
-3.541455546111949015e-01
9.861936711817098633e-02
1.206163896666847535e-01
2.045487507732303367e+00
-3.889921431961171905e-01
-1.314633556904312162e-01
-2.022789946754430801e-01
9.905484265556574464e-02
-5.016239895884058164e+00
-2.843383114673776468e-01
-1.097376123395510383e-02
3.427462666821476933e-01
7.324499771278433213e-01
7.766371441604401626e-01
-1.251450760234011916e-01
2.203812737737769201e-01
6.502398459397795705e-02
2.154323067805354874e-01
-5.208901655055764301e-02
1.577961259816752060e+00
-1.798125103909642419e-01
9.075817547213114178e-01
-1.202696594458299018e+00
-4.095312267414088492e-01
1.546886702055667584e-01
7.740937648742316490e+00
-3.806768765587817960e-01
-3.298370417004292676e-01
5.147031314599506135e-01
3.722310621139580000e+00
2.143263682458964592e-01
2.360167913150141850e-01
1.899258978699081002e-01
8.251076714708612814e-01
2.417138897542854270e-01
3.575822022713162074e-01
-8.148010442843061085e-01
-1.039202141985504646e-01
1.003684977224057473e-01
4.377244256860963745e-01
-1.213055943652864066e+00
-4.234328095532193803e-01
2.361539009232622721e-01
9.418325441184058899e-01
-9.312987453054688558e-02
8.660029438244900568e-01
1.064766885692214338e-02
1.606553896536957460e-01
-6.223815113145336753e-01
-1.498469117410792251e-01
-6.899019452680677844e+00
9.857993906109863147e-03
-6.782116955583878948e-01
9.074548927969965373e-01
-8.893446701674712074e-02
1.055803007012623418e-01
-2.787958306081963400e+01
-1.173890261554885406e+00
1.281099596799650797e-02
5.671395303034924007e-01
-7.428161265648665079e-01
-1.240578884692882244e-01
3.203129482395010719e-01
2.179131145397677383e+00
-2.592175914495671307e-01
-1.023091927360106901e-01
-2.274708687922573080e-01
3.794833178377010618e-02
-2.968211801508260805e+00
1.107957236175023397e-01
-1.168698289898508769e-01
-5.477133190807204066e-02
-4.489234860664799154e-01
4.613378488408521605e-01
-1.030724402075431811e+00
-1.428824606840428668e-01
-6.101758546228759350e-01
-2.302347447239407874e-01
-8.410836722503090002e-02
-3.004738567238174340e-02
-2.184448297898506919e-01
3.694897556319476362e-01
-3.910684123259597911e-01
6.216585785642447792e-01
-9.085426788242090268e-02
3.637491772823967295e+00
2.066257251042058485e-02
4.369850448949950117e-01
-9.066349367876389564e-01
2.481869504836138329e-01
3.335099760515376488e-01
8.677923321838811432e+00
-6.398459267859526456e-01
-4.359135988961186925e-01
-8.010753359782434302e-01
1.787966935233049615e-01
-6.806894464687918145e-02
4.063605120806612625e-02
-1.492502651075536590e+00
4.339139269348206707e-01
-2.053337219642958900e-01
5.110388967696672946e-01
-1.119022926230090587e+00
-1.414948038883492298e-01
-1.905239235789990548e-01
3.141626945294151430e-01
-4.115147086783066399e-01
-8.090565129664772925e-03
-9.600027678054452451e-01
6.513156792794050354e-02
-6.681951838109454478e-01
6.910948575143600614e-01
-2.419984671789630060e-01
-2.043699297863188491e-02
2.443406362229079143e-01
2.388980784700747595e+00
-1.182611898117637228e+00
1.895067203697017533e+00
-8.897960084314238571e+00
3.287335647171914843e+01
-4.161299739883603799e-01
-3.478985031237884495e-01
-1.278788671596657878e+00
3.400873177477814480e-02
-9.824210235605304042e-01
1.513231236646527256e+00
-2.024933686996124305e-01
3.704910014536291207e-01
2.424096638772490486e-01
8.736227331131890539e-01
-1.381246456236315368e+00
3.483630023774155759e-01
-6.591351466790840163e-01
-1.171215303977826139e-01
-2.229559873329121089e-01
-9.821565754035921358e-03
-5.429407091580351619e-03
2.195129724100892687e-01
-1.994228144343345832e+00
1.983620450281997627e-01
-1.414229471777067815e+00
-4.570199761958257945e-01
-4.158023821092075245e+00
-1.940781541117893028e-01
-1.136768500066727139e-01
7.024405044411550225e-01
-1.007017271225286947e+00
-1.542904212533202646e-02
4.640695841935049692e-02
2.048120614535395845e-01
5.079497823084527797e-01
1.667033874104050462e+00
-1.816837756227128065e+00
-6.968068825959572443e-01
-6.083538818492224998e+00
-1.527686925585987066e-01
-1.427383927840859545e-01
4.812254907190149922e-02
-1.204199859264862837e+00
-1.316781923216716610e-01
-2.724466026017959841e-01
-3.902993671478593996e-02
3.588794034902602625e-01
2.041042124808204683e+00
-3.486513324679962889e-01
9.034315381074820017e-02
-1.288596083144957660e+00
1.362255364161754301e+00
-2.137093677449666274e-01
2.689855831382170770e-02
-4.041698872721972702e-01
5.563999651304984972e-02
-2.867606308740171528e-01
-1.837318581053417610e-01
-1.067771818171390219e+00
-1.630022904598360522e-01
1.021713993169598655e+00
3.493482545684132301e+00
-1.167714018485750405e-01
4.453279563351753012e-02
-2.180094917761230544e-01
1.147671246426273939e-02
-1.958340353377313381e+00
-3.572192043031607867e-03
-3.855195221687812701e-01
2.689004620770927279e-01
-1.030393448947486412e-02
1.196449609701413230e-01
-2.947613368245605159e-02
2.420963173601475837e-01
-1.500363231711440815e+00
-5.819001214767176577e-01
-1.958833968880815402e-01
4.302878558073534698e+00
-5.394043990368144748e-01
1.094930978631185603e-01
-3.968863849233494889e-02
5.256268663269690888e-01
-8.606246143082674216e-02
2.995265285558666779e+00
-6.040681697189387300e-02
1.060728510362078936e-01
-1.648444969876832644e+00
-1.738132214202394721e-01
4.136717925988437905e-01
2.299712164688636484e+00
-3.413034293292604993e-02
3.233217933185763560e+00
-3.495218937250832880e+00
5.170497256063510960e-02
-7.323295868415007348e-01
8.596024125671508642e-01
7.856325280772513686e-02
7.807718946335450161e-01
-4.137517057355074357e+00
-2.167001820463640982e-01
4.240428541945440166e-02
5.483013247178991634e-02
1.019991599037113339e-01
1.261267015765770161e-01
-8.220780187606107070e-01
4.334593139584721477e-01
-2.213119506053695673e-02
5.258839305885221194e-01
2.012438818542574115e+00
2.963634218076105054e+00
