-3	0.0325339256409046818
-2.99400000000000022	0.0327730437917426592
-2.98799999999999999	0.0330152099659552431
-2.98200000000000021	0.0332602496888561999
-2.97599999999999998	0.0335079625782630508
-2.9700000000000002	0.0337581119178023623
-2.96399999999999997	0.0340104270131177874
-2.95800000000000018	0.0342646258053734137
-2.95199999999999996	0.0345204467251887456
-2.94600000000000017	0.0347776769839313882
-2.93999999999999995	0.035036175544608826
-2.93400000000000016	0.0352958940738028332
-2.92799999999999994	0.0355568908101103615
-2.92200000000000015	0.0358193231835907122
-2.91599999999999993	0.036083409854536494
-2.91000000000000014	0.0363493685217270296
-2.90399999999999991	0.0366173461659664301
-2.89800000000000013	0.0368873580289595729
-2.8919999999999999	0.0371592536604579554
-2.88600000000000012	0.0374327378817773185
-2.87999999999999989	0.0377074694747959044
-2.87400000000000011	0.0379832208150553477
-2.86799999999999988	0.0382600298940056482
-2.8620000000000001	0.0385382622057643814
-2.85599999999999987	0.0388185434180471495
-2.85000000000000009	0.039101590407285565
-2.84399999999999986	0.0393880107951992339
-2.83800000000000008	0.039678144988890135
-2.83199999999999985	0.0399720029624038714
-2.82600000000000007	0.0402693121331723428
-2.81999999999999984	0.0405696508666610542
-2.81400000000000006	0.0408726108991438325
-2.80799999999999983	0.0411779260779312414
-2.80200000000000005	0.0414855251953196238
-2.79599999999999982	0.0417955059138218551
-2.79000000000000004	0.0421080688933443137
-2.78399999999999981	0.0424234693577678623
-2.77800000000000002	0.0427420216066057429
-2.7719999999999998	0.0430641471927999189
-2.76600000000000001	0.0433904243467788803
-2.75999999999999979	0.0437215942228429064
-2.754	0.0440585011423715103
-2.74800000000000022	0.0444019710251501026
-2.74199999999999999	0.044752652377638126
-2.73599999999999977	0.0451108526286479808
-2.72999999999999998	0.0454764032332946114
-2.7240000000000002	0.0458485908971751621
-2.71799999999999997	0.0462261962999945888
-2.71199999999999974	0.0466076594574075867
-2.70599999999999996	0.0469913312811155726
-2.70000000000000018	0.0473757149600911517
-2.69399999999999995	0.0477596061590961976
-2.68800000000000017	0.0481421108024775862
-2.68199999999999994	0.048522597125420619
-2.67600000000000016	0.0489006686735071264
-2.66999999999999993	0.0492762082488704609
-2.66400000000000015	0.049649465623532521
-2.65799999999999992	0.0500211109099314641
-2.65200000000000014	0.0503922003808910529
-2.64599999999999991	0.0507640694795706282
-2.64000000000000012	0.0511382013702281826
-2.6339999999999999	0.0515160927732391319
-2.62800000000000011	0.0518991005047974852
-2.62199999999999989	0.0522882625630286466
-2.6160000000000001	0.0526841472451582138
-2.60999999999999988	0.0530868230876377217
-2.60400000000000009	0.0534960017759256237
-2.59799999999999986	0.0539113160105973988
-2.59200000000000008	0.0543326325420389958
-2.58599999999999985	0.0547602895932431458
-2.58000000000000007	0.0551951613313019299
-2.57399999999999984	0.0556384977060633071
-2.56800000000000006	0.0560915814704562102
-2.56199999999999983	0.0565553271204646268
-2.55600000000000005	0.0570299543888279151
-2.54999999999999982	0.0575148351464613017
-2.54400000000000004	0.0580085828431103484
-2.53799999999999981	0.0585093881835844487
-2.53200000000000003	0.0590154869882193733
-2.5259999999999998	0.0595255689013174452
-2.52000000000000002	0.0600389677898956406
-2.51400000000000023	0.0605555698084044164
-2.50800000000000001	0.0610754840141231881
-2.50199999999999978	0.0615986430066226553
-2.496	0.062124572991336259
-2.49000000000000021	0.0626524817692846042
-2.48399999999999999	0.0631815957753625035
-2.47799999999999976	0.0637115263250588315
-2.47199999999999998	0.0642424676000868528
-2.46600000000000019	0.0647751478283975501
-2.45999999999999996	0.0653105761157941195
-2.45399999999999974	0.0658497368257937171
-2.44799999999999995	0.0663934370967701748
-2.44200000000000017	0.0669424079573787828
-2.43599999999999994	0.0674975222137818576
-2.42999999999999972	0.0680598425124055439
-2.42399999999999993	0.0686303372421240704
-2.41800000000000015	0.0692094248848882238
-2.41199999999999992	0.0697967180073723603
-2.40600000000000014	0.0703911953709502602
-2.39999999999999991	0.0709916620487879707
-2.39400000000000013	0.0715971605315210979
-2.3879999999999999	0.0722071722181485964
-2.38200000000000012	0.0728217130361508563
-2.37599999999999989	0.073441401298439124
-2.37000000000000011	0.0740673780261963954
-2.36399999999999988	0.0747009823154875935
-2.3580000000000001	0.0753433222103594286
-2.35199999999999987	0.0759949811956304039
-2.34600000000000009	0.0766559583267272387
-2.33999999999999986	0.0773258003906631131
-2.33400000000000007	0.078003877865976845
-2.32799999999999985	0.078689745881540582
-2.32200000000000006	0.079383449840902745
-2.31599999999999984	0.0800856265028129649
-2.31000000000000005	0.0807973837332549571
-2.30399999999999983	0.0815200275586642209
-2.29800000000000004	0.082254613791240494
-2.29199999999999982	0.0830012728087791418
-2.28600000000000003	0.0837585244427594827
-2.28000000000000025	0.0845230881713422283
-2.27400000000000002	0.0852905493544279525
-2.26799999999999979	0.0860567340399420594
-2.26200000000000001	0.0868192500250172389
-2.25600000000000023	0.0875785964517762083
-2.25	0.0883383982531703721
-2.24399999999999977	0.08910456893315781
-2.23799999999999999	0.089883527374031269
-2.23200000000000021	0.0906799640699427895
-2.22599999999999998	0.0914950053600415425
-2.21999999999999975	0.0923257231895128483
-2.21399999999999997	0.0931663966304103336
-2.20800000000000018	0.0940107984895808685
-2.20199999999999996	0.0948539651695887581
-2.19599999999999973	0.0956923728026053827
-2.18999999999999995	0.0965228848262464911
-2.18400000000000016	0.0973418582073485028
-2.17799999999999994	0.0981454581480502158
-2.17199999999999971	0.0989310592620113033
-2.16599999999999993	0.0996989306183697632
-2.16000000000000014	0.100453550906018318
-2.15399999999999991	0.101204015095691477
-2.14800000000000013	0.101962851604432345
-2.1419999999999999	0.102743076504694469
-2.13600000000000012	0.103554640374386137
-2.12999999999999989	0.104402135309934904
-2.12400000000000011	0.105284748903355971
-2.11799999999999988	0.106197981635376651
-2.1120000000000001	0.107135986301784475
-2.10599999999999987	0.10809362407558358
-2.10000000000000009	0.109067654611432585
-2.09399999999999986	0.110056675252366079
-2.08800000000000008	0.111060041835878601
-2.08199999999999985	0.112076794027388627
-2.07600000000000007	0.113105405296782729
-2.06999999999999984	0.114144011864933406
-2.06400000000000006	0.115190282806761884
-2.05799999999999983	0.116241028082045894
-2.05200000000000005	0.117292542083755599
-2.04599999999999982	0.118342062712492743
-2.04000000000000004	0.119389463802710774
-2.03399999999999981	0.120438074595878658
-2.02800000000000002	0.121494221988368831
-2.02200000000000024	0.122565701504886479
-2.01600000000000001	0.123659554037412411
-2.00999999999999979	0.12477952814673185
-2.004	0.12592392522582227
-1.998	0.127085060454673771
-1.99199999999999999	0.128251381669995224
-1.98599999999999999	0.1294115648616051
-1.97999999999999998	0.130558070168178664
-1.97399999999999998	0.131688444208976851
-1.96799999999999997	0.132804902379900225
-1.96199999999999997	0.13391270064244612
-1.95599999999999996	0.135016458590957095
-1.94999999999999996	0.136115134183728587
-1.94399999999999995	0.137199884713208986
-1.93799999999999994	0.138258012356823889
-1.93199999999999994	0.139279898012851316
-1.92599999999999993	0.140263090184803429
-1.91999999999999993	0.141211866901692906
-1.91399999999999992	0.1421343523904538
-1.90799999999999992	0.143039075416688088
-1.90199999999999991	0.143932160219605032
-1.89599999999999991	0.14481644112576525
-1.8899999999999999	0.145692982513894925
-1.8839999999999999	0.146563279027412174
-1.87799999999999989	0.147429663271294309
-1.87199999999999989	0.148294339748602233
-1.86599999999999988	0.149159645978266447
-1.85999999999999988	0.150029946522173691
-1.85399999999999987	0.150913139315493383
-1.84799999999999986	0.151820096178283764
-1.84200000000000008	0.152761325240266449
-1.83600000000000008	0.153741703956787018
-1.83000000000000007	0.154757032770488023
-1.82400000000000007	0.155796182113828036
-1.81800000000000006	0.156847596845616749
-1.81200000000000006	0.157904448495900407
-1.80600000000000005	0.158964739695339141
-1.80000000000000004	0.160028754391840417
-1.79400000000000004	0.161097822493790677
-1.78800000000000003	0.162174022906300508
-1.78200000000000003	0.16325958680476868
-1.77600000000000002	0.164356902255557491
-1.77000000000000002	0.165467444640042177
-1.76400000000000001	0.166587621696970417
-1.75800000000000001	0.167705569264865795
-1.752	0.168804136680679784
-1.746	0.169868407792318127
-1.73999999999999999	0.170892058909330263
-1.73399999999999999	0.171879008324744398
-1.72799999999999998	0.172838710231469073
-1.72199999999999998	0.173776325464188558
-1.71599999999999997	0.174685668031322766
-1.70999999999999996	0.175553652483705497
-1.70399999999999996	0.176372836825930468
-1.69799999999999995	0.177148457825110878
-1.69199999999999995	0.177894498988965227
-1.68599999999999994	0.178626259473868426
-1.67999999999999994	0.179356641329547623
-1.67399999999999993	0.180095522558933185
-1.66799999999999993	0.180848745889606199
-1.66199999999999992	0.181616474585922505
-1.65599999999999992	0.182392096898456146
-1.64999999999999991	0.183162421849536766
-1.64399999999999991	0.183910363317861564
-1.6379999999999999	0.184621086790005468
-1.6319999999999999	0.185288519056781176
-1.62599999999999989	0.185917659105911681
-1.61999999999999988	0.186522122644099675
-1.61399999999999988	0.187118214992270382
-1.60799999999999987	0.187720390649981361
-1.60199999999999987	0.188343587545795554
-1.59599999999999986	0.189005782202177453
-1.59000000000000008	0.189722266870186784
-1.58400000000000007	0.190496529660908021
-1.57800000000000007	0.1913163173373508
-1.57200000000000006	0.192158715102032168
-1.56600000000000006	0.193000851119208561
-1.56000000000000005	0.193822346400494006
-1.55400000000000005	0.194596277837054216
-1.54800000000000004	0.195289441950620812
-1.54200000000000004	0.195880513172164039
-1.53600000000000003	0.196373940306023842
-1.53000000000000003	0.196789913347748674
-1.52400000000000002	0.19714019704441188
-1.51800000000000002	0.197417374600469459
-1.51200000000000001	0.197607510335086556
-1.50600000000000001	0.197706635186853524
-1.5	0.1977254325215696
-1.49399999999999999	0.197686014524454889
-1.48799999999999999	0.197615375960558337
-1.48199999999999998	0.197536037627648209
-1.47599999999999998	0.19745769500985505
-1.46999999999999997	0.197375469688561705
-1.46399999999999997	0.197277903552072503
-1.45799999999999996	0.197166302463503057
-1.45199999999999996	0.197077055458473205
-1.44599999999999995	0.197075279642512285
-1.43999999999999995	0.197208443420549301
-1.43399999999999994	0.197464916248897004
-1.42799999999999994	0.197774343477353814
-1.42199999999999993	0.198035886328939842
-1.41599999999999993	0.1981599179058256
-1.40999999999999992	0.198108466604867695
-1.40399999999999991	0.197897264275002593
-1.39799999999999991	0.197572621027141404
-1.3919999999999999	0.197200467280944786
-1.3859999999999999	0.196852436895161936
-1.37999999999999989	0.196579348009988553
-1.37399999999999989	0.196392851757054537
-1.36799999999999988	0.196273486035772549
-1.36199999999999988	0.196198601053140825
-1.35599999999999987	0.196158252957773505
-1.34999999999999987	0.196147012176649205
-1.34399999999999986	0.19615441370586939
-1.33799999999999986	0.196170851864610751
-1.33200000000000007	0.196183725978746781
-1.32600000000000007	0.196163268641365407
-1.32000000000000006	0.196076752725319825
-1.31400000000000006	0.195919106196739162
-1.30800000000000005	0.195727390944737789
-1.30200000000000005	0.195558643513694397
-1.29600000000000004	0.195429734605493149
-1.29000000000000004	0.195280519840566463
-1.28400000000000003	0.195018363259259225
-1.27800000000000002	0.194598479302268146
-1.27200000000000002	0.194068914332698822
-1.26600000000000001	0.19354329788440422
-1.26000000000000001	0.193111816225212535
-1.254	0.192787319741102553
-1.248	0.19253166675960337
-1.24199999999999999	0.192286938168606175
-1.23599999999999999	0.191975096810749118
-1.22999999999999998	0.191536925951374032
-1.22399999999999998	0.190995411184356284
-1.21799999999999997	0.190444148534802959
-1.21199999999999997	0.189977922733807647
-1.20599999999999996	0.189632532525723929
-1.19999999999999996	0.189390480137726108
-1.19399999999999995	0.189207915926185299
-1.18799999999999994	0.189003050078113105
-1.18199999999999994	0.18867264464316047
-1.17599999999999993	0.188160787376842081
-1.16999999999999993	0.187511590282955526
-1.16399999999999992	0.186813398963068561
-1.15799999999999992	0.18609761269476105
-1.15199999999999991	0.185345281540663542
-1.14599999999999991	0.184534370034623002
-1.1399999999999999	0.183645966841453262
-1.1339999999999999	0.182688522106283086
-1.12799999999999989	0.181738369496056928
-1.12199999999999989	0.180929583315936643
-1.11599999999999988	0.180355324099532061
-1.10999999999999988	0.179967830562018261
-1.10399999999999987	0.179617623988161501
-1.09799999999999986	0.179208442701686399
-1.09199999999999986	0.178776105057468215
-1.08599999999999985	0.178409378765731486
-1.08000000000000007	0.178132099582761522
-1.07400000000000007	0.177869790192127813
-1.06800000000000006	0.17751155596021842
-1.06200000000000006	0.177004760801749483
-1.05600000000000005	0.17636880599306462
-1.05000000000000004	0.175637697118967012
-1.04400000000000004	0.174841069007753619
-1.03800000000000003	0.174014585622814549
-1.03200000000000003	0.173212814715281604
-1.02600000000000002	0.172496577483221586
-1.02000000000000002	0.171885781971948121
-1.01400000000000001	0.17138146670182472
-1.00800000000000001	0.170992073691530994
-1.002	0.170686042926206094
-0.995999999999999996	0.170380322036792015
-0.989999999999999769	0.170020604955355148
-0.983999999999999986	0.169618899450857341
-0.977999999999999758	0.169256611869744639
-0.971999999999999975	0.169024627263429011
-0.965999999999999748	0.168909033974819545
-0.959999999999999964	0.168845715627684134
-0.953999999999999737	0.168759877752857862
-0.947999999999999954	0.168581708962091376
-0.942000000000000171	0.168260505767324875
-0.935999999999999943	0.167751332080477433
-0.93000000000000016	0.167058910032663765
-0.923999999999999932	0.166170669520079028
-0.918000000000000149	0.165125290340374792
-0.911999999999999922	0.164051318669612117
-0.906000000000000139	0.163063899726740263
-0.899999999999999911	0.162273307085659874
-0.894000000000000128	0.161739160154068029
-0.887999999999999901	0.161360568382970249
-0.882000000000000117	0.160876713351047612
-0.87599999999999989	0.160080042767209607
-0.870000000000000107	0.158991474386630333
-0.863999999999999879	0.157761362320923193
-0.858000000000000096	0.156576751554449001
-0.851999999999999869	0.15555591953350556
-0.846000000000000085	0.154659008937049869
-0.839999999999999858	0.153916867979235011
-0.834000000000000075	0.153452556909022542
-0.827999999999999847	0.153269434234254293
-0.822000000000000064	0.153331387677806158
-0.815999999999999837	0.153563012227547535
-0.810000000000000053	0.153792908818943364
-0.803999999999999826	0.153831604954237894
-0.798000000000000043	0.153609352377125447
-0.791999999999999815	0.153258759861051447
-0.786000000000000032	0.152878273276159382
-0.779999999999999805	0.152454922065044962
-0.774000000000000021	0.152031645190306652
-0.767999999999999794	0.151599233139462136
-0.762000000000000011	0.151106930335952322
-0.755999999999999783	0.150589985805417353
-0.75	0.15003857307796975
-0.743999999999999773	0.149348981740258763
-0.737999999999999989	0.14861666100695492
-0.731999999999999762	0.148115222618948245
-0.725999999999999979	0.147868760328996013
-0.719999999999999751	0.147698833501280047
-0.713999999999999968	0.147472052575838453
-0.707999999999999741	0.147184857799361607
-0.701999999999999957	0.146907481160487435
-0.69599999999999973	0.146714984630120227
-0.689999999999999947	0.146716845454842537
-0.684000000000000163	0.146883761583787631
-0.677999999999999936	0.147044549952803749
-0.672000000000000153	0.14703846182791333
-0.665999999999999925	0.147077480172638247
-0.660000000000000142	0.147225782154325247
-0.653999999999999915	0.147404910299272052
-0.648000000000000131	0.147652623036591546
-0.641999999999999904	0.147716438480073375
-0.636000000000000121	0.147369756234518368
-0.629999999999999893	0.146704239903151207
-0.62400000000000011	0.146048000883547496
-0.617999999999999883	0.145403474571112606
-0.612000000000000099	0.144963598060759757
-0.605999999999999872	0.144703077738788849
-0.600000000000000089	0.14437251021082867
-0.593999999999999861	0.143988131968736277
-0.588000000000000078	0.14353824881849131
-0.581999999999999851	0.143218875127412854
-0.576000000000000068	0.143139636004990578
-0.56999999999999984	0.143131888692684117
-0.564000000000000057	0.142647314493071969
-0.557999999999999829	0.141704124430180073
-0.552000000000000046	0.140869408120815581
-0.545999999999999819	0.140511438634508018
-0.540000000000000036	0.140385140832102878
-0.533999999999999808	0.14055669127539
-0.528000000000000025	0.141092318995578586
-0.521999999999999797	0.141514174662577513
-0.516000000000000014	0.141394510778544785
-0.509999999999999787	0.141017483883390249
-0.504000000000000004	0.141032587644210672
-0.497999999999999776	0.141065441437009831
-0.491999999999999993	0.140943466600184641
-0.485999999999999766	0.141187085320767791
-0.479999999999999982	0.141635087974805451
-0.473999999999999755	0.141263462100137155
-0.467999999999999972	0.140666213443010446
-0.461999999999999744	0.140342400398185047
-0.455999999999999961	0.140547541073492516
-0.449999999999999734	0.141468172370732309
-0.44399999999999995	0.142344512653606953
-0.438000000000000167	0.142767254684889711
-0.43199999999999994	0.142726800292282241
-0.426000000000000156	0.142077444338843534
-0.419999999999999929	0.142098363861127841
-0.414000000000000146	0.142885307093186475
-0.407999999999999918	0.143627399804944211
-0.402000000000000135	0.143433124737405021
-0.395999999999999908	0.1435117493875952
-0.390000000000000124	0.144833731584360526
-0.383999999999999897	0.145228518028782227
-0.378000000000000114	0.144716730185022902
-0.371999999999999886	0.143388999160629249
-0.366000000000000103	0.142668289350116551
-0.359999999999999876	0.144472794439769542
-0.354000000000000092	0.146783172455897559
-0.347999999999999865	0.147744004984536076
-0.342000000000000082	0.147686015069073112
-0.335999999999999854	0.146397922512875867
-0.330000000000000071	0.145584037435271624
-0.323999999999999844	0.147529146957188384
-0.31800000000000006	0.148076778822407024
-0.311999999999999833	0.147730828077488108
-0.30600000000000005	0.148615848828082597
-0.299999999999999822	0.151048661996566774
-0.294000000000000039	0.15347794282534985
-0.287999999999999812	0.156161568377402915
-0.282000000000000028	0.153962582800000136
-0.275999999999999801	0.151612102913311231
-0.270000000000000018	0.153137281354028182
-0.26399999999999979	0.157369396764130143
-0.258000000000000007	0.161805987582407773
-0.25199999999999978	0.161178978152556274
-0.245999999999999996	0.160815155215050937
-0.239999999999999769	0.160711973083967841
-0.233999999999999986	0.164310028568556976
-0.227999999999999758	0.163624859595668665
-0.221999999999999975	0.166318349185478692
-0.215999999999999748	0.172828994613203057
-0.209999999999999964	0.173712863681317387
-0.203999999999999737	0.179410255022434934
-0.197999999999999954	0.183512652746790905
-0.191999999999999726	0.186058271048028523
-0.185999999999999943	0.189756462587187563
-0.18000000000000016	0.189471427994935021
-0.173999999999999932	0.19338916001608325
-0.168000000000000149	0.196926779803436314
-0.161999999999999922	0.203159924705563377
-0.156000000000000139	0.207430667884661357
-0.149999999999999911	0.206700268161321116
-0.144000000000000128	0.219029388710496931
-0.137999999999999901	0.228048460316459201
-0.132000000000000117	0.229039280047709487
-0.12599999999999989	0.240541837504190448
-0.120000000000000107	0.252193726451960032
-0.113999999999999879	0.263843312942744934
-0.108000000000000096	0.276067316279126063
-0.101999999999999869	0.287326092104823516
-0.0960000000000000853	0.29731542826605023
-0.0899999999999998579	0.316399426250422333
-0.0840000000000000746	0.324219103004332543
-0.0779999999999998472	0.347154496565801607
-0.0720000000000000639	0.37443303919539983
-0.0659999999999998366	0.407933380041106908
-0.0600000000000000533	0.436270338929623969
-0.0539999999999998259	0.470083088628192813
-0.0480000000000000426	0.527011713703853024
-0.0419999999999998153	0.561059933557803925
-0.036000000000000032	0.654377454089938415
-0.0299999999999998046	0.716832761192051193
-0.0240000000000000213	0.789651227979059622
-0.0179999999999997939	0.888296312198507243
-0.0120000000000000107	0.962168041323549939
-0.00599999999999978328	1.01439391423838021
0	1.06101234635563646
0.00600000000000022737	1.03934338122910197
0.0120000000000000107	0.976026206837201427
0.018000000000000238	0.883174369996572506
0.0240000000000000213	0.800285745449010322
0.0300000000000002487	0.712030486001773211
0.036000000000000032	0.651627421316974709
0.0420000000000002593	0.572139847001365442
0.0480000000000000426	0.528579371670711118
0.05400000000000027	0.480164664860483259
0.0600000000000000533	0.450415776547975599
0.0660000000000002807	0.396155501818709288
0.0720000000000000639	0.383760078690661033
0.0779999999999998472	0.347725619620476267
0.0840000000000000746	0.33637178518430455
0.0899999999999998579	0.320225437778189681
0.0960000000000000853	0.301785716157944361
0.101999999999999869	0.279197575441301971
0.108000000000000096	0.269083607197667718
0.113999999999999879	0.258333517281066793
0.120000000000000107	0.248010619477017719
0.12599999999999989	0.242244413141657178
0.132000000000000117	0.227352362329376612
0.137999999999999901	0.220800015796005028
0.144000000000000128	0.219799567967647158
0.149999999999999911	0.213586650950178064
0.156000000000000139	0.209077033593894068
0.161999999999999922	0.206517775067929898
0.168000000000000149	0.202019240253691418
0.173999999999999932	0.197549454060535007
0.18000000000000016	0.190549331063228522
0.185999999999999943	0.178625588911460353
0.192000000000000171	0.179680856650060616
0.197999999999999954	0.181926559978988683
0.204000000000000181	0.178182777028161959
0.209999999999999964	0.175028879205917531
0.216000000000000192	0.173338617269376161
0.221999999999999975	0.170472963269474809
0.228000000000000203	0.167218711672162429
0.233999999999999986	0.16400253069845705
0.240000000000000213	0.162738157824473206
0.245999999999999996	0.161409611252255669
0.252000000000000224	0.16051120569348748
0.258000000000000007	0.157998316775131653
0.264000000000000234	0.155696358425121195
0.270000000000000018	0.156321745281341407
0.276000000000000245	0.156281588768084623
0.282000000000000028	0.155226879350638197
0.288000000000000256	0.154563971308828402
0.294000000000000039	0.153313695716795984
0.300000000000000266	0.152157175432885733
0.30600000000000005	0.150328417549989879
0.312000000000000277	0.151156286824343317
0.31800000000000006	0.151823265136827368
0.324000000000000288	0.150280990318133273
0.330000000000000071	0.147650456572453737
0.335999999999999854	0.145431551209751958
0.342000000000000082	0.144921985339781817
0.347999999999999865	0.146184868927634409
0.354000000000000092	0.146488187977695861
0.359999999999999876	0.145524446547827618
0.366000000000000103	0.145130778379633979
0.371999999999999886	0.145512060325068249
0.378000000000000114	0.144532124992375138
0.383999999999999897	0.143191725976524992
0.390000000000000124	0.143069734353366368
0.395999999999999908	0.143266560187441133
0.402000000000000135	0.143081061176310753
0.407999999999999918	0.142534171649076863
0.414000000000000146	0.141630210610484919
0.419999999999999929	0.14104926562718656
0.426000000000000156	0.141115259236456264
0.43199999999999994	0.140428754927801075
0.438000000000000167	0.139832138658580407
0.44399999999999995	0.139733070613005855
0.450000000000000178	0.140679716455184012
0.455999999999999961	0.141156146238168689
0.462000000000000188	0.141024427715229772
0.467999999999999972	0.14130861411287679
0.474000000000000199	0.141875514629752009
0.479999999999999982	0.142149238993068083
0.48600000000000021	0.142113562179943809
0.491999999999999993	0.141831991935425478
0.49800000000000022	0.141379597878840829
0.504000000000000004	0.140807334684499963
0.510000000000000231	0.140220250463228113
0.516000000000000014	0.139715032823486712
0.522000000000000242	0.139439871613882521
0.528000000000000025	0.139498853903191056
0.534000000000000252	0.140020609016927533
0.540000000000000036	0.140476400083072522
0.546000000000000263	0.140643793197476996
0.552000000000000046	0.140904221182765216
0.558000000000000274	0.141283249731269128
0.564000000000000057	0.141510739744647424
0.570000000000000284	0.141647647653044939
0.576000000000000068	0.141942413271859885
0.582000000000000295	0.142617870831461629
0.588000000000000078	0.143395209671814905
0.593999999999999861	0.143638760349359906
0.600000000000000089	0.143515489775598332
0.605999999999999872	0.143713922928022264
0.612000000000000099	0.143965941497406241
0.617999999999999883	0.144159031021965006
0.62400000000000011	0.144668827265246103
0.629999999999999893	0.14541828804065976
0.636000000000000121	0.146049963757972329
0.641999999999999904	0.146456180692081384
0.648000000000000131	0.146627365966015416
0.653999999999999915	0.146498974622474992
0.660000000000000142	0.146206862369974377
0.665999999999999925	0.146083620646772605
0.672000000000000153	0.146256873352058392
0.677999999999999936	0.146641031670557614
0.684000000000000163	0.146751086276672993
0.689999999999999947	0.146550539076780589
0.696000000000000174	0.146407592396361141
0.701999999999999957	0.146702604885728366
0.708000000000000185	0.147336294228538667
0.713999999999999968	0.147907979341281165
0.720000000000000195	0.148254561161623777
0.725999999999999979	0.148427250468653626
0.732000000000000206	0.148693046097188281
0.737999999999999989	0.149318899890469869
0.744000000000000217	0.150189660605614839
0.75	0.150964040498130864
0.756000000000000227	0.151518202356149934
0.762000000000000011	0.151995949892461985
0.768000000000000238	0.152493432700539194
0.774000000000000021	0.152954575817267624
0.780000000000000249	0.153235575513244709
0.786000000000000032	0.15347832186723126
0.792000000000000259	0.153788414609493773
0.798000000000000043	0.154055238623604929
0.80400000000000027	0.154191244770661123
0.810000000000000053	0.154322435947450293
0.816000000000000281	0.154659605721836013
0.822000000000000064	0.155189050460649652
0.828000000000000291	0.155793987343361084
0.834000000000000075	0.156286126929144259
0.839999999999999858	0.156665268141999853
0.846000000000000085	0.157119682434625263
0.851999999999999869	0.157651069368934971
0.858000000000000096	0.158155562893948165
0.863999999999999879	0.158635938690087491
0.870000000000000107	0.15913155018427888
0.87599999999999989	0.159648750336952805
0.882000000000000117	0.160231522641260532
0.887999999999999901	0.160998191535075441
0.894000000000000128	0.162066440057494432
0.899999999999999911	0.163238709631959522
0.906000000000000139	0.16407263330945665
0.911999999999999922	0.164406300796539812
0.918000000000000149	0.164452574051285688
0.923999999999999932	0.164435433798238162
0.93000000000000016	0.164426199208366902
0.935999999999999943	0.164479987188509563
0.942000000000000171	0.164672469241675751
0.947999999999999954	0.165050999132139359
0.954000000000000181	0.165561519948640351
0.959999999999999964	0.166106233715675233
0.966000000000000192	0.166705464230289285
0.971999999999999975	0.16737447963150312
0.978000000000000203	0.167997981289787074
0.983999999999999986	0.168491475115266687
0.990000000000000213	0.168914685761196726
0.995999999999999996	0.169414538294641398
1.00199999999999978	0.170129125384064217
1.00800000000000001	0.171023525566112944
1.01400000000000023	0.171927904131242038
1.02000000000000046	0.172756995937823593
1.0259999999999998	0.173528860096648169
1.03200000000000003	0.174254164826406321
1.03800000000000026	0.174920003587744372
1.04400000000000048	0.17554258153207819
1.04999999999999982	0.176173292502382978
1.05600000000000005	0.176854920534968929
1.06200000000000028	0.177591850490219944
1.0680000000000005	0.178363095253716936
1.07399999999999984	0.179118931483808141
1.08000000000000007	0.179770703401585297
1.0860000000000003	0.180271466794226204
1.09200000000000053	0.180657178193822376
1.09799999999999986	0.180995078412410498
1.10400000000000009	0.181346453290923304
1.11000000000000032	0.181746844326498763
1.11599999999999966	0.182212860709867031
1.12199999999999989	0.182769188431134849
1.12800000000000011	0.183450878829082092
1.13400000000000034	0.184269602081864603
1.13999999999999968	0.185154476217879838
1.14599999999999991	0.18594972409705518
1.15200000000000014	0.186502936146585002
1.15800000000000036	0.186778283941158502
1.1639999999999997	0.186880823981069838
1.16999999999999993	0.186968609462327406
1.17600000000000016	0.18715305281151845
1.18200000000000038	0.187462235001070121
1.18799999999999972	0.187872714961890425
1.19399999999999995	0.188348764853597778
1.20000000000000018	0.188861501544034083
1.20600000000000041	0.18939574767210765
1.21199999999999974	0.189933505460681801
1.21799999999999997	0.190444817570413982
1.2240000000000002	0.190892791102588416
1.23000000000000043	0.19125341301413018
1.23599999999999977	0.191542938854909361
1.24199999999999999	0.191818088606205139
1.24800000000000022	0.192138629446345244
1.25400000000000045	0.19252324607120247
1.25999999999999979	0.192935192029504349
1.26600000000000001	0.193327157370335095
1.27200000000000024	0.193695401405155482
1.27800000000000047	0.194071062030703512
1.28399999999999981	0.194464337039169127
1.29000000000000004	0.194852861533822835
1.29600000000000026	0.195217664742439262
1.30200000000000049	0.19556171216746468
1.30799999999999983	0.195892302163247656
1.31400000000000006	0.196198411107527004
1.32000000000000028	0.196465718227882724
1.32600000000000051	0.196696921168388689
1.33199999999999985	0.196901974328669294
1.33800000000000008	0.197084877831807476
1.34400000000000031	0.197232384368299457
1.35000000000000053	0.197305529465827661
1.35599999999999987	0.197261899700139187
1.3620000000000001	0.197102160861812203
1.36800000000000033	0.196887650219809612
1.37399999999999967	0.196706666804116831
1.37999999999999989	0.196628837390925737
1.38600000000000012	0.196685892607190049
1.39200000000000035	0.196877822790734319
1.39799999999999969	0.197183264058572255
1.40399999999999991	0.197566998420064838
1.41000000000000014	0.197982104210255444
1.41600000000000037	0.198375135872220054
1.42199999999999971	0.1987071432116021
1.42799999999999994	0.198965014197078738
1.43400000000000016	0.199145934958593951
1.44000000000000039	0.199242885871177777
1.44599999999999973	0.199259347759665639
1.45199999999999996	0.199230141457951676
1.45800000000000018	0.199208454694516757
1.46400000000000041	0.199226497788126844
1.46999999999999975	0.199271424815728598
1.47599999999999998	0.199297370933717688
1.48200000000000021	0.199254242361531941
1.48800000000000043	0.199108225331660532
1.49399999999999977	0.198849052042428004
1.5	0.198492445593106026
1.50600000000000023	0.198076456825560798
1.51200000000000045	0.197646730456962738
1.51799999999999979	0.197241168898440178
1.52400000000000002	0.196881631267782714
1.53000000000000025	0.196567384607247597
1.53600000000000048	0.196272846676357721
1.54199999999999982	0.195961859840772329
1.54800000000000004	0.195614164568227777
1.55400000000000027	0.19523919759015132
1.5600000000000005	0.194862509517957055
1.56599999999999984	0.194493556837760012
1.57200000000000006	0.19410026948240075
1.57800000000000029	0.193618349827916481
1.58400000000000052	0.192994601348040751
1.58999999999999986	0.192226569395296809
1.59600000000000009	0.191364989955415565
1.60200000000000031	0.190481966491174659
1.60800000000000054	0.189629885102065021
1.61399999999999988	0.188820115419383899
1.62000000000000011	0.188033884448058519
1.62600000000000033	0.18724670446139266
1.63199999999999967	0.186442503776389851
1.6379999999999999	0.18561260085545378
1.64400000000000013	0.184751565493503495
1.65000000000000036	0.183862419295802521
1.65599999999999969	0.182965528232663432
1.66199999999999992	0.182095521962126056
1.66800000000000015	0.18128519026383752
1.67400000000000038	0.180552673914126577
1.67999999999999972	0.179900804994036156
1.68599999999999994	0.179319656810461497
1.69200000000000017	0.178786633825687657
1.6980000000000004	0.178269158886968815
1.70399999999999974	0.177730698806111004
1.70999999999999996	0.177136402958161382
1.71600000000000019	0.176460473131791196
1.72200000000000042	0.175694705248235911
1.72799999999999976	0.174849156119513377
1.73399999999999999	0.173943598147692668
1.74000000000000021	0.172998192784897115
1.74600000000000044	0.172028066616579906
1.75199999999999978	0.171041611304740548
1.75800000000000001	0.170041893037358838
1.76400000000000023	0.169030198778579166
1.77000000000000046	0.16800840334527592
1.7759999999999998	0.166977050284368572
1.78200000000000003	0.165932095774519034
1.78800000000000026	0.164866816572053515
1.79400000000000048	0.163778379448581118
1.79999999999999982	0.162671027258883494
1.80600000000000005	0.161552229448350765
1.81200000000000028	0.160426959027283766
1.8180000000000005	0.159296129188854024
1.82399999999999984	0.158159237883917503
1.83000000000000007	0.157017302841475082
1.8360000000000003	0.155873330116782421
1.84200000000000053	0.154730663259356499
1.84799999999999986	0.153591509043784297
1.85400000000000009	0.152457189690212741
1.86000000000000032	0.151329436338612289
1.86599999999999966	0.150210948268193867
1.87199999999999989	0.149104652022394757
1.87800000000000011	0.148012385251427347
1.88400000000000034	0.146933632675266157
1.88999999999999968	0.145865288244421465
1.89599999999999991	0.144803473859240694
1.90200000000000014	0.143746366031335754
1.90800000000000036	0.142694904882688933
1.9139999999999997	0.141649719252157941
1.91999999999999993	0.140607261341072071
1.92600000000000016	0.139559824251231535
1.93200000000000038	0.138500191517352461
1.93799999999999972	0.137427467839511763
1.94399999999999995	0.136349298170517663
1.95000000000000018	0.135277433402264113
1.95600000000000041	0.134218895905610536
1.96199999999999974	0.133169763016207893
1.96799999999999997	0.132116905058676237
1.9740000000000002	0.131046009408335579
1.98000000000000043	0.12994954273197129
1.98599999999999977	0.128829775309477812
1.99199999999999999	0.12769625935216064
1.99800000000000022	0.126560564299555367
2.00400000000000045	0.125431758645075303
2.00999999999999979	0.124314123755761868
2.01600000000000001	0.123207050590682016
2.02200000000000024	0.122107190130858259
2.02800000000000047	0.121012255747462508
2.03399999999999981	0.119924244078851661
2.04000000000000004	0.118849790004039085
2.04600000000000026	0.11779752959519775
2.05200000000000049	0.116774421927537564
2.05799999999999983	0.1157830162406778
2.06400000000000006	0.114820525094546058
2.07000000000000028	0.113879832191062694
2.07600000000000051	0.112952029077219962
2.08199999999999985	0.112029373637014248
2.08800000000000008	0.111107322625905808
2.09400000000000031	0.110184808150873489
2.10000000000000053	0.109262963235925478
2.10599999999999987	0.108343376468809607
2.1120000000000001	0.107426712700018454
2.11800000000000033	0.106511778581878894
2.12399999999999967	0.10559527073216704
2.12999999999999989	0.104672907762485445
2.13600000000000012	0.103741880014300736
2.14200000000000035	0.102803110542274673
2.14799999999999969	0.101861667991338251
2.15399999999999991	0.100925227480262461
2.16000000000000014	0.100001901975418084
2.16600000000000037	0.0990985097711079427
2.17199999999999971	0.0982193449941227564
2.17799999999999994	0.097365336400867919
2.18400000000000016	0.0965338434069554358
2.19000000000000039	0.0957193235579913704
2.19599999999999973	0.0949147264301468258
2.20199999999999996	0.0941132233046428762
2.20800000000000018	0.0933098112502063898
2.21400000000000041	0.0925022020173916354
2.21999999999999975	0.091690638454832607
2.22599999999999998	0.0908771189271207341
2.23200000000000021	0.090064898848502814
2.23800000000000043	0.0892583831616421686
2.24399999999999977	0.08846270809228092
2.25	0.0876825883100840059
2.25600000000000023	0.0869209244197530484
2.26200000000000045	0.0861780927579872819
2.26799999999999979	0.0854524041558298586
2.27400000000000002	0.084741336266366693
2.28000000000000025	0.0840425392515421754
2.28600000000000048	0.0833538899226868857
2.29199999999999982	0.0826728663706244454
2.29800000000000004	0.0819962523598809084
2.30400000000000027	0.081320864485089614
2.3100000000000005	0.0806449219222339642
2.31599999999999984	0.079968900169660892
2.32200000000000006	0.0792949988920779447
2.32800000000000029	0.0786254920278843111
2.33400000000000052	0.0779611535821557178
2.33999999999999986	0.0773008083516246725
2.34600000000000009	0.0766420915050932544
2.35200000000000031	0.0759826865530074252
2.35800000000000054	0.0753212435238913847
2.36399999999999988	0.0746576553687281763
2.37000000000000011	0.0739928605629067287
2.37600000000000033	0.0733285032875133913
2.38199999999999967	0.0726666339565017472
2.3879999999999999	0.0720094409888888953
2.39400000000000013	0.0713589819197896214
2.40000000000000036	0.0707169709136295094
2.40599999999999969	0.0700847085615565468
2.41199999999999992	0.0694631684085654372
2.41800000000000015	0.0688531615263696106
2.42400000000000038	0.0682554393155299921
2.42999999999999972	0.0676706024514656529
2.43599999999999994	0.0670988155417136384
2.44200000000000017	0.0665395166155971496
2.4480000000000004	0.0659913562767201894
2.45399999999999974	0.0654524491481843357
2.45999999999999996	0.0649208295344069625
2.46600000000000019	0.0643948831166412522
2.47200000000000042	0.0638734997474602467
2.47799999999999976	0.0633558251407616985
2.48399999999999999	0.0628407660843074284
2.49000000000000021	0.0623266168854736402
2.49600000000000044	0.0618111351614291926
2.50199999999999978	0.0612921245824463237
2.50800000000000001	0.06076825394724579
2.51400000000000023	0.0602396776850675775
2.52000000000000046	0.0597081609526997209
2.5259999999999998	0.0591767273601603375
2.53200000000000003	0.0586490443698484964
2.53800000000000026	0.058128737081151037
2.54400000000000048	0.0576187366040460947
2.54999999999999982	0.0571207573384678105
2.55600000000000005	0.0566350253621280275
2.56200000000000028	0.0561603724081829597
2.5680000000000005	0.055694723818499256
2.57399999999999984	0.0552358471566226916
2.58000000000000007	0.0547820790064977373
2.5860000000000003	0.0543327416227589455
2.59200000000000053	0.0538881296118157507
2.59799999999999986	0.0534491643857030255
2.60400000000000009	0.0530169239591767941
2.61000000000000032	0.0525922278147634634
2.61600000000000055	0.052175383734050923
2.62199999999999989	0.0517661500295252194
2.62800000000000011	0.0513639021258703518
2.63400000000000034	0.0509679026520958867
2.63999999999999968	0.0505775282066477858
2.64599999999999991	0.0501923580277616466
2.65200000000000014	0.0498121359810977174
2.65800000000000036	0.0494366881131838853
2.6639999999999997	0.049065870355879844
2.66999999999999993	0.0486995638184757121
2.67600000000000016	0.04833768642852148
2.68200000000000038	0.0479801794148312574
2.68799999999999972	0.0476269452077610345
2.69399999999999995	0.0472777398126383031
2.70000000000000018	0.0469320494160818738
2.70600000000000041	0.0465890065875746578
2.71199999999999974	0.0462474154010659444
2.71799999999999997	0.045905930058564394
2.7240000000000002	0.0455633533906887045
2.73000000000000043	0.0452189357417073362
2.73599999999999977	0.0448725443451219244
2.74199999999999999	0.0445246548243031712
2.74800000000000022	0.0441762079744473235
2.75400000000000045	0.0438284030897383228
2.75999999999999979	0.0434824817220018089
2.76600000000000001	0.0431395426437403764
2.77200000000000024	0.0428004226540267402
2.77800000000000047	0.0424656599367948043
2.78399999999999981	0.0421355341141993606
2.79000000000000004	0.0418101629992832721
2.79600000000000026	0.0414896235581897754
2.80200000000000049	0.0411740478106481858
2.80799999999999983	0.0408636400418103882
2.81400000000000006	0.0405585940407935594
2.82000000000000028	0.0402589544949319977
2.82600000000000051	0.039964518230730571
2.83199999999999985	0.0396748551888827169
2.83800000000000008	0.0393894473593440417
2.84400000000000031	0.0391078611660515205
2.85000000000000053	0.0388298497752355837
2.85599999999999987	0.038555332608561213
2.8620000000000001	0.0382842735158236483
2.86800000000000033	0.0380165263659299757
2.87400000000000055	0.0377517193619305649
2.87999999999999989	0.0374892209475405982
2.88600000000000012	0.0372281949146280669
2.89200000000000035	0.0369677260008784495
2.89799999999999969	0.0367069817416365921
2.90399999999999991	0.0364453685368435962
2.91000000000000014	0.0361826417552568516
2.91600000000000037	0.0359189436116058095
2.92199999999999971	0.0356547628821709608
2.92799999999999994	0.0353908294337678675
2.93400000000000016	0.0351279731659335792
2.94000000000000039	0.0348669904947146239
2.94599999999999973	0.0346085605675271052
2.95199999999999996	0.0343532275505516391
2.95800000000000018	0.0341014264836755135
2.96400000000000041	0.0338535073218081059
2.96999999999999975	0.0336097223178354471
2.97599999999999998	0.0333701773502493165
2.98200000000000021	0.0331347834506383748
2.98800000000000043	0.0329032555364118934
2.99399999999999977	0.032675180268082242
3	0.0324501290047954222
