-3	0.0324201445979545519
-2.99400000000000022	0.0326489832705176633
-2.98799999999999999	0.0328835003209313262
-2.98200000000000021	0.0331231265406680825
-2.97599999999999998	0.0333670930521051748
-2.9700000000000002	0.0336145610996292157
-2.96399999999999997	0.0338647217644185497
-2.95800000000000018	0.0341168564578002084
-2.95199999999999996	0.0343703694689555389
-2.94600000000000017	0.0346248121890331897
-2.93999999999999995	0.0348799133088881705
-2.93400000000000016	0.0351356158109840597
-2.92799999999999994	0.035392109591124106
-2.92200000000000015	0.0356498454606383047
-2.91599999999999993	0.0359095199006261162
-2.91000000000000014	0.0361720222879996084
-2.90399999999999991	0.0364383368643525635
-2.89800000000000013	0.036709399306481913
-2.8919999999999999	0.0369859260276617641
-2.88600000000000012	0.0372682541167142223
-2.87999999999999989	0.0375562393521079313
-2.87400000000000011	0.037849253107224104
-2.86799999999999988	0.0381462944224484346
-2.8620000000000001	0.0384461958887858668
-2.85599999999999987	0.0387478663812682797
-2.85000000000000009	0.0390504967410882295
-2.84399999999999986	0.039353663642612495
-2.83800000000000008	0.0396573007208440576
-2.83199999999999985	0.0399615564326286157
-2.82600000000000007	0.0402666059116283462
-2.81999999999999984	0.0405725015283797813
-2.81400000000000006	0.0408791184255972925
-2.80799999999999983	0.0411861944576529942
-2.80200000000000005	0.0414934200532675185
-2.79599999999999982	0.0418005311700412746
-2.79000000000000004	0.0421073871387968729
-2.78399999999999981	0.0424140374299994335
-2.77800000000000002	0.0427207727236226867
-2.7719999999999998	0.0430281313450226258
-2.76600000000000001	0.0433368308638619609
-2.75999999999999979	0.0436476318758549919
-2.754	0.0439611865826892087
-2.74800000000000022	0.0442779375069888015
-2.74199999999999999	0.0445981051190462094
-2.73599999999999977	0.0449217640979664712
-2.72999999999999998	0.0452489793075505423
-2.7240000000000002	0.0455799541484594659
-2.71799999999999997	0.0459151277422801748
-2.71199999999999974	0.0462551527399937615
-2.70599999999999996	0.0466007191532956735
-2.70000000000000018	0.0469522681730135394
-2.69399999999999995	0.0473097211140838664
-2.68800000000000017	0.0476723703034574661
-2.68199999999999994	0.0480390162047721059
-2.67600000000000016	0.048408321403710132
-2.66999999999999993	0.0487792501826428901
-2.66400000000000015	0.049151423739168601
-2.65799999999999992	0.0495252611892619959
-2.65200000000000014	0.0499018745996958335
-2.64599999999999991	0.0502827988791929303
-2.64000000000000012	0.0506697067978029991
-2.6339999999999999	0.0510642326986929795
-2.62800000000000011	0.0514679143710710663
-2.62199999999999989	0.0518821548609490896
-2.6160000000000001	0.052308099260237037
-2.60999999999999988	0.0527464156137498405
-2.60400000000000009	0.0531970793586477655
-2.59799999999999986	0.0536593027981641102
-2.59200000000000008	0.054131700161129552
-2.58599999999999985	0.0546126652534598758
-2.58000000000000007	0.0551008240523347126
-2.57399999999999984	0.055595376369704276
-2.56800000000000006	0.0560961877034576242
-2.56199999999999983	0.0566036039173220679
-2.55600000000000005	0.0571180838374743052
-2.54999999999999982	0.0576398276154664324
-2.54400000000000004	0.0581685736828392794
-2.53799999999999981	0.0587036288636099135
-2.53200000000000003	0.0592440427924517676
-2.5259999999999998	0.0597887590933401519
-2.52000000000000002	0.0603366515165787015
-2.51400000000000023	0.0608865041355185349
-2.50800000000000001	0.0614370524210750765
-2.50199999999999978	0.0619871237636998515
-2.496	0.0625358091051929771
-2.49000000000000021	0.0630825610119706975
-2.48399999999999999	0.0636271816170933258
-2.47799999999999976	0.0641697980755307068
-2.47199999999999998	0.0647109859193956138
-2.46600000000000019	0.0652520791966065411
-2.45999999999999996	0.0657954693901321719
-2.45399999999999974	0.0663445447945766875
-2.44799999999999995	0.0669030379560055372
-2.44200000000000017	0.067473928932384214
-2.43599999999999994	0.0680584184663340502
-2.42999999999999972	0.068655506739952174
-2.42399999999999993	0.0692623934173206002
-2.41800000000000015	0.0698755288729103197
-2.41199999999999992	0.0704918651642371247
-2.40600000000000014	0.0711097434654515415
-2.39999999999999991	0.0717290255784481801
-2.39400000000000013	0.072350500190373368
-2.3879999999999999	0.072974983925166742
-2.38200000000000012	0.0736026261255377789
-2.37599999999999989	0.0742327153287118263
-2.37000000000000011	0.0748639810408195661
-2.36399999999999988	0.075495164064312989
-2.3580000000000001	0.0761255477718737056
-2.35199999999999987	0.0767552196767198464
-2.34600000000000009	0.0773850515763908342
-2.33999999999999986	0.0780165859299221803
-2.33400000000000007	0.078651956630354361
-2.32799999999999985	0.0792937262600972304
-2.32200000000000006	0.0799445056112646352
-2.31599999999999984	0.0806065052432538842
-2.31000000000000005	0.081281293994324863
-2.30399999999999983	0.0819698133521337413
-2.29800000000000004	0.0826724664380639601
-2.29199999999999982	0.0833891146129084743
-2.28600000000000003	0.0841190003424141797
-2.28000000000000025	0.0848608259633847894
-2.27400000000000002	0.0856132359958197836
-2.26799999999999979	0.0863756367340917652
-2.26200000000000001	0.0871488811907865785
-2.25600000000000023	0.0879352608143101622
-2.25	0.0887376381555603361
-2.24399999999999977	0.0895581853173661874
-2.23799999999999999	0.0903975023389503307
-2.23200000000000021	0.0912545433162276626
-2.22599999999999998	0.0921271916043985145
-2.21999999999999975	0.0930130745658972469
-2.21399999999999997	0.0939102146079603822
-2.20800000000000018	0.0948171270002327871
-2.20199999999999996	0.0957322332474380283
-2.19599999999999973	0.0966530456014533523
-2.18999999999999995	0.097575876757280855
-2.18400000000000016	0.0984963828966575888
-2.17799999999999994	0.099410489916090139
-2.17199999999999971	0.100314938942451248
-2.16599999999999993	0.101207105632875119
-2.16000000000000014	0.102084460429602619
-2.15399999999999991	0.102944362861698599
-2.14800000000000013	0.103784653326251808
-2.1419999999999999	0.104604907170976896
-2.13600000000000012	0.105407540099523078
-2.12999999999999989	0.106197829268308369
-2.12400000000000011	0.106982694319501789
-2.11799999999999988	0.107769100075135404
-2.1120000000000001	0.108563096827967012
-2.10599999999999987	0.109369601832566749
-2.10000000000000009	0.110192302442669268
-2.09399999999999986	0.1110336486101524
-2.08800000000000008	0.111895573146188254
-2.08199999999999985	0.112780531532800474
-2.07600000000000007	0.113691125007408259
-2.06999999999999984	0.114627835033391065
-2.06400000000000006	0.115587153394943978
-2.05799999999999983	0.116562585538322383
-2.05200000000000005	0.117547932846181619
-2.04599999999999982	0.11853972036968706
-2.04000000000000004	0.119536765861595826
-2.03399999999999981	0.120538071509446884
-2.02800000000000002	0.121541559258343368
-2.02200000000000024	0.122544833856358101
-2.01600000000000001	0.123547167715454098
-2.00999999999999979	0.124550729939854818
-2.004	0.1255597475966371
-1.998	0.12657841080457774
-1.99199999999999999	0.127609230686820396
-1.98599999999999999	0.128652646736378107
-1.97999999999999998	0.1297076286417925
-1.97399999999999998	0.130772393585808916
-1.96799999999999997	0.131844568197703432
-1.96199999999999997	0.132921138324069793
-1.95599999999999996	0.133998759643923882
-1.94999999999999996	0.135073850780708576
-1.94399999999999995	0.136141477510044823
-1.93799999999999994	0.137194086908839136
-1.93199999999999994	0.13822301938566614
-1.92599999999999993	0.139223211218616139
-1.91999999999999993	0.140197291939253565
-1.91399999999999992	0.141155815059289702
-1.90799999999999992	0.142113875947924045
-1.90199999999999991	0.143085929209855856
-1.89599999999999991	0.144081051457225606
-1.8899999999999999	0.145101074659325008
-1.8839999999999999	0.146142539057199067
-1.87799999999999989	0.147200863720981817
-1.87199999999999989	0.148273558129242838
-1.86599999999999988	0.149360123885337898
-1.85999999999999988	0.15045892695345886
-1.85399999999999987	0.151563273817743371
-1.84799999999999986	0.152659667605980931
-1.84200000000000008	0.153730858006886767
-1.83600000000000008	0.154763239660535151
-1.83000000000000007	0.155754028773780862
-1.82400000000000007	0.156713364807350652
-1.81800000000000006	0.157660509714137864
-1.81200000000000006	0.158617110446509668
-1.80600000000000005	0.159600680935271633
-1.80000000000000004	0.160619800154999548
-1.79400000000000004	0.161672616244908557
-1.78800000000000003	0.162749687594581638
-1.78200000000000003	0.163839192641776876
-1.77600000000000002	0.16493117654367484
-1.77000000000000002	0.166018703099429343
-1.76400000000000001	0.16709557813959286
-1.75800000000000001	0.168153140595174194
-1.752	0.169179972864232309
-1.746	0.170164578562701563
-1.73999999999999999	0.171098123159308668
-1.73399999999999999	0.171976463901946625
-1.72799999999999998	0.172802751485904182
-1.72199999999999998	0.173590312250159445
-1.71599999999999997	0.174361728749220735
-1.70999999999999996	0.175140711751437722
-1.70399999999999996	0.175941613741023656
-1.69799999999999995	0.176766430505212041
-1.69199999999999995	0.177611729883846964
-1.68599999999999994	0.178477699053609024
-1.67999999999999994	0.17936963843362122
-1.67399999999999993	0.18029012235420866
-1.66799999999999993	0.181232263624722334
-1.66199999999999992	0.182184963263033739
-1.65599999999999992	0.183144927734334134
-1.64999999999999991	0.184119137052312754
-1.64399999999999991	0.185111189347322902
-1.6379999999999999	0.186104997605045674
-1.6319999999999999	0.187063863816384512
-1.62599999999999989	0.187946211816495373
-1.61999999999999988	0.188724432270707843
-1.61399999999999988	0.189393369694980551
-1.60799999999999987	0.189964938821518048
-1.60199999999999987	0.190456082901578644
-1.59599999999999986	0.190881003902655111
-1.59000000000000008	0.191254305944805192
-1.58400000000000007	0.191599379303560913
-1.57800000000000007	0.191946854937491723
-1.57200000000000006	0.1923192207220491
-1.56600000000000006	0.192717233966199275
-1.56000000000000005	0.193123553531051845
-1.55400000000000005	0.19352197668786289
-1.54800000000000004	0.193918114981642686
-1.54200000000000004	0.194341820719160813
-1.53600000000000003	0.194824221777297607
-1.53000000000000003	0.19537372809680173
-1.52400000000000002	0.195976531197165821
-1.51800000000000002	0.196608593088777234
-1.51200000000000001	0.197232484572168187
-1.50600000000000001	0.197788956537769206
-1.5	0.198213833925431626
-1.49399999999999999	0.198479117635973479
-1.48799999999999999	0.198617088340464348
-1.48199999999999998	0.198696926738941626
-1.47599999999999998	0.198781034629050363
-1.46999999999999997	0.198906785247531998
-1.46399999999999997	0.199094700388851492
-1.45799999999999996	0.199352531254948895
-1.45199999999999996	0.199667355584489475
-1.44599999999999995	0.200003296424428628
-1.43999999999999995	0.200312682076949994
-1.43399999999999994	0.200555575101321465
-1.42799999999999994	0.200718694897318223
-1.42199999999999993	0.200814596148937596
-1.41599999999999993	0.20085663135967402
-1.40999999999999992	0.200837967392387878
-1.40399999999999991	0.200738965622966808
-1.39799999999999991	0.200553732906844001
-1.3919999999999999	0.20030284586191377
-1.3859999999999999	0.200014463647068708
-1.37999999999999989	0.199707794425273311
-1.37399999999999989	0.199400412229059049
-1.36799999999999988	0.199107142500949491
-1.36199999999999988	0.198827152397353768
-1.35599999999999987	0.19854566714313962
-1.34999999999999987	0.198246390593949967
-1.34399999999999986	0.197915199546864845
-1.33799999999999986	0.197544607686931523
-1.33200000000000007	0.197155879752763274
-1.32600000000000007	0.196800754453753945
-1.32000000000000006	0.19653211125843717
-1.31400000000000006	0.196374829330669687
-1.30800000000000005	0.196308326203484207
-1.30200000000000005	0.196279023919480794
-1.29600000000000004	0.196224356531248922
-1.29000000000000004	0.196098828477584503
-1.28400000000000003	0.19590371758355235
-1.27800000000000002	0.195673635880189184
-1.27200000000000002	0.195437800315355403
-1.26600000000000001	0.195219460622323343
-1.26000000000000001	0.195040767363278716
-1.254	0.194895639909859142
-1.248	0.194764138142002607
-1.24199999999999999	0.194658422318797791
-1.23599999999999999	0.19459497268040013
-1.22999999999999998	0.194532118595265452
-1.22399999999999998	0.194371356094048459
-1.21799999999999997	0.194019989137729026
-1.21199999999999997	0.193435502844896884
-1.20599999999999996	0.192638109319187484
-1.19999999999999996	0.19171014121586763
-1.19399999999999995	0.190763789161963515
-1.18799999999999994	0.18990029422502111
-1.18199999999999994	0.18917602428510033
-1.17599999999999993	0.18857270851553512
-1.16999999999999993	0.188004799531802824
-1.16399999999999992	0.187373527397261541
-1.15799999999999992	0.186629607110875867
-1.15199999999999991	0.185813282820729286
-1.14599999999999991	0.185022994598785601
-1.1399999999999999	0.184335981159078871
-1.1339999999999999	0.183755923089336193
-1.12799999999999989	0.183218489274132396
-1.12199999999999989	0.182655622840538934
-1.11599999999999988	0.182072154072422443
-1.10999999999999988	0.181519797804144539
-1.10399999999999987	0.18101402005865444
-1.09799999999999986	0.180529974061553744
-1.09199999999999986	0.180026490560283331
-1.08599999999999985	0.179461937424262752
-1.08000000000000007	0.178846043291962409
-1.07400000000000007	0.178238744334907495
-1.06800000000000006	0.177677121471390947
-1.06200000000000006	0.177088207234576578
-1.05600000000000005	0.176316215019680644
-1.05000000000000004	0.175307762590660055
-1.04400000000000004	0.174180620349992876
-1.03800000000000003	0.17311207685457583
-1.03200000000000003	0.172202997788778761
-1.02600000000000002	0.171433272786755408
-1.02000000000000002	0.170705717884028829
-1.01400000000000001	0.169890962367469256
-1.00800000000000001	0.168914628834128971
-1.002	0.167865561148720727
-0.995999999999999996	0.166878673300334984
-0.989999999999999769	0.165972794741708451
-0.983999999999999986	0.165182516220808984
-0.977999999999999758	0.164660279728775172
-0.971999999999999975	0.164470598655663269
-0.965999999999999748	0.164428327541558589
-0.959999999999999964	0.164233756902795069
-0.953999999999999737	0.163735462554503775
-0.947999999999999954	0.16303228621958904
-0.942000000000000171	0.162393321244888311
-0.935999999999999943	0.162039946821403796
-0.93000000000000016	0.161964757133117365
-0.923999999999999932	0.161983959098992714
-0.918000000000000149	0.16192729693110397
-0.911999999999999922	0.161705900273484277
-0.906000000000000139	0.161342780833010985
-0.899999999999999911	0.160897707402407997
-0.894000000000000128	0.160366385084891289
-0.887999999999999901	0.159738778196769793
-0.882000000000000117	0.159141556399343298
-0.87599999999999989	0.158798891513079771
-0.870000000000000107	0.158686867200807241
-0.863999999999999879	0.15851940118918359
-0.858000000000000096	0.158140278319112065
-0.851999999999999869	0.157556237405739263
-0.846000000000000085	0.156799041131751221
-0.839999999999999858	0.155995067112650515
-0.834000000000000075	0.155383097120583791
-0.827999999999999847	0.155064551457613914
-0.822000000000000064	0.154914491042751457
-0.815999999999999837	0.15473154858363139
-0.810000000000000053	0.154434916012937684
-0.803999999999999826	0.154097975349388794
-0.798000000000000043	0.153805517721283841
-0.791999999999999815	0.153554011476483704
-0.786000000000000032	0.153270455105910391
-0.779999999999999805	0.152920876895159069
-0.774000000000000021	0.152510720285388424
-0.767999999999999794	0.15203479505300066
-0.762000000000000011	0.151568480355818991
-0.755999999999999783	0.151323568175644657
-0.75	0.151420221820191658
-0.743999999999999773	0.151747875104380592
-0.737999999999999989	0.151939299127496624
-0.731999999999999762	0.15160574631002724
-0.725999999999999979	0.150903510953211167
-0.719999999999999751	0.150252257377227083
-0.713999999999999968	0.149670359875177211
-0.707999999999999741	0.149102182182545867
-0.701999999999999957	0.148566256477543512
-0.69599999999999973	0.147895265519426666
-0.689999999999999947	0.146900184252386656
-0.684000000000000163	0.1460828223293133
-0.677999999999999936	0.145795036942624745
-0.672000000000000153	0.145636269475423769
-0.665999999999999925	0.14521584682944183
-0.660000000000000142	0.144615125081968415
-0.653999999999999915	0.144013858842787779
-0.648000000000000131	0.143659774144351132
-0.641999999999999904	0.143663062215594911
-0.636000000000000121	0.143762981483359864
-0.629999999999999893	0.14361403270533768
-0.62400000000000011	0.1432874552190877
-0.617999999999999883	0.143022957566463188
-0.612000000000000099	0.142890105530753597
-0.605999999999999872	0.143014039057058701
-0.600000000000000089	0.143443975810978341
-0.593999999999999861	0.143665599848313091
-0.588000000000000078	0.143418557152785314
-0.581999999999999851	0.143223612312794762
-0.576000000000000068	0.143236147780308132
-0.56999999999999984	0.14350702215112468
-0.564000000000000057	0.143878538673800654
-0.557999999999999829	0.143799016252458778
-0.552000000000000046	0.143503461420119077
-0.545999999999999819	0.143269818760169476
-0.540000000000000036	0.142797866674918533
-0.533999999999999808	0.142380931820047907
-0.528000000000000025	0.142113734287105581
-0.521999999999999797	0.141922500994715456
-0.516000000000000014	0.142198094983706919
-0.509999999999999787	0.142247058015457783
-0.504000000000000004	0.14157107853480419
-0.497999999999999776	0.140259168132481848
-0.491999999999999993	0.139120183979634549
-0.485999999999999766	0.138491824010916559
-0.479999999999999982	0.138287221016671985
-0.473999999999999755	0.13811626480772829
-0.467999999999999972	0.138734523561049317
-0.461999999999999744	0.139428254786830436
-0.455999999999999961	0.139564190884165273
-0.449999999999999734	0.140102619803310069
-0.44399999999999995	0.140861327758061788
-0.438000000000000167	0.141198790092049414
-0.43199999999999994	0.141683341901399917
-0.426000000000000156	0.141815693816903815
-0.419999999999999929	0.141227489661395478
-0.414000000000000146	0.141017195208128582
-0.407999999999999918	0.142057460352009918
-0.402000000000000135	0.14285207612323117
-0.395999999999999908	0.141840343952052472
-0.390000000000000124	0.140849943014491691
-0.383999999999999897	0.140796921035664185
-0.378000000000000114	0.142153348148285674
-0.371999999999999886	0.144302317599985713
-0.366000000000000103	0.146220455625015289
-0.359999999999999876	0.147610246411080864
-0.354000000000000092	0.147928520937342656
-0.347999999999999865	0.147234923365766157
-0.342000000000000082	0.14704624094539806
-0.335999999999999854	0.147151398938881406
-0.330000000000000071	0.145735308966901678
-0.323999999999999844	0.146430205646824074
-0.31800000000000006	0.148885710247149555
-0.311999999999999833	0.148730847304013813
-0.30600000000000005	0.149330241572334432
-0.299999999999999822	0.149678595257693586
-0.294000000000000039	0.148518234223868451
-0.287999999999999812	0.149742645728082963
-0.282000000000000028	0.153150235877762303
-0.275999999999999801	0.156296735304457257
-0.270000000000000018	0.1583358595655803
-0.26399999999999979	0.156629070910010382
-0.258000000000000007	0.156975505405411886
-0.25199999999999978	0.160431295755685571
-0.245999999999999996	0.160894107679397241
-0.239999999999999769	0.162560072334933303
-0.233999999999999986	0.162084772144298506
-0.227999999999999758	0.164288152586887948
-0.221999999999999975	0.170854041365674308
-0.215999999999999748	0.17266164713757437
-0.209999999999999964	0.173954429726767862
-0.203999999999999737	0.178099447557649115
-0.197999999999999954	0.180680082092340072
-0.191999999999999726	0.182112112098217871
-0.185999999999999943	0.183891144188265909
-0.18000000000000016	0.188058414488901759
-0.173999999999999932	0.191043515146375936
-0.168000000000000149	0.197808578254563355
-0.161999999999999922	0.200340082201478809
-0.156000000000000139	0.202022107946922436
-0.149999999999999911	0.212128885320927663
-0.144000000000000128	0.21910756178054272
-0.137999999999999901	0.226880661803373074
-0.132000000000000117	0.22275494033686577
-0.12599999999999989	0.236128970433918173
-0.120000000000000107	0.244953938498751106
-0.113999999999999879	0.258319358596623361
-0.108000000000000096	0.276380642709759261
-0.101999999999999869	0.291048965591835573
-0.0960000000000000853	0.299311366126584155
-0.0899999999999998579	0.312147290259389421
-0.0840000000000000746	0.33712189119576047
-0.0779999999999998472	0.342114960400563217
-0.0720000000000000639	0.370342266703119261
-0.0659999999999998366	0.398778152625160254
-0.0600000000000000533	0.431191111652890424
-0.0539999999999998259	0.467490111553398924
-0.0480000000000000426	0.516634595692899379
-0.0419999999999998153	0.583010348769555153
-0.036000000000000032	0.649219570680429015
-0.0299999999999998046	0.720626236228719574
-0.0240000000000000213	0.797452014764399197
-0.0179999999999997939	0.88215834913137503
-0.0120000000000000107	0.975253548129215164
-0.00599999999999978328	1.03227954035925484
0	1.06103275637499306
0.00600000000000022737	1.03020976466724479
0.0120000000000000107	0.967142107628890746
0.018000000000000238	0.897239858004457047
0.0240000000000000213	0.795284811410885584
0.0300000000000002487	0.720218663892802646
0.036000000000000032	0.635306748608872263
0.0420000000000002593	0.5894096173572555
0.0480000000000000426	0.522597134484003134
0.05400000000000027	0.470583888921090876
0.0600000000000000533	0.436306086777035862
0.0660000000000002807	0.401959732105607537
0.0720000000000000639	0.366292788704264072
0.0779999999999998472	0.356813468377666032
0.0840000000000000746	0.335569901420516681
0.0899999999999998579	0.312163674527475177
0.0960000000000000853	0.295420304348901153
0.101999999999999869	0.276032662234820092
0.108000000000000096	0.266114777539953828
0.113999999999999879	0.254370658745207368
0.120000000000000107	0.240680143607706287
0.12599999999999989	0.238345700790740356
0.132000000000000117	0.231461721128499998
0.137999999999999901	0.222123778998622956
0.144000000000000128	0.218597413029532089
0.149999999999999911	0.213662924438256213
0.156000000000000139	0.211842057435564141
0.161999999999999922	0.205962644278752466
0.168000000000000149	0.199410938422733997
0.173999999999999932	0.1955832426531674
0.18000000000000016	0.191048623442612586
0.185999999999999943	0.188094590587736005
0.192000000000000171	0.181506898906658831
0.197999999999999954	0.177903732536260739
0.204000000000000181	0.175745152673110472
0.209999999999999964	0.171335590892126854
0.216000000000000192	0.171038906317764666
0.221999999999999975	0.167378935847996402
0.228000000000000203	0.167254769757551852
0.233999999999999986	0.168340584141221494
0.240000000000000213	0.1676602054259059
0.245999999999999996	0.165532930916092502
0.252000000000000224	0.165510625753441887
0.258000000000000007	0.159644769681464904
0.264000000000000234	0.158232883890742887
0.270000000000000018	0.158452598973237463
0.276000000000000245	0.15636613715396333
0.282000000000000028	0.156063946691804845
0.288000000000000256	0.153332263970627047
0.294000000000000039	0.15128868211750171
0.300000000000000266	0.150858707316787438
0.30600000000000005	0.15025342650483503
0.312000000000000277	0.149930530598290673
0.31800000000000006	0.149712053388259186
0.324000000000000288	0.148733813216494287
0.330000000000000071	0.147469099879708465
0.335999999999999854	0.145212114428865641
0.342000000000000082	0.143519828782727676
0.347999999999999865	0.142881655740375507
0.354000000000000092	0.142473369430684726
0.359999999999999876	0.143166536325485927
0.366000000000000103	0.143833367156455033
0.371999999999999886	0.143847573510500287
0.378000000000000114	0.144068244164844761
0.383999999999999897	0.144024297924764955
0.390000000000000124	0.143163827428629931
0.395999999999999908	0.141884712567520055
0.402000000000000135	0.141282058190579346
0.407999999999999918	0.141587804588479638
0.414000000000000146	0.14177869382543401
0.419999999999999929	0.141441365535534463
0.426000000000000156	0.140817424009022474
0.43199999999999994	0.140147630841602283
0.438000000000000167	0.14018759002736994
0.44399999999999995	0.140236650429722193
0.450000000000000178	0.139919071074898455
0.455999999999999961	0.139616581685679447
0.462000000000000188	0.139519963915729711
0.467999999999999972	0.139939608924841447
0.474000000000000199	0.140268353279147689
0.479999999999999982	0.140228792192708146
0.48600000000000021	0.140020511135000164
0.491999999999999993	0.140068494166853547
0.49800000000000022	0.140021169017004593
0.504000000000000004	0.139997890432145777
0.510000000000000231	0.140116795246747555
0.516000000000000014	0.140127562885209278
0.522000000000000242	0.14028236190290494
0.528000000000000025	0.140256706702345413
0.534000000000000252	0.140254581205073725
0.540000000000000036	0.140670825577470182
0.546000000000000263	0.141086296654836879
0.552000000000000046	0.141391735788819584
0.558000000000000274	0.14178954606122221
0.564000000000000057	0.141978529668087938
0.570000000000000284	0.141952890321254827
0.576000000000000068	0.141608283537873497
0.582000000000000295	0.141298162839237573
0.588000000000000078	0.140982116218811709
0.593999999999999861	0.141278507903300543
0.600000000000000089	0.14228890709802211
0.605999999999999872	0.143209897622243454
0.612000000000000099	0.143832039377059601
0.617999999999999883	0.14449369624180336
0.62400000000000011	0.14515880361057229
0.629999999999999893	0.145462822055364899
0.636000000000000121	0.145639800005812059
0.641999999999999904	0.145938041867330393
0.648000000000000131	0.146113227639071336
0.653999999999999915	0.146126898932531696
0.660000000000000142	0.145896642725574816
0.665999999999999925	0.145591566889664459
0.672000000000000153	0.145495136081090493
0.677999999999999936	0.145631170580220376
0.684000000000000163	0.145873208257191217
0.689999999999999947	0.146167681909111086
0.696000000000000174	0.146628332351898066
0.701999999999999957	0.147193479415220763
0.708000000000000185	0.14770738813578263
0.713999999999999968	0.148153021643958521
0.720000000000000195	0.148663512547113602
0.725999999999999979	0.149356328415837292
0.732000000000000206	0.150178767051549533
0.737999999999999989	0.150929942966842201
0.744000000000000217	0.151583237299723506
0.75	0.152168452362860668
0.756000000000000227	0.152706592550991838
0.762000000000000011	0.153235148526493614
0.768000000000000238	0.153725854834693171
0.774000000000000021	0.154072959572264273
0.780000000000000249	0.15440623961891245
0.786000000000000032	0.154814891799546078
0.792000000000000259	0.155169494169767469
0.798000000000000043	0.155490974571540985
0.80400000000000027	0.155852449726575082
0.810000000000000053	0.156219663841572626
0.816000000000000281	0.156446811757079252
0.822000000000000064	0.156439269409151954
0.828000000000000291	0.15628690469686346
0.834000000000000075	0.156145468974051349
0.839999999999999858	0.156065265174579387
0.846000000000000085	0.156000903549447761
0.851999999999999869	0.156063946586229074
0.858000000000000096	0.156423065674987122
0.863999999999999879	0.157089951981751852
0.870000000000000107	0.158010227617020549
0.87599999999999989	0.159186275452409293
0.882000000000000117	0.160563836282739431
0.887999999999999901	0.161946929616239826
0.894000000000000128	0.163153510224074344
0.899999999999999911	0.164060348087094493
0.906000000000000139	0.164589744673118044
0.911999999999999922	0.164765406166127254
0.918000000000000149	0.164842282907323917
0.923999999999999932	0.165106332986593385
0.93000000000000016	0.165546055661147662
0.935999999999999943	0.166000305719086555
0.942000000000000171	0.166420505004651165
0.947999999999999954	0.16678084861866932
0.954000000000000181	0.167048096338380553
0.959999999999999964	0.167301308613035077
0.966000000000000192	0.167625847022545904
0.971999999999999975	0.168032243389920594
0.978000000000000203	0.168538819388543815
0.983999999999999986	0.169209201397987119
0.990000000000000213	0.170066411225329728
0.995999999999999996	0.171013556161334096
1.00199999999999978	0.171937821643091932
1.00800000000000001	0.172761458835608228
1.01400000000000023	0.173396999839161736
1.02000000000000046	0.173822298697674238
1.0259999999999998	0.174161868304536283
1.03200000000000003	0.174554966087098223
1.03800000000000026	0.175069210964197558
1.04400000000000048	0.175724534732993931
1.04999999999999982	0.176460570651437304
1.05600000000000005	0.17717147587731194
1.06200000000000028	0.177818166441975289
1.0680000000000005	0.178451620871469485
1.07399999999999984	0.179146529434913548
1.08000000000000007	0.179873270193451701
1.0860000000000003	0.180511110527499907
1.09200000000000053	0.181019745015341516
1.09799999999999986	0.181458456748233299
1.10400000000000009	0.18188230754514656
1.11000000000000032	0.18230237439800695
1.11599999999999966	0.182703717926002263
1.12199999999999989	0.183078444607335356
1.12800000000000011	0.183421747726553563
1.13400000000000034	0.183712480144098217
1.13999999999999968	0.183929142939873391
1.14599999999999991	0.184083936998873349
1.15200000000000014	0.184247265915690406
1.15800000000000036	0.184527454617887554
1.1639999999999997	0.184967542414331582
1.16999999999999993	0.185498852896474664
1.17600000000000016	0.186058269992599334
1.18200000000000038	0.186661602948453714
1.18799999999999972	0.187325547410956028
1.19399999999999995	0.188023198267599861
1.20000000000000018	0.188713780301450529
1.20600000000000041	0.189339894287627319
1.21199999999999974	0.189848540871748767
1.21799999999999997	0.190236993462010229
1.2240000000000002	0.190530288009793325
1.23000000000000043	0.190769927355383812
1.23599999999999977	0.191037163264563603
1.24199999999999999	0.191421318622045644
1.24800000000000022	0.191939624376826989
1.25400000000000045	0.192515439234459768
1.25999999999999979	0.193062737380324506
1.26600000000000001	0.193562601009978769
1.27200000000000024	0.194050367754290826
1.27800000000000047	0.194558945898780145
1.28399999999999981	0.195071644882307715
1.29000000000000004	0.195516205294015588
1.29600000000000026	0.195821959479469593
1.30200000000000049	0.195980780565867707
1.30799999999999983	0.196039538663189988
1.31400000000000006	0.196056647386160382
1.32000000000000028	0.196082916583292466
1.32600000000000051	0.196163046187056545
1.33199999999999985	0.1963253435941332
1.33800000000000008	0.196565788746737358
1.34400000000000031	0.196843386970898038
1.35000000000000053	0.19709077793323862
1.35599999999999987	0.197249456109547389
1.3620000000000001	0.197302974849767609
1.36800000000000033	0.197266057149113855
1.37399999999999967	0.197160079853717835
1.37999999999999989	0.197012613976309203
1.38600000000000012	0.19685947197765899
1.39200000000000035	0.196738880548602085
1.39799999999999969	0.196685357418866558
1.40399999999999991	0.196713998525457429
1.41000000000000014	0.196806946432073138
1.41600000000000037	0.196927170677887009
1.42199999999999971	0.197041462282822155
1.42799999999999994	0.197123866528326863
1.43400000000000016	0.197151996282056652
1.44000000000000039	0.197119056648116325
1.44599999999999973	0.19704767289878336
1.45199999999999996	0.196982536163132632
1.45800000000000018	0.19696546270769813
1.46400000000000041	0.197008759824017943
1.46999999999999975	0.197087047460607151
1.47599999999999998	0.197151105906579832
1.48200000000000021	0.197145547409829869
1.48800000000000043	0.197026021041389193
1.49399999999999977	0.19677840408358116
1.5	0.19642558279308972
1.50600000000000023	0.196014408539432333
1.51200000000000045	0.195596332544478918
1.51799999999999979	0.195214147657917614
1.52400000000000002	0.194891128546863412
1.53000000000000025	0.194618936394926001
1.53600000000000048	0.194358744018435309
1.54199999999999982	0.194064132021453034
1.54800000000000004	0.193707066958442781
1.55400000000000027	0.193284105767715514
1.5600000000000005	0.192804302897616436
1.56599999999999984	0.19227979824261765
1.57200000000000006	0.191726058547559863
1.57800000000000029	0.191158475930018779
1.58400000000000052	0.19058452503933862
1.58999999999999986	0.190007551271478059
1.59600000000000009	0.189442232458970933
1.60200000000000031	0.188918486650299616
1.60800000000000054	0.188460720836807538
1.61399999999999988	0.188062495581327149
1.62000000000000011	0.187684767856019535
1.62600000000000033	0.187277571415967903
1.63199999999999967	0.186801020289576625
1.6379999999999999	0.186230915182752838
1.64400000000000013	0.185556383480480008
1.65000000000000036	0.18478105374831319
1.65599999999999969	0.183925095347553552
1.66199999999999992	0.183021564335965559
1.66800000000000015	0.182109565955158537
1.67400000000000038	0.181223858616323091
1.67999999999999972	0.180379914488648929
1.68599999999999994	0.179567744962202624
1.69200000000000017	0.178764824781919296
1.6980000000000004	0.177954331137615274
1.70399999999999974	0.177129999652425874
1.70999999999999996	0.1762919007206393
1.71600000000000019	0.175446024935283801
1.72200000000000042	0.174604681752470847
1.72799999999999976	0.173780348935070911
1.73399999999999999	0.172976594333534461
1.74000000000000021	0.17218510371761761
1.74600000000000044	0.171391413182495317
1.75199999999999978	0.17058334900324823
1.75800000000000001	0.169756551391371746
1.76400000000000023	0.168915162640180777
1.77000000000000046	0.168065834001027647
1.7759999999999998	0.167207121322187624
1.78200000000000003	0.166324063662547261
1.78800000000000026	0.165395091924049276
1.79400000000000048	0.16440466870447909
1.79999999999999982	0.163349806837407491
1.80600000000000005	0.162238315532824695
1.81200000000000028	0.161084913563034532
1.8180000000000005	0.15990870957409245
1.82399999999999984	0.158729103814405775
1.83000000000000007	0.157558041616368161
1.8360000000000003	0.156393632137259736
1.84200000000000053	0.155221047238036508
1.84799999999999986	0.154020501432876267
1.85400000000000009	0.152777837978767123
1.86000000000000032	0.151491795983381444
1.86599999999999966	0.150173483933284391
1.87199999999999989	0.148839743014985953
1.87800000000000011	0.147506744809953239
1.88400000000000034	0.146187666891092527
1.88999999999999968	0.144893137900303642
1.89599999999999991	0.14363178808375851
1.90200000000000014	0.142410313093700419
1.90800000000000036	0.141233624300455551
1.9139999999999997	0.140104691403835552
1.91999999999999993	0.139023275937234903
1.92600000000000016	0.137984575696204398
1.93200000000000038	0.13697989290690471
1.93799999999999972	0.135999083310781282
1.94399999999999995	0.135032320401285016
1.95000000000000018	0.134070501177005502
1.95600000000000041	0.133106025506137954
1.96199999999999974	0.132134365568249063
1.96799999999999997	0.131154484533878873
1.9740000000000002	0.130166821779715364
1.98000000000000043	0.129170412433634307
1.98599999999999977	0.128162306030630502
1.99199999999999999	0.127140539974921446
1.99800000000000022	0.126108061371907776
2.00400000000000045	0.125073934095028566
2.00999999999999979	0.124051156696156351
2.01600000000000001	0.123052807767495234
2.02200000000000024	0.122087940219441096
2.02800000000000047	0.121158350339982276
2.03399999999999981	0.120257591653918958
2.04000000000000004	0.119372963078476349
2.04600000000000026	0.118489757947664823
2.05200000000000049	0.117595807252774298
2.05799999999999983	0.116684312816825619
2.06400000000000006	0.11575422512907195
2.07000000000000028	0.114808843306851982
2.07600000000000051	0.113853856260479433
2.08199999999999985	0.112895847950595749
2.08800000000000008	0.111941780460373619
2.09400000000000031	0.110999029813035083
2.10000000000000053	0.110074770225520008
2.10599999999999987	0.109173987246284063
2.1120000000000001	0.108297016384568637
2.11800000000000033	0.107438718258487442
2.12399999999999967	0.106590565013741617
2.12999999999999989	0.105744322069783528
2.13600000000000012	0.104894558674578017
2.14200000000000035	0.104038732023075356
2.14799999999999969	0.103175964698417777
2.15399999999999991	0.10230616311832251
2.16000000000000014	0.101429990001564982
2.16600000000000037	0.100549046097647199
2.17199999999999971	0.0996654264635405823
2.17799999999999994	0.0987806071343820674
2.18400000000000016	0.0978944854588671975
2.19000000000000039	0.097005524614861352
2.19599999999999973	0.0961122758782581577
2.20199999999999996	0.0952154396255337349
2.20800000000000018	0.0943189432994770288
2.21400000000000041	0.0934290837389924883
2.21999999999999975	0.0925523003903311325
2.22599999999999998	0.0916932188533670783
2.23200000000000021	0.0908541121998665685
2.23800000000000043	0.0900354467704251177
2.24399999999999977	0.0892364381376810484
2.25	0.0884552048208744196
2.25600000000000023	0.0876890323181054449
2.26200000000000045	0.0869352138965471255
2.26799999999999979	0.0861921049738620798
2.27400000000000002	0.0854595804492926103
2.28000000000000025	0.0847385884827868835
2.28600000000000048	0.0840302705793779664
2.29199999999999982	0.0833353086329648302
2.29800000000000004	0.0826537556620973446
2.30400000000000027	0.0819851653258525243
2.3100000000000005	0.0813287330401983449
2.31599999999999984	0.0806833172919602382
2.32200000000000006	0.0800473605375827679
2.32800000000000029	0.0794187931636930189
2.33400000000000052	0.0787950451175960798
2.33999999999999986	0.0781732517296645502
2.34600000000000009	0.0775505694773597487
2.35200000000000031	0.0769244275521170223
2.35800000000000054	0.0762927013484239747
2.36399999999999988	0.0756539471635201688
2.37000000000000011	0.0750076895955788941
2.37600000000000033	0.0743545363672090814
2.38199999999999967	0.0736959953515412408
2.3879999999999999	0.0730341526707617567
2.39400000000000013	0.0723714496343578206
2.40000000000000036	0.0717106296008628297
2.40599999999999969	0.0710547399981308753
2.41199999999999992	0.0704069947747496816
2.41800000000000015	0.0697703654093023429
2.42400000000000038	0.0691469965848729023
2.42999999999999972	0.0685377809778624503
2.43599999999999994	0.0679424037034842832
2.44200000000000017	0.0673598450261065074
2.4480000000000004	0.0667890023494899093
2.45399999999999974	0.0662290548379606547
2.45999999999999996	0.0656794317866729177
2.46600000000000019	0.065139509482647337
2.47200000000000042	0.0646082741766542262
2.47799999999999976	0.0640841589127766481
2.48399999999999999	0.0635651527806290334
2.49000000000000021	0.0630491315658597423
2.49600000000000044	0.0625342372990943113
2.50199999999999978	0.0620191393114586723
2.50800000000000001	0.0615031331065363507
2.51400000000000023	0.0609861316358744354
2.52000000000000046	0.0604685945507634492
2.5259999999999998	0.0599514044232205279
2.53200000000000003	0.0594357082904862777
2.53800000000000026	0.0589227528441608472
2.54400000000000048	0.0584137138903969774
2.54999999999999982	0.0579095131252206144
2.55600000000000005	0.0574106647369858128
2.56200000000000028	0.0569172318117557377
2.5680000000000005	0.0564289333353062625
2.57399999999999984	0.0559453670892836735
2.58000000000000007	0.0554662738146975698
2.5860000000000003	0.0549917704178770894
2.59200000000000053	0.0545224869662611078
2.59799999999999986	0.0540595447383096089
2.60400000000000009	0.0536043458160255226
2.61000000000000032	0.0531582232543395608
2.61600000000000055	0.0527220752592413161
2.62199999999999989	0.0522961190643387447
2.62800000000000011	0.0518798422205361542
2.63400000000000034	0.0514721296796470731
2.63999999999999968	0.0510714564023852791
2.64599999999999991	0.0506760254567529683
2.65200000000000014	0.0502838258911332756
2.65800000000000036	0.0498927090025280892
2.6639999999999997	0.0495006120142005984
2.66999999999999993	0.0491059488619776455
2.67600000000000016	0.0487080301543701757
2.68200000000000038	0.0483073045291770101
2.68799999999999972	0.0479052794924391817
2.69399999999999995	0.0475041233202815952
2.70000000000000018	0.0471060852046994924
2.70600000000000041	0.0467129408401688664
2.71199999999999974	0.0463256531251918791
2.71799999999999997	0.0459443468540272418
2.7240000000000002	0.0455685721360784418
2.73000000000000043	0.0451977186964940547
2.73599999999999977	0.0448313872999893115
2.74199999999999999	0.0444695615297206748
2.74800000000000022	0.0441125423411726919
2.75400000000000045	0.0437607345620136812
2.75999999999999979	0.0434144258811569525
2.76600000000000001	0.0430736592655883016
2.77200000000000024	0.0427382227413102833
2.77800000000000047	0.0424077238225735384
2.78399999999999981	0.0420816969725646903
2.79000000000000004	0.0417597005770673976
2.79600000000000026	0.0414413816861714177
2.80200000000000049	0.0411265080696237711
2.80799999999999983	0.0408149744116142604
2.81400000000000006	0.0405067872046316751
2.82000000000000028	0.0402020373378576337
2.82600000000000051	0.0399008778345215989
2.83199999999999985	0.0396035185670425074
2.83800000000000008	0.0393102308122602953
2.84400000000000031	0.0390213425232525182
2.85000000000000053	0.0387372095366511279
2.85599999999999987	0.0384581607175816936
2.8620000000000001	0.0381844285184356758
2.86800000000000033	0.0379160867963912393
2.87400000000000055	0.0376530189766735093
2.87999999999999989	0.0373949280286423116
2.88600000000000012	0.0371413809318701868
2.89200000000000035	0.0368918661261625966
2.89799999999999969	0.0366458421198700215
2.90399999999999991	0.0364027685569474624
2.91000000000000014	0.0361621257813374702
2.91600000000000037	0.0359234321357307165
2.92199999999999971	0.0356862599739536587
2.92799999999999994	0.0354502445419518641
2.93400000000000016	0.03521508457299561
2.94000000000000039	0.0349805454053441767
2.94599999999999973	0.0347464793148037909
2.95199999999999996	0.0345128621368019084
2.95800000000000018	0.0342798183597756642
2.96400000000000041	0.0340475951790308665
2.96999999999999975	0.0338164699866649807
2.97599999999999998	0.0335866242544572979
2.98200000000000021	0.0333580505965283686
2.98800000000000043	0.0331305476992268255
2.99399999999999977	0.0329038076672292443
3	0.032677550501869039
