-3	0.0324787547100448479
-2.99400000000000022	0.032678136698498006
-2.98799999999999999	0.0328761694108192365
-2.98200000000000021	0.0330733530879102414
-2.97599999999999998	0.0332703239391093156
-2.9700000000000002	0.0334679581012140501
-2.96399999999999997	0.0336674396792357722
-2.95800000000000018	0.0338702117289434099
-2.95199999999999996	0.0340777837451572072
-2.94600000000000017	0.0342914403978007085
-2.93999999999999995	0.0345119501784953084
-2.93400000000000016	0.0347393867090554156
-2.92799999999999994	0.0349731377640402907
-2.92200000000000015	0.0352120973536722837
-2.91599999999999993	0.0354549569166514797
-2.91000000000000014	0.03570048176471384
-2.90399999999999991	0.0359476894936893998
-2.89800000000000013	0.0361959040058526596
-2.8919999999999999	0.0364447012826556518
-2.88600000000000012	0.0366937823197412069
-2.87999999999999989	0.0369428249937503103
-2.87400000000000011	0.037191390379990738
-2.86799999999999988	0.0374389639308627745
-2.8620000000000001	0.0376851599776785173
-2.85599999999999987	0.0379300130261209512
-2.85000000000000009	0.0381741874460214889
-2.84399999999999986	0.0384189438894796467
-2.83800000000000008	0.0386658318495513992
-2.83199999999999985	0.0389162524734970247
-2.82600000000000007	0.0391711194582205977
-2.81999999999999984	0.0394307748486455514
-2.81400000000000006	0.0396951554942240672
-2.80799999999999983	0.0399640707219802785
-2.80200000000000005	0.0402374111563655323
-2.79599999999999982	0.0405151686789988821
-2.79000000000000004	0.040797272905784214
-2.78399999999999981	0.0410833668238123687
-2.77800000000000002	0.0413726734132222398
-2.7719999999999998	0.0416640331861005478
-2.76600000000000001	0.0419560942548377128
-2.75999999999999979	0.0422475907661748751
-2.754	0.0425376483156524876
-2.74800000000000022	0.0428260484425738719
-2.74199999999999999	0.0431133618999424637
-2.73599999999999977	0.0434008838821359974
-2.72999999999999998	0.0436903952736262674
-2.7240000000000002	0.0439838546666913369
-2.71799999999999997	0.0442831168691457389
-2.71199999999999974	0.0445897020371774297
-2.70599999999999996	0.0449046067967890719
-2.70000000000000018	0.0452282019248374384
-2.69399999999999995	0.0455603185242137165
-2.68800000000000017	0.0459005623809950955
-2.68199999999999994	0.0462487263076459404
-2.67600000000000016	0.0466050640118006523
-2.66999999999999993	0.0469702730499863483
-2.66400000000000015	0.0473452335686843778
-2.65799999999999992	0.047730685499936705
-2.65200000000000014	0.0481270094258757566
-2.64599999999999991	0.0485341565777562545
-2.64000000000000012	0.0489516605591667278
-2.6339999999999999	0.0493786312468999788
-2.62800000000000011	0.0498136917280205191
-2.62199999999999989	0.0502549267454200296
-2.6160000000000001	0.0506999668439432893
-2.60999999999999988	0.0511462576191486426
-2.60400000000000009	0.0515914118329615506
-2.59799999999999986	0.0520334660289940576
-2.59200000000000008	0.052470940876960144
-2.58599999999999985	0.0529027576691584595
-2.58000000000000007	0.0533281566211908642
-2.57399999999999984	0.0537467189701805667
-2.56800000000000006	0.0541584369327949289
-2.56199999999999983	0.054563649278908069
-2.55600000000000005	0.0549627457439245473
-2.54999999999999982	0.0553558076881547484
-2.54400000000000004	0.0557424994184910066
-2.53799999999999981	0.0561223536709812079
-2.53200000000000003	0.0564952846652864854
-2.5259999999999998	0.0568620225072085997
-2.52000000000000002	0.0572242579711902538
-2.51400000000000023	0.0575844839764037691
-2.50800000000000001	0.0579456936537785725
-2.50199999999999978	0.0583111292449895458
-2.496	0.0586841117322865272
-2.49000000000000021	0.0590677762338072398
-2.48399999999999999	0.0594645742172798808
-2.47799999999999976	0.0598757262394771159
-2.47199999999999998	0.0603010857733003794
-2.46600000000000019	0.0607397070118222138
-2.45999999999999996	0.061190827059476198
-2.45399999999999974	0.061654547866955553
-2.44799999999999995	0.0621317372155512915
-2.44200000000000017	0.0626233273445903765
-2.43599999999999994	0.0631295923087007854
-2.42999999999999972	0.0636498338632820182
-2.42399999999999993	0.0641824890947857024
-2.41800000000000015	0.0647254054756862679
-2.41199999999999992	0.0652760841470698544
-2.40600000000000014	0.0658319161470869579
-2.39999999999999991	0.0663904814526809356
-2.39400000000000013	0.066949760938730285
-2.3879999999999999	0.0675080432134514546
-2.38200000000000012	0.0680636813232792931
-2.37599999999999989	0.0686151849779382123
-2.37000000000000011	0.0691618069750216391
-2.36399999999999988	0.0697041345943142238
-2.3580000000000001	0.0702441154013341562
-2.35199999999999987	0.0707845232376396738
-2.34600000000000009	0.0713283250042458239
-2.33999999999999986	0.0718782669446902944
-2.33400000000000007	0.0724366011132700355
-2.32799999999999985	0.0730047204293478302
-2.32200000000000006	0.0735826392837127807
-2.31599999999999984	0.0741685844353396906
-2.31000000000000005	0.0747592424452902943
-2.30399999999999983	0.075351040264749522
-2.29800000000000004	0.0759419729940713356
-2.29199999999999982	0.0765326144110928253
-2.28600000000000003	0.0771252628254781164
-2.28000000000000025	0.0777217342011499446
-2.27400000000000002	0.0783215210363801123
-2.26799999999999979	0.0789216450987917095
-2.26200000000000001	0.0795181251160529817
-2.25600000000000023	0.0801079295996322827
-2.25	0.0806902412031795663
-2.24399999999999977	0.0812665568257249643
-2.23799999999999999	0.0818400236306515982
-2.23200000000000021	0.0824148795686893421
-2.22599999999999998	0.0829965062470715553
-2.21999999999999975	0.0835917421084253626
-2.21399999999999997	0.0842086269242736107
-2.20800000000000018	0.0848550927096189123
-2.20199999999999996	0.0855369796504220903
-2.19599999999999973	0.08625641039591804
-2.18999999999999995	0.0870114275460918268
-2.18400000000000016	0.0877970825162805169
-2.17799999999999994	0.0886073562825029498
-2.17199999999999971	0.0894366351233451817
-2.16599999999999993	0.0902795160019372323
-2.16000000000000014	0.0911290556937668361
-2.15399999999999991	0.0919753123256009386
-2.14800000000000013	0.0928061752482724212
-2.1419999999999999	0.0936105924336181339
-2.13600000000000012	0.0943823228729402108
-2.12999999999999989	0.0951220234912790452
-2.12400000000000011	0.0958365667105048197
-2.11799999999999988	0.0965360152436878088
-2.1120000000000001	0.097229946898019573
-2.10599999999999987	0.0979249345112043618
-2.10000000000000009	0.0986237461547747329
-2.09399999999999986	0.0993256357556523833
-2.08800000000000008	0.100027298140165255
-2.08199999999999985	0.100724705680817928
-2.07600000000000007	0.10141544196762739
-2.06999999999999984	0.102100327619480014
-2.06400000000000006	0.102783613056003559
-2.05799999999999983	0.103471766597132059
-2.05200000000000005	0.104171238393107449
-2.04599999999999982	0.104886160010409263
-2.04000000000000004	0.105617328202812902
-2.03399999999999981	0.106363128769085782
-2.02800000000000002	0.10712149737355095
-2.02200000000000024	0.107891245357321197
-2.01600000000000001	0.108672388776873907
-2.00999999999999979	0.109466365897155846
-2.004	0.110275892512982435
-1.998	0.111103006148646863
-1.99199999999999999	0.111945542056230071
-1.98599999999999999	0.112795170819922949
-1.97999999999999998	0.113639688861595367
-1.97399999999999998	0.114468430424074744
-1.96799999999999997	0.115277706200926908
-1.96199999999999997	0.11607375574031735
-1.95599999999999996	0.116870986484268247
-1.94999999999999996	0.117685203136903546
-1.94399999999999995	0.118525628749210118
-1.93799999999999994	0.119390685976757477
-1.93199999999999994	0.120269316483004499
-1.92599999999999993	0.121146184672789689
-1.91999999999999993	0.122007576649329388
-1.91399999999999992	0.122845022394798609
-1.90799999999999992	0.123655487538051057
-1.90199999999999991	0.124439190739428884
-1.89599999999999991	0.125197096658928808
-1.8899999999999999	0.125929654515024803
-1.8839999999999999	0.126637361756900435
-1.87799999999999989	0.127322775978149921
-1.87199999999999989	0.127992715689705105
-1.86599999999999988	0.12865864427415255
-1.85999999999999988	0.129333309999194845
-1.85399999999999987	0.130024587336455416
-1.84799999999999986	0.130731333512283554
-1.84200000000000008	0.131445322480625237
-1.83600000000000008	0.132157659638268032
-1.83000000000000007	0.132863507071440484
-1.82400000000000007	0.133561422383349865
-1.81800000000000006	0.134250843416570703
-1.81200000000000006	0.134933024172365967
-1.80600000000000005	0.1356148826829911
-1.80000000000000004	0.136310494262251808
-1.79400000000000004	0.137035976529133907
-1.78800000000000003	0.137799491130041613
-1.78200000000000003	0.138594952010679284
-1.77600000000000002	0.13940664329951763
-1.77000000000000002	0.14022151590486559
-1.76400000000000001	0.141039367120859432
-1.75800000000000001	0.141874550322681009
-1.752	0.142748747739737725
-1.746	0.14367663494234087
-1.73999999999999999	0.144649915695270387
-1.73399999999999999	0.14563301871104406
-1.72799999999999998	0.146580782732908088
-1.72199999999999998	0.147467363802413653
-1.71599999999999997	0.148301059885827591
-1.70999999999999996	0.149114120352141805
-1.70399999999999996	0.149940632862848283
-1.69799999999999995	0.150799250054747841
-1.69199999999999995	0.151687346716439991
-1.68599999999999994	0.152586630528746409
-1.67999999999999994	0.15347511472159045
-1.67399999999999993	0.154337931150190455
-1.66799999999999993	0.155172122384418881
-1.66199999999999992	0.155983468109745366
-1.65599999999999992	0.156778036218509914
-1.64999999999999991	0.157554356572722182
-1.64399999999999991	0.158300078964897256
-1.6379999999999999	0.158995491371004105
-1.6319999999999999	0.159625292135181007
-1.62599999999999989	0.160190435793005126
-1.61999999999999988	0.160706466112447627
-1.61399999999999988	0.161192521459633309
-1.60799999999999987	0.161669314514237439
-1.60199999999999987	0.162166409949318746
-1.59599999999999986	0.162721795887455334
-1.59000000000000008	0.16336586499220096
-1.58400000000000007	0.164099087759333379
-1.57800000000000007	0.164885070431524949
-1.57200000000000006	0.165670962165508834
-1.56600000000000006	0.166413084749186452
-1.56000000000000005	0.167081399489421134
-1.55400000000000005	0.167651963346624383
-1.54800000000000004	0.168112324583522044
-1.54200000000000004	0.168477409481851276
-1.53600000000000003	0.16878596439949492
-1.53000000000000003	0.169072225735522025
-1.52400000000000002	0.169346320274307571
-1.51800000000000002	0.169601502212336025
-1.51200000000000001	0.169829342591636234
-1.50600000000000001	0.170029649821307083
-1.5	0.170219811550563593
-1.49399999999999999	0.170433574533851329
-1.48799999999999999	0.170700750871106866
-1.48199999999999998	0.171027963825178403
-1.47599999999999998	0.17139248296613821
-1.46999999999999997	0.171745609721472764
-1.46399999999999997	0.172030881445270512
-1.45799999999999996	0.172209384950407773
-1.45199999999999996	0.172271798175091112
-1.44599999999999995	0.172236718441633713
-1.43999999999999995	0.172140107518709895
-1.43399999999999994	0.172015851216361731
-1.42799999999999994	0.171884967119189658
-1.42199999999999993	0.171764261263900347
-1.41599999999999993	0.171677045488810465
-1.40999999999999992	0.171652608989839778
-1.40399999999999991	0.171715843709218302
-1.39799999999999991	0.171875225224729894
-1.3919999999999999	0.17211318515628457
-1.3859999999999999	0.172385409638178333
-1.37999999999999989	0.172641660235835825
-1.37399999999999989	0.172857070949531649
-1.36799999999999988	0.173052526376090893
-1.36199999999999988	0.173270801450909728
-1.35599999999999987	0.173520387869569637
-1.34999999999999987	0.173765727968401978
-1.34399999999999986	0.173969042255469469
-1.33799999999999986	0.17412095688485521
-1.33200000000000007	0.174238721987667489
-1.32600000000000007	0.174355000388263764
-1.32000000000000006	0.174519959519338463
-1.31400000000000006	0.174783858742435905
-1.30800000000000005	0.175143402719588392
-1.30200000000000005	0.175528214760352269
-1.29600000000000004	0.175832092246086813
-1.29000000000000004	0.175951763044076642
-1.28400000000000003	0.175859347181144543
-1.27800000000000002	0.175647220868179021
-1.27200000000000002	0.17546781116273108
-1.26600000000000001	0.175424332425863666
-1.26000000000000001	0.175496543436501617
-1.254	0.175558581853291013
-1.248	0.175502365976115987
-1.24199999999999999	0.175348096145152538
-1.23599999999999999	0.175219574168502756
-1.22999999999999998	0.175224662416132881
-1.22399999999999998	0.175363103615821636
-1.21799999999999997	0.175552232065655928
-1.21199999999999997	0.175707155629670986
-1.20599999999999996	0.175755940597755622
-1.19999999999999996	0.175636180787561741
-1.19399999999999995	0.175348294113995828
-1.18799999999999994	0.174979606488131378
-1.18199999999999994	0.174675734417121947
-1.17599999999999993	0.174582784995032853
-1.16999999999999993	0.174732426487716974
-1.16399999999999992	0.174967110763935618
-1.15799999999999992	0.175060699685140098
-1.15199999999999991	0.174940327056819667
-1.14599999999999991	0.174736829278158118
-1.1399999999999999	0.174601325487008657
-1.1339999999999999	0.174557212647395432
-1.12799999999999989	0.174535011213836966
-1.12199999999999989	0.174450936462711786
-1.11599999999999988	0.174273119271567439
-1.10999999999999988	0.174079470912820916
-1.10399999999999987	0.174016881791442257
-1.09799999999999986	0.174151064388258447
-1.09199999999999986	0.174367769095558428
-1.08599999999999985	0.174514604190809858
-1.08000000000000007	0.174576131435465437
-1.07400000000000007	0.174579919656750904
-1.06800000000000006	0.174473673380507649
-1.06200000000000006	0.174168289582544433
-1.05600000000000005	0.173614260502931356
-1.05000000000000004	0.172805410019201494
-1.04400000000000004	0.171774776773900545
-1.03800000000000003	0.170662877828678478
-1.03200000000000003	0.169691177438832302
-1.02600000000000002	0.168977156775200477
-1.02000000000000002	0.168473324517345313
-1.01400000000000001	0.168102349517936456
-1.00800000000000001	0.167811285357269274
-1.002	0.167517847434277334
-0.995999999999999996	0.16716301752987836
-0.989999999999999769	0.166762067718447149
-0.983999999999999986	0.166389695576702357
-0.977999999999999758	0.166092671762958388
-0.971999999999999975	0.165821951429849512
-0.965999999999999748	0.165550736101177653
-0.959999999999999964	0.165313597835291731
-0.953999999999999737	0.165096714387262533
-0.947999999999999954	0.164799492244005114
-0.942000000000000171	0.164411329671434625
-0.935999999999999943	0.164007435044372096
-0.93000000000000016	0.16356738280767788
-0.923999999999999932	0.16301549139358204
-0.918000000000000149	0.162387546000377581
-0.911999999999999922	0.161788484272980093
-0.906000000000000139	0.161244606964825621
-0.899999999999999911	0.160719588870347346
-0.894000000000000128	0.160154226084843532
-0.887999999999999901	0.159585450952526658
-0.882000000000000117	0.159175571867390508
-0.87599999999999989	0.158992601832024655
-0.870000000000000107	0.158902195783891309
-0.863999999999999879	0.158683566026847744
-0.858000000000000096	0.158220084723282195
-0.851999999999999869	0.15747570006420783
-0.846000000000000085	0.156508692622325279
-0.839999999999999858	0.155544595010486342
-0.834000000000000075	0.154852533867245429
-0.827999999999999847	0.154483621080037409
-0.822000000000000064	0.154316698012085668
-0.815999999999999837	0.154371535197916382
-0.810000000000000053	0.154723382538824755
-0.803999999999999826	0.155078901658691842
-0.798000000000000043	0.155080082283674453
-0.791999999999999815	0.154787566557896161
-0.786000000000000032	0.154452110536917375
-0.779999999999999805	0.154273328585458475
-0.774000000000000021	0.154260779857330915
-0.767999999999999794	0.154363727029779657
-0.762000000000000011	0.154449357716178126
-0.755999999999999783	0.154387460372537172
-0.75	0.154386808556172955
-0.743999999999999773	0.154799797582235388
-0.737999999999999989	0.155276631358432671
-0.731999999999999762	0.155409777114560249
-0.725999999999999979	0.155188192955476478
-0.719999999999999751	0.154680342119292324
-0.713999999999999968	0.154035550883908051
-0.707999999999999741	0.153222938398004882
-0.701999999999999957	0.152227444634383619
-0.69599999999999973	0.151398081656737932
-0.689999999999999947	0.150924788132566184
-0.684000000000000163	0.150581872896699748
-0.677999999999999936	0.150273661255260871
-0.672000000000000153	0.149807278324976173
-0.665999999999999925	0.14898810322995093
-0.660000000000000142	0.148181197369376905
-0.653999999999999915	0.147494203621013287
-0.648000000000000131	0.146958424805184978
-0.641999999999999904	0.146836166089846537
-0.636000000000000121	0.147007135690594926
-0.629999999999999893	0.147321532735432831
-0.62400000000000011	0.147709091000414849
-0.617999999999999883	0.147927280572071523
-0.612000000000000099	0.147708826740167165
-0.605999999999999872	0.147389468241524629
-0.600000000000000089	0.147610551960938752
-0.593999999999999861	0.148020814589412353
-0.588000000000000078	0.148266319965658505
-0.581999999999999851	0.147802514254423617
-0.576000000000000068	0.146369507570857815
-0.56999999999999984	0.145344284936947926
-0.564000000000000057	0.145622466700871284
-0.557999999999999829	0.146133013352962943
-0.552000000000000046	0.146766640681250532
-0.545999999999999819	0.147931409785163476
-0.540000000000000036	0.149836099408877876
-0.533999999999999808	0.151315667576356921
-0.528000000000000025	0.151488572420914291
-0.521999999999999797	0.150954662286861524
-0.516000000000000014	0.149818427057801296
-0.509999999999999787	0.148355627264536383
-0.504000000000000004	0.14740051663172396
-0.497999999999999776	0.147982506955221277
-0.491999999999999993	0.148733075749679727
-0.485999999999999766	0.149311689083330618
-0.479999999999999982	0.149869377801939013
-0.473999999999999755	0.150356905132825347
-0.467999999999999972	0.150612921694466412
-0.461999999999999744	0.1494542937483542
-0.455999999999999961	0.14860838655882283
-0.449999999999999734	0.148874591032500753
-0.44399999999999995	0.149554487790546503
-0.438000000000000167	0.149985773436811021
-0.43199999999999994	0.150471210492681223
-0.426000000000000156	0.151183469399284315
-0.419999999999999929	0.152115350273357763
-0.414000000000000146	0.153412169934183079
-0.407999999999999918	0.154356963053206592
-0.402000000000000135	0.154522620139476208
-0.395999999999999908	0.156481384819291525
-0.390000000000000124	0.156936837890388814
-0.383999999999999897	0.155954258829418824
-0.378000000000000114	0.155670435698018056
-0.371999999999999886	0.155957800304000971
-0.366000000000000103	0.157247825079100317
-0.359999999999999876	0.156958870519845528
-0.354000000000000092	0.157602036280884594
-0.347999999999999865	0.160020006710258317
-0.342000000000000082	0.161712539317847459
-0.335999999999999854	0.16276563212339365
-0.330000000000000071	0.163673092473589438
-0.323999999999999844	0.162610031450776044
-0.31800000000000006	0.160530184124296343
-0.311999999999999833	0.161315562681939195
-0.30600000000000005	0.162923850863655212
-0.299999999999999822	0.161705383781169498
-0.294000000000000039	0.162250164577599831
-0.287999999999999812	0.164873658129721073
-0.282000000000000028	0.16767108577942505
-0.275999999999999801	0.166986865202740975
-0.270000000000000018	0.169539529115466353
-0.26399999999999979	0.17206759181051004
-0.258000000000000007	0.174245060588006373
-0.25199999999999978	0.182620016207658886
-0.245999999999999996	0.190412799541475941
-0.239999999999999769	0.190547219588027367
-0.233999999999999986	0.191282451367893097
-0.227999999999999758	0.19626136866867902
-0.221999999999999975	0.196184940238512545
-0.215999999999999748	0.196491815079431115
-0.209999999999999964	0.202438533707092611
-0.203999999999999737	0.202117401930138413
-0.197999999999999954	0.202809682680435227
-0.191999999999999726	0.212268705534780971
-0.185999999999999943	0.219390191938054618
-0.18000000000000016	0.226073307740953272
-0.173999999999999932	0.23665712579450407
-0.168000000000000149	0.23708947752230583
-0.161999999999999922	0.245638699278496464
-0.156000000000000139	0.250447201113530582
-0.149999999999999911	0.258443882109550993
-0.144000000000000128	0.272324658393953312
-0.137999999999999901	0.279833322929431416
-0.132000000000000117	0.291112223597032649
-0.12599999999999989	0.308187295790345483
-0.120000000000000107	0.323692890481746154
-0.113999999999999879	0.333563798397330746
-0.108000000000000096	0.355789189839506581
-0.101999999999999869	0.361800329644423491
-0.0960000000000000853	0.405451164823093124
-0.0899999999999998579	0.439497866802467718
-0.0840000000000000746	0.481586264908272721
-0.0779999999999998472	0.490959198220562498
-0.0720000000000000639	0.541998226912836834
-0.0659999999999998366	0.557561680083588973
-0.0600000000000000533	0.604552733062029168
-0.0539999999999998259	0.660644769360760109
-0.0480000000000000426	0.711741957944894033
-0.0419999999999998153	0.766327372981991606
-0.036000000000000032	0.819732753047361484
-0.0299999999999998046	0.901201488430738107
-0.0240000000000000213	0.951245902375938646
-0.0179999999999997939	0.997468462302546488
-0.0120000000000000107	1.03131598483726972
-0.00599999999999978328	1.05278602243719277
0	1.06103202833165899
0.00600000000000022737	1.05309907483093412
0.0120000000000000107	1.03191522914166667
0.018000000000000238	0.998312025437990136
0.0240000000000000213	0.952372802905683047
0.0300000000000002487	0.90204538923528288
0.036000000000000032	0.823673549900065027
0.0420000000000002593	0.776144956021260879
0.0480000000000000426	0.727665023393485488
0.05400000000000027	0.66301097393314945
0.0600000000000000533	0.60566755361803315
0.0660000000000002807	0.553812742451745832
0.0720000000000000639	0.54525779688604803
0.0779999999999998472	0.502447965493598048
0.0840000000000000746	0.477674428104141624
0.0899999999999998579	0.439802759652391684
0.0960000000000000853	0.404194354313924753
0.101999999999999869	0.36930133776281443
0.108000000000000096	0.351692526382225534
0.113999999999999879	0.345579370212853398
0.120000000000000107	0.319880682509840142
0.12599999999999989	0.301372502816471322
0.132000000000000117	0.293965702229955828
0.137999999999999901	0.278263524608243773
0.144000000000000128	0.275052415153864638
0.149999999999999911	0.262929959235343902
0.156000000000000139	0.26178104306580019
0.161999999999999922	0.24539960930064611
0.168000000000000149	0.24247038011078681
0.173999999999999932	0.230346221585406352
0.18000000000000016	0.222459260123542696
0.185999999999999943	0.217262753929888308
0.192000000000000171	0.209240445934791491
0.197999999999999954	0.209895337096045603
0.204000000000000181	0.204960458983016014
0.209999999999999964	0.202168202842512357
0.216000000000000192	0.195780374320560474
0.221999999999999975	0.19342735496475072
0.228000000000000203	0.195625919271837784
0.233999999999999986	0.191722425634930416
0.240000000000000213	0.187157500564253454
0.245999999999999996	0.181357348802701435
0.252000000000000224	0.181272925576276722
0.258000000000000007	0.180601878838103996
0.264000000000000234	0.175058732756983915
0.270000000000000018	0.172034636236138627
0.276000000000000245	0.174355304853018339
0.282000000000000028	0.171761769029970951
0.288000000000000256	0.166702490544864856
0.294000000000000039	0.15956324291115892
0.300000000000000266	0.160564538604476281
0.30600000000000005	0.163561487483172563
0.312000000000000277	0.162326929854096691
0.31800000000000006	0.163186380709986673
0.324000000000000288	0.162548436920160966
0.330000000000000071	0.160515908706477833
0.335999999999999854	0.160631732418502676
0.342000000000000082	0.1615937661787199
0.347999999999999865	0.159792698635988828
0.354000000000000092	0.158551445664244478
0.359999999999999876	0.158735760213308097
0.366000000000000103	0.156752149944829888
0.371999999999999886	0.154663980172940752
0.378000000000000114	0.156206219170312521
0.383999999999999897	0.157899634384885607
0.390000000000000124	0.157928354619770062
0.395999999999999908	0.157175494546211741
0.402000000000000135	0.157210101187217177
0.407999999999999918	0.157474530730067286
0.414000000000000146	0.155794323419856273
0.419999999999999929	0.153274733476742114
0.426000000000000156	0.151304309114944885
0.43199999999999994	0.149396823834677395
0.438000000000000167	0.147972066855846102
0.44399999999999995	0.147131064318927668
0.450000000000000178	0.146658657975379997
0.455999999999999961	0.14711457097718833
0.462000000000000188	0.147208960390004251
0.467999999999999972	0.146811832545068049
0.474000000000000199	0.147255001831205823
0.479999999999999982	0.148596913377431028
0.48600000000000021	0.149052638062676907
0.491999999999999993	0.148592938962621934
0.49800000000000022	0.14709478023841796
0.504000000000000004	0.146321034273263428
0.510000000000000231	0.146538275869385476
0.516000000000000014	0.146971628034950619
0.522000000000000242	0.147276770554335829
0.528000000000000025	0.147509491322703273
0.534000000000000252	0.147808096490170404
0.540000000000000036	0.148212436831440614
0.546000000000000263	0.148705923049699512
0.552000000000000046	0.149358035262223798
0.558000000000000274	0.15051071463465493
0.564000000000000057	0.151312193132686734
0.570000000000000284	0.151371972052538134
0.576000000000000068	0.151295087390234922
0.582000000000000295	0.150930525197075116
0.588000000000000078	0.150437949466897092
0.593999999999999861	0.150223896410850793
0.600000000000000089	0.149730126304272931
0.605999999999999872	0.149122648249563422
0.612000000000000099	0.149057576061747632
0.617999999999999883	0.148728971050225062
0.62400000000000011	0.14851160092415
0.629999999999999893	0.149237018791360226
0.636000000000000121	0.15023469131152789
0.641999999999999904	0.15098371913195463
0.648000000000000131	0.151618749832217597
0.653999999999999915	0.151723610310441293
0.660000000000000142	0.151513136800816961
0.665999999999999925	0.151788728471427159
0.672000000000000153	0.152338494840699279
0.677999999999999936	0.152627673235571859
0.684000000000000163	0.152683418123393422
0.689999999999999947	0.152718331796688561
0.696000000000000174	0.152693382580582682
0.701999999999999957	0.15226889064090951
0.708000000000000185	0.151393925213176461
0.713999999999999968	0.150551580048467942
0.720000000000000195	0.150143498516866619
0.725999999999999979	0.150218193761707003
0.732000000000000206	0.150734875357891457
0.737999999999999989	0.151704104834305131
0.744000000000000217	0.152909717366989606
0.75	0.154051035630676375
0.756000000000000227	0.154824020458714878
0.762000000000000011	0.155017712572832422
0.768000000000000238	0.155013943755577616
0.774000000000000021	0.155128165621373576
0.780000000000000249	0.155471058604678719
0.786000000000000032	0.156108850252925924
0.792000000000000259	0.156780280517266696
0.798000000000000043	0.157158508565685195
0.80400000000000027	0.157279271485230299
0.810000000000000053	0.157349261906634647
0.816000000000000281	0.157509441657795318
0.822000000000000064	0.15784665170597198
0.828000000000000291	0.158302738955462652
0.834000000000000075	0.158673484839669143
0.839999999999999858	0.158870419660375822
0.846000000000000085	0.158984714013547301
0.851999999999999869	0.159138547637678596
0.858000000000000096	0.159412654025537226
0.863999999999999879	0.159781689008458599
0.870000000000000107	0.160121142726232568
0.87599999999999989	0.16048564944922486
0.882000000000000117	0.160960117814275466
0.887999999999999901	0.161350838038826383
0.894000000000000128	0.161486732415187795
0.899999999999999911	0.16140362185726409
0.906000000000000139	0.161341730734701871
0.911999999999999922	0.161544158107617686
0.918000000000000149	0.162055651124639155
0.923999999999999932	0.162691112037530033
0.93000000000000016	0.163274641269371246
0.935999999999999943	0.163822083661293832
0.942000000000000171	0.164356008415025207
0.947999999999999954	0.16482372303672993
0.954000000000000181	0.165088127345216357
0.959999999999999964	0.165091694025102237
0.966000000000000192	0.165050816174804438
0.971999999999999975	0.165157905309494701
0.978000000000000203	0.165413866731132897
0.983999999999999986	0.165709188317468586
0.990000000000000213	0.165995692952828344
0.995999999999999996	0.166331604561666319
1.00199999999999978	0.166716656156078585
1.00800000000000001	0.167072184227757409
1.01400000000000023	0.167367668453577673
1.02000000000000046	0.167641597911247608
1.0259999999999998	0.167905671956386643
1.03200000000000003	0.168159408757014128
1.03800000000000026	0.168395968032832882
1.04400000000000048	0.168594761788427888
1.04999999999999982	0.16871888803591642
1.05600000000000005	0.168686148836988903
1.06200000000000028	0.168461555997358459
1.0680000000000005	0.168184467592028458
1.07399999999999984	0.168110057536160484
1.08000000000000007	0.168388345456240374
1.0860000000000003	0.168961590268201733
1.09200000000000053	0.169652975696574115
1.09799999999999986	0.170304000347972301
1.10400000000000009	0.170856013208794372
1.11000000000000032	0.171347547883186735
1.11599999999999966	0.171831803128332655
1.12199999999999989	0.1723387145352962
1.12800000000000011	0.172877433615208909
1.13400000000000034	0.173398579613716741
1.13999999999999968	0.173773193175764562
1.14599999999999991	0.173851435325030002
1.15200000000000014	0.17360108801169799
1.15800000000000036	0.173157981251296805
1.1639999999999997	0.172708395979818574
1.16999999999999993	0.172385536692243962
1.17600000000000016	0.17225548420759923
1.18200000000000038	0.172311544012968471
1.18799999999999972	0.17249204894523873
1.19399999999999995	0.172748796592102377
1.20000000000000018	0.173076110689795726
1.20600000000000041	0.173471514993827264
1.21199999999999974	0.17392239245149152
1.21799999999999997	0.174403735141168248
1.2240000000000002	0.174881259218214513
1.23000000000000043	0.175345179991489131
1.23599999999999977	0.175811591955666285
1.24199999999999999	0.176282011409340966
1.24800000000000022	0.1767128417870516
1.25400000000000045	0.177026570207941408
1.25999999999999979	0.177157401569839085
1.26600000000000001	0.177102695469291027
1.27200000000000024	0.176926695594530531
1.27800000000000047	0.176715243593669052
1.28399999999999981	0.176532310408365284
1.29000000000000004	0.176397044843775219
1.29600000000000026	0.176290194106586501
1.30200000000000049	0.17617489987629345
1.30799999999999983	0.176023145116977392
1.31400000000000006	0.175854059291263021
1.32000000000000028	0.175730272573175139
1.32600000000000051	0.1756809052827151
1.33199999999999985	0.175664011932295694
1.33800000000000008	0.175627515745294699
1.34400000000000031	0.175563605363694447
1.35000000000000053	0.175495144195952302
1.35599999999999987	0.175441559651437956
1.3620000000000001	0.175405568454959276
1.36800000000000033	0.175379759145695618
1.37399999999999967	0.175346855728939904
1.37999999999999989	0.175271793504901324
1.38600000000000012	0.175125114939938015
1.39200000000000035	0.174916644901811524
1.39799999999999969	0.174681236796995099
1.40399999999999991	0.174439899979156099
1.41000000000000014	0.174195039207543922
1.41600000000000037	0.173948161893545755
1.42199999999999971	0.173706094135725853
1.42799999999999994	0.173485318181773651
1.43400000000000016	0.173316224663740026
1.44000000000000039	0.173226596628845708
1.44599999999999973	0.173209003348510776
1.45199999999999996	0.173212904330560663
1.45800000000000018	0.173177897203954489
1.46400000000000041	0.173066067481793207
1.46999999999999975	0.172869528451412097
1.47599999999999998	0.172606823896430256
1.48200000000000021	0.172308372156796702
1.48800000000000043	0.171994353318687732
1.49399999999999977	0.171672028916633301
1.5	0.171354467724529197
1.50600000000000023	0.171064015946694348
1.51200000000000045	0.17080602365553571
1.51799999999999979	0.170549867515768477
1.52400000000000002	0.170244701849907615
1.53000000000000025	0.169848855517701403
1.53600000000000048	0.169348707911274876
1.54199999999999982	0.16875872746893919
1.54800000000000004	0.168109962023474557
1.55400000000000027	0.167442161908288312
1.5600000000000005	0.166796585491963911
1.56599999999999984	0.166200502428357627
1.57200000000000006	0.16565159359449308
1.57800000000000029	0.165118657230559823
1.58400000000000052	0.164562835767027599
1.58999999999999986	0.163963069437016273
1.59600000000000009	0.16332300426023269
1.60200000000000031	0.162658019678595639
1.60800000000000054	0.161981316363804334
1.61399999999999988	0.16129818293017878
1.62000000000000011	0.160602382294746576
1.62600000000000033	0.159872511068647
1.63199999999999967	0.159078722067464345
1.6379999999999999	0.158202839434991638
1.64400000000000013	0.157252823646376438
1.65000000000000036	0.156257610293108584
1.65599999999999969	0.155252879323983156
1.66199999999999992	0.154272206212319685
1.66800000000000015	0.153341524425103293
1.67400000000000038	0.152470881631665167
1.67999999999999972	0.151650020620636955
1.68599999999999994	0.15085525588372381
1.69200000000000017	0.15006285111609749
1.6980000000000004	0.149258770505800581
1.70399999999999974	0.148440168736682032
1.70999999999999996	0.147612347608149147
1.71600000000000019	0.146786813591545051
1.72200000000000042	0.14597859785971104
1.72799999999999976	0.145198869083164733
1.73399999999999999	0.1444493008263453
1.74000000000000021	0.143725566783781566
1.74600000000000044	0.14302315453681122
1.75199999999999978	0.142336073769971511
1.75800000000000001	0.141652713256640472
1.76400000000000023	0.140957828412872938
1.77000000000000046	0.14023943993956306
1.7759999999999998	0.139494461897323258
1.78200000000000003	0.138730175099666231
1.78800000000000026	0.137959968681491935
1.79400000000000048	0.137195075104243364
1.79999999999999982	0.136439235228920347
1.80600000000000005	0.135690968714788557
1.81200000000000028	0.134950111910370485
1.8180000000000005	0.134220666408996686
1.82399999999999984	0.133505649688207245
1.83000000000000007	0.132798267248273899
1.8360000000000003	0.132079440180459667
1.84200000000000053	0.131326532548686897
1.84799999999999986	0.13052547140874815
1.85400000000000009	0.129675957754410737
1.86000000000000032	0.12878912199044612
1.86599999999999966	0.127882588280479381
1.87199999999999989	0.126976225819830035
1.87800000000000011	0.126088845602798177
1.88400000000000034	0.125234126966025844
1.88999999999999968	0.124416041392373916
1.89599999999999991	0.123627707282169708
1.90200000000000014	0.122855438867012515
1.90800000000000036	0.122084378926922921
1.9139999999999997	0.121302102723523111
1.91999999999999993	0.120500091567186621
1.92600000000000016	0.119673923444511762
1.93200000000000038	0.118822474062309308
1.93799999999999972	0.117947053698382584
1.94399999999999995	0.117051229516649216
1.95000000000000018	0.116140865455765019
1.95600000000000041	0.115224347539777283
1.96199999999999974	0.114313246478023031
1.96799999999999997	0.113422194262198447
1.9740000000000002	0.112566394680394324
1.98000000000000043	0.111757411305864571
1.98599999999999977	0.110999775259228481
1.99199999999999999	0.110289894957564222
1.99800000000000022	0.109616784888310836
2.00400000000000045	0.108964130441723345
2.00999999999999979	0.108313975545723237
2.01600000000000001	0.107651332800127383
2.02200000000000024	0.106967548485665753
2.02800000000000047	0.106260922194003141
2.03399999999999981	0.105535090550451377
2.04000000000000004	0.104796757871251769
2.04600000000000026	0.104054019794752206
2.05200000000000049	0.103315523459269393
2.05799999999999983	0.102589718486325115
2.06400000000000006	0.101883501947400104
2.07000000000000028	0.101200794878576056
2.07600000000000051	0.100542136807518723
2.08199999999999985	0.0999054230049743613
2.08800000000000008	0.0992870151841838688
2.09400000000000031	0.0986823999371909816
2.10000000000000053	0.0980860242770714291
2.10599999999999987	0.0974910293993182242
2.1120000000000001	0.0968902463020983595
2.11800000000000033	0.0962785061177166973
2.12399999999999967	0.0956543165832400427
2.12999999999999989	0.0950191060262833148
2.13600000000000012	0.0943748432897847933
2.14200000000000035	0.0937225942201272283
2.14799999999999969	0.0930631423541705416
2.15399999999999991	0.0923984213188931564
2.16000000000000014	0.0917321039979228231
2.16600000000000037	0.0910688590647550089
2.17199999999999971	0.0904128045091394938
2.17799999999999994	0.0897661011025316924
2.18400000000000016	0.0891286188908097798
2.19000000000000039	0.088498996406122174
2.19599999999999973	0.0878763196814450337
2.20199999999999996	0.0872610186894062501
2.20800000000000018	0.0866541675056007737
2.21400000000000041	0.0860557414204630583
2.21999999999999975	0.0854631289131211613
2.22599999999999998	0.0848707499114875752
2.23200000000000021	0.0842710555373054337
2.23800000000000043	0.0836569873493707289
2.24399999999999977	0.0830252614459602856
2.25	0.0823787347827625444
2.25600000000000023	0.0817261496533914084
2.26200000000000045	0.081079120198975424
2.26799999999999979	0.0804479396893502535
2.27400000000000002	0.0798382466614099007
2.28000000000000025	0.0792496715563716647
2.28600000000000048	0.0786764630666596798
2.29199999999999982	0.0781096759039612981
2.29800000000000004	0.0775403077521780032
2.30400000000000027	0.0769622923653841828
2.3100000000000005	0.0763740515619446697
2.31599999999999984	0.0757779314108034674
2.32200000000000006	0.0751779538521820528
2.32800000000000029	0.0745771582627523244
2.33400000000000052	0.0739758828521264455
2.33999999999999986	0.0733716750077631208
2.34600000000000009	0.0727606286065999169
2.35200000000000031	0.0721393009448799971
2.35800000000000054	0.0715061681517853986
2.36399999999999988	0.0708619703166121634
2.37000000000000011	0.0702091439105188703
2.37600000000000033	0.0695511210067262381
2.38199999999999967	0.0688919889641468469
2.3879999999999999	0.0682363230575873392
2.39400000000000013	0.0675888455689662992
2.40000000000000036	0.0669539595517641001
2.40599999999999969	0.0663354644529677295
2.41199999999999992	0.0657365716025621188
2.41800000000000015	0.065160024349079651
2.42400000000000038	0.0646080623765148271
2.42999999999999972	0.0640821381796064099
2.43599999999999994	0.0635824728582200516
2.44200000000000017	0.0631076532495751241
2.4480000000000004	0.0626545250267439569
2.45399999999999974	0.0622185200526747181
2.45999999999999996	0.0617942772564939943
2.46600000000000019	0.0613762471605772061
2.47200000000000042	0.060959105126589995
2.47799999999999976	0.0605380678335505143
2.48399999999999999	0.0601093135944273244
2.49000000000000021	0.0596705612218372261
2.49600000000000044	0.0592216060235941366
2.50199999999999978	0.0587644676733085
2.50800000000000001	0.0583028991889581669
2.51400000000000023	0.0578412905102663119
2.52000000000000046	0.057383356152417464
2.5259999999999998	0.0569312244292146941
2.53200000000000003	0.0564853712826780471
2.53800000000000026	0.0560452920209478997
2.54400000000000048	0.0556103529809728048
2.54999999999999982	0.0551803139624144831
2.55600000000000005	0.0547554281039441537
2.56200000000000028	0.0543363495141273301
2.5680000000000005	0.0539240652482792168
2.57399999999999984	0.0535198676891669722
2.58000000000000007	0.0531252446218478599
2.5860000000000003	0.052741579793484851
2.59200000000000053	0.0523696953194068976
2.59799999999999986	0.0520094231973046578
2.60400000000000009	0.0516594182788369452
2.61000000000000032	0.0513172868408671018
2.61600000000000055	0.0509799530203072018
2.62199999999999989	0.0506441520877791221
2.62800000000000011	0.0503069753823820048
2.63400000000000034	0.0499663829124192826
2.63999999999999968	0.0496215440923100937
2.64599999999999991	0.0492728555577190558
2.65200000000000014	0.0489215781642491979
2.65800000000000036	0.0485692109387768148
2.6639999999999997	0.0482168837132104511
2.66999999999999993	0.0478650682029032326
2.67600000000000016	0.0475137124767044672
2.68200000000000038	0.0471626254097174402
2.68799999999999972	0.0468118221754912842
2.69399999999999995	0.0464616739223176339
2.70000000000000018	0.0461129056813156732
2.70600000000000041	0.0457665473298203215
2.71199999999999974	0.045423860155075671
2.71799999999999997	0.0450861875662232278
2.7240000000000002	0.0447547095799121497
2.73000000000000043	0.0444301696098614307
2.73599999999999977	0.0441126850582783392
2.74199999999999999	0.0438017062362831139
2.74800000000000022	0.043496096614349479
2.75400000000000045	0.0431942541669854269
2.75999999999999979	0.0428942199228096524
2.76600000000000001	0.0425937890076893769
2.77200000000000024	0.0422906815605635089
2.77800000000000047	0.0419828129354116938
2.78399999999999981	0.0416686432571295381
2.79000000000000004	0.0413475233628462779
2.79600000000000026	0.0410199214238433779
2.80200000000000049	0.0406874355318810194
2.80799999999999983	0.0403525680354504257
2.81400000000000006	0.0400183210714277829
2.82000000000000028	0.0396877304878537202
2.82600000000000051	0.0393634655956472887
2.83199999999999985	0.0390475791381691487
2.83800000000000008	0.0387414165446152356
2.84400000000000031	0.0384456347100082182
2.85000000000000053	0.0381602726786811688
2.85599999999999987	0.0378848454928447931
2.8620000000000001	0.0376184596132050492
2.86800000000000033	0.0373599530895317999
2.87400000000000055	0.0371080492592054806
2.87999999999999989	0.036861493113235784
2.88600000000000012	0.036619134400153984
2.89200000000000035	0.0363799443068773334
2.89799999999999969	0.0361429900441060381
2.90399999999999991	0.0359074116438421048
2.91000000000000014	0.0356724304391820846
2.91600000000000037	0.035437384754325861
2.92199999999999971	0.0352017663574823725
2.92799999999999994	0.0349652375513923169
2.93400000000000016	0.0347276326036549329
2.94000000000000039	0.0344889635749206572
2.94599999999999973	0.0342494445393447047
2.95199999999999996	0.0340095285309147954
2.95800000000000018	0.0337699395027288574
2.96400000000000041	0.0335316839636578407
2.96999999999999975	0.0332960278868365753
2.97599999999999998	0.0330644127971096435
2.98200000000000021	0.0328382812351519782
2.98800000000000043	0.0326188168885853877
2.99399999999999977	0.0324066692120959371
3	0.0322017721319568864
