-3	0.03270930028883514
-2.99400000000000022	0.0329197292987195231
-2.98799999999999999	0.0331316875039602138
-2.98200000000000021	0.0333457811687971895
-2.97599999999999998	0.0335625949508213395
-2.9700000000000002	0.0337825897346758219
-2.96399999999999997	0.0340059954895987268
-2.95800000000000018	0.0342327310665192786
-2.95199999999999996	0.0344623710359377028
-2.94600000000000017	0.0346941723143166514
-2.93999999999999995	0.0349271732693337209
-2.93400000000000016	0.0351603709106506415
-2.92799999999999994	0.0353929539465161272
-2.92200000000000015	0.0356245303685524262
-2.91599999999999993	0.0358552693625885724
-2.91000000000000014	0.0360859027523899728
-2.90399999999999991	0.0363175899560557597
-2.89800000000000013	0.0365517041713178809
-2.8919999999999999	0.0367896149221203922
-2.88600000000000012	0.0370325220947325048
-2.87999999999999989	0.037281360385484498
-2.87400000000000011	0.0375367632873802176
-2.86799999999999988	0.0377990638149960784
-2.8620000000000001	0.0380683133353769479
-2.85599999999999987	0.0383443102715802092
-2.85000000000000009	0.0386266389770907603
-2.84399999999999986	0.0389147231430141266
-2.83800000000000008	0.0392078943681912415
-2.83199999999999985	0.0395054631613376561
-2.82600000000000007	0.0398067693411044837
-2.81999999999999984	0.0401112000986053457
-2.81400000000000006	0.0404181908583548799
-2.80799999999999983	0.0407272360877519654
-2.80200000000000005	0.0410379208392172498
-2.79599999999999982	0.0413499623321820359
-2.79000000000000004	0.0416632491031239671
-2.78399999999999981	0.0419778734982259802
-2.77800000000000002	0.0422941471588809056
-2.7719999999999998	0.0426125721988087208
-2.76600000000000001	0.0429337419589899405
-2.75999999999999979	0.0432581779965226579
-2.754	0.0435861555757930327
-2.74800000000000022	0.0439175979070969558
-2.74199999999999999	0.0442521072195894011
-2.73599999999999977	0.0445891430268622463
-2.72999999999999998	0.0449282774146501779
-2.7240000000000002	0.045269403314402934
-2.71799999999999997	0.045612787956329795
-2.71199999999999974	0.0459589484762234768
-2.70599999999999996	0.0463084290913317737
-2.70000000000000018	0.0466616118216590312
-2.69399999999999995	0.0470186572448904119
-2.68800000000000017	0.0473795758514304124
-2.68199999999999994	0.0477443558254663225
-2.67600000000000016	0.0481130760536254282
-2.66999999999999993	0.0484859809032455805
-2.66400000000000015	0.0488635168224630587
-2.65799999999999992	0.0492463263800620651
-2.65200000000000014	0.0496352067213327378
-2.64599999999999991	0.0500310601935523014
-2.64000000000000012	0.0504348502529002665
-2.6339999999999999	0.0508475364476893565
-2.62800000000000011	0.0512699522490352166
-2.62199999999999989	0.0517026150027063217
-2.6160000000000001	0.0521454867489811874
-2.60999999999999988	0.0525977428298773086
-2.60400000000000009	0.0530576634429668348
-2.59799999999999986	0.0535227856776768554
-2.59200000000000008	0.0539903677363993972
-2.58599999999999985	0.0544580409054395767
-2.58000000000000007	0.0549243719890396068
-2.57399999999999984	0.0553890607494904458
-2.56800000000000006	0.0558526955639148948
-2.56199999999999983	0.0563162563172781225
-2.55600000000000005	0.0567806658184475677
-2.54999999999999982	0.0572465634198721721
-2.54400000000000004	0.0577142575794920842
-2.53799999999999981	0.0581837294624018564
-2.53200000000000003	0.0586546531712755156
-2.5259999999999998	0.0591264973788600059
-2.52000000000000002	0.0595987169912475662
-2.51400000000000023	0.0600709094886184153
-2.50800000000000001	0.0605428061843829787
-2.50199999999999978	0.0610141301384675358
-2.496	0.0614845002520881465
-2.49000000000000021	0.0619535352817712423
-2.48399999999999999	0.0624211433189422876
-2.47799999999999976	0.0628878434479371723
-2.47199999999999998	0.0633549690579129771
-2.46600000000000019	0.0638246664406765946
-2.45999999999999996	0.0642996131129046494
-2.45399999999999974	0.0647824168038934473
-2.44799999999999995	0.0652748452041208571
-2.44200000000000017	0.0657772443748134567
-2.43599999999999994	0.0662884622029785292
-2.42999999999999972	0.0668063020828063014
-2.42399999999999993	0.0673282759679677545
-2.41800000000000015	0.0678523984313292305
-2.41199999999999992	0.0683778545373020935
-2.40600000000000014	0.0689054061842658133
-2.39999999999999991	0.0694373983341099316
-2.39400000000000013	0.069977291154009566
-2.3879999999999999	0.0705287833499016747
-2.38200000000000012	0.0710947532806880805
-2.37599999999999989	0.071676335836696789
-2.37000000000000011	0.0722724158309543119
-2.36399999999999988	0.0728797140055939541
-2.3580000000000001	0.0734935105644494435
-2.35199999999999987	0.0741088467566369674
-2.34600000000000009	0.0747218104503289959
-2.33999999999999986	0.0753304119369657965
-2.33400000000000007	0.0759347060808585467
-2.32799999999999985	0.0765361983137023139
-2.32200000000000006	0.0771370187649224881
-2.31599999999999984	0.0777394992914684085
-2.31000000000000005	0.0783463657835668792
-2.30399999999999983	0.0789611103099242539
-2.29800000000000004	0.0795879757009885364
-2.29199999999999982	0.0802314625495345324
-2.28600000000000003	0.0808956167739738469
-2.28000000000000025	0.0815832483394538788
-2.27400000000000002	0.0822952007228361232
-2.26799999999999979	0.0830300116464131599
-2.26200000000000001	0.0837842656103198191
-2.25600000000000023	0.0845534985552224422
-2.25	0.0853331706799453638
-2.24399999999999977	0.086119353365093923
-2.23799999999999999	0.0869091545354473693
-2.23200000000000021	0.0877009643183076504
-2.22599999999999998	0.0884942558638941862
-2.21999999999999975	0.0892886501671262128
-2.21399999999999997	0.0900826982813675153
-2.20800000000000018	0.0908735348260770043
-2.20199999999999996	0.0916581261249553719
-2.19599999999999973	0.0924354979060371812
-2.18999999999999995	0.0932083387979484174
-2.18400000000000016	0.0939826350991002091
-2.17799999999999994	0.0947653196418979521
-2.17199999999999971	0.0955612118732659527
-2.16599999999999993	0.0963708185064552358
-2.16000000000000014	0.0971899789877322395
-2.15399999999999991	0.0980114994323778299
-2.14800000000000013	0.0988280759546793647
-2.1419999999999999	0.0996352402512415553
-2.13600000000000012	0.100433179110840085
-2.12999999999999989	0.101226870939495686
-2.12400000000000011	0.102024520900738089
-2.11799999999999988	0.102834723951575793
-2.1120000000000001	0.103663359062694971
-2.10599999999999987	0.104511743009558802
-2.10000000000000009	0.105377069759250944
-2.09399999999999986	0.106254410174862687
-2.08800000000000008	0.107138417796070293
-2.08199999999999985	0.108023714987386041
-2.07600000000000007	0.108904710494349743
-2.06999999999999984	0.109776555467055115
-2.06400000000000006	0.11063797036545521
-2.05799999999999983	0.111494255695020861
-2.05200000000000005	0.1123573728502998
-2.04599999999999982	0.113241726208842708
-2.04000000000000004	0.114157903280520195
-2.03399999999999981	0.11510839915878357
-2.02800000000000002	0.116087687194109446
-2.02200000000000024	0.117085824258479979
-2.01600000000000001	0.118092632277816523
-2.00999999999999979	0.119099693410614577
-2.004	0.120099970701941033
-1.998	0.121087343120244023
-1.99199999999999999	0.122057787291660502
-1.98599999999999999	0.12301123613696148
-1.97999999999999998	0.123951578192587022
-1.97399999999999998	0.124883843173018233
-1.96799999999999997	0.125811177415829256
-1.96199999999999997	0.126735155723439019
-1.95599999999999996	0.127658998576752086
-1.94999999999999996	0.128589375411090473
-1.94399999999999995	0.129534083282747681
-1.93799999999999994	0.130497641231948847
-1.93199999999999994	0.131478877041882186
-1.92599999999999993	0.132472300636471446
-1.91999999999999993	0.13347159779735962
-1.91399999999999992	0.134472579784554208
-1.90799999999999992	0.135474650918867484
-1.90199999999999991	0.136481443710793987
-1.89599999999999991	0.137500166847645433
-1.8899999999999999	0.138538039514927908
-1.8839999999999999	0.139597173260500973
-1.87799999999999989	0.140672618885633288
-1.87199999999999989	0.141755780315052426
-1.86599999999999988	0.14283941671727568
-1.85999999999999988	0.143918801007390157
-1.85399999999999987	0.144988818191062241
-1.84799999999999986	0.14604290232505035
-1.84200000000000008	0.147078175020900065
-1.83600000000000008	0.148101964649984097
-1.83000000000000007	0.149130574068419924
-1.82400000000000007	0.1501794389463037
-1.81800000000000006	0.151254285079265444
-1.81200000000000006	0.152350431705956607
-1.80600000000000005	0.153455751395591117
-1.80000000000000004	0.154551037439425054
-1.79400000000000004	0.155610428739409279
-1.78800000000000003	0.15660733861098064
-1.78200000000000003	0.157525240063423083
-1.77600000000000002	0.158367398553927674
-1.77000000000000002	0.159159878974566044
-1.76400000000000001	0.15994543292269725
-1.75800000000000001	0.160768579890596841
-1.752	0.161657318061492666
-1.746	0.162612284400971419
-1.73999999999999999	0.163610185698516125
-1.73399999999999999	0.164617614141800345
-1.72799999999999998	0.165603957531228835
-1.72199999999999998	0.166546362795667063
-1.71599999999999997	0.167430892019821115
-1.70999999999999996	0.16825436953738282
-1.70399999999999996	0.169024157090171462
-1.69799999999999995	0.169754442627757851
-1.69199999999999995	0.170461819918750535
-1.68599999999999994	0.171161865069597074
-1.67999999999999994	0.171867708576499162
-1.67399999999999993	0.172590257148971027
-1.66799999999999993	0.173338342432566905
-1.66199999999999992	0.174118258166083867
-1.65599999999999992	0.174932168773361957
-1.64999999999999991	0.175778164245640633
-1.64399999999999991	0.176655686011507634
-1.6379999999999999	0.177570719532280263
-1.6319999999999999	0.178530521419676957
-1.62599999999999989	0.179529884934072487
-1.61999999999999988	0.180544893056790778
-1.61399999999999988	0.181541319306191135
-1.60799999999999987	0.18248727879263052
-1.60199999999999987	0.183360414003594568
-1.59599999999999986	0.184148474652986893
-1.59000000000000008	0.184843854376221139
-1.58400000000000007	0.185438834429413085
-1.57800000000000007	0.185933351745303205
-1.57200000000000006	0.186349295095601913
-1.56600000000000006	0.186731096322225981
-1.56000000000000005	0.187131481688466939
-1.55400000000000005	0.187598282523579823
-1.54800000000000004	0.18816258992394877
-1.54200000000000004	0.188821527137548684
-1.53600000000000003	0.189529594273695895
-1.53000000000000003	0.190216728018581221
-1.52400000000000002	0.190824399400386646
-1.51800000000000002	0.191332285459647394
-1.51200000000000001	0.191758690304009161
-1.50600000000000001	0.192140405608423964
-1.5	0.192508521611046785
-1.49399999999999999	0.192872626482598231
-1.48799999999999999	0.193223209167317639
-1.48199999999999998	0.193555716759257729
-1.47599999999999998	0.193894376507656341
-1.46999999999999997	0.194283170419234291
-1.46399999999999997	0.194746100423645679
-1.45799999999999996	0.195251175285474171
-1.45199999999999996	0.195716842464856294
-1.44599999999999995	0.196062527292074573
-1.43999999999999995	0.196251778860923931
-1.43399999999999994	0.196292006996551915
-1.42799999999999994	0.196220320615442201
-1.42199999999999993	0.196103524718541561
-1.41599999999999993	0.196023558948289545
-1.40999999999999992	0.196032867627375013
-1.40399999999999991	0.196118940550232462
-1.39799999999999991	0.1962228033495588
-1.3919999999999999	0.196292233398516369
-1.3859999999999999	0.19630774905198578
-1.37999999999999989	0.196271137833550546
-1.37399999999999989	0.196195416038156212
-1.36799999999999988	0.19610295498180863
-1.36199999999999988	0.196009228407159869
-1.35599999999999987	0.195902748103608082
-1.34999999999999987	0.195743400926393613
-1.34399999999999986	0.195492165561127612
-1.33799999999999986	0.195152651670780081
-1.33200000000000007	0.194780470316744614
-1.32600000000000007	0.194457889840256415
-1.32000000000000006	0.194254470303630633
-1.31400000000000006	0.194189554840992928
-1.30800000000000005	0.194213558404416176
-1.30200000000000005	0.194225502983967097
-1.29600000000000004	0.19412887899564954
-1.29000000000000004	0.193884625035761426
-1.28400000000000003	0.193518767111222179
-1.27800000000000002	0.193088376777604459
-1.27200000000000002	0.192665132134876405
-1.26600000000000001	0.192342350875303714
-1.26000000000000001	0.192193158318172602
-1.254	0.192206525894030755
-1.248	0.192308225548459305
-1.24199999999999999	0.192433426544880298
-1.23599999999999999	0.192550428074886537
-1.22999999999999998	0.192638915973421393
-1.22399999999999998	0.192663278857413273
-1.21799999999999997	0.192570779816736481
-1.21199999999999997	0.192320969683819204
-1.20599999999999996	0.191931186181764413
-1.19999999999999996	0.191468893846304028
-1.19399999999999995	0.191007625585195018
-1.18799999999999994	0.190606668710276567
-1.18199999999999994	0.190265975458354025
-1.17599999999999993	0.189916218184710384
-1.16999999999999993	0.189498199454504884
-1.16399999999999992	0.189002669861366324
-1.15799999999999992	0.18844381076592806
-1.15199999999999991	0.187852886170805838
-1.14599999999999991	0.187275600780265478
-1.1399999999999999	0.186747081305933232
-1.1339999999999999	0.18624662029463393
-1.12799999999999989	0.185682345405771138
-1.12199999999999989	0.184983269680331547
-1.11599999999999988	0.184202584121184954
-1.10999999999999988	0.183469538447929847
-1.10399999999999987	0.182834410953772869
-1.09799999999999986	0.182235544235779562
-1.09199999999999986	0.181643501579913075
-1.08599999999999985	0.1811207600079347
-1.08000000000000007	0.180702800260973989
-1.07400000000000007	0.180344614602934494
-1.06800000000000006	0.179988762954656545
-1.06200000000000006	0.179575142047705083
-1.05600000000000005	0.179053288061240462
-1.05000000000000004	0.178424422827926338
-1.04400000000000004	0.177788260620656974
-1.03800000000000003	0.177349959873841528
-1.03200000000000003	0.177249422254001282
-1.02600000000000002	0.177332038570946371
-1.02000000000000002	0.17724501690843128
-1.01400000000000001	0.176812625333247986
-1.00800000000000001	0.176123211268468305
-1.002	0.175317783506894531
-0.995999999999999996	0.174466141739593739
-0.989999999999999769	0.173604259177073811
-0.983999999999999986	0.172755308021492027
-0.977999999999999758	0.171913752714402512
-0.971999999999999975	0.171068602370922335
-0.965999999999999748	0.170253467294464528
-0.959999999999999964	0.169490088017789697
-0.953999999999999737	0.168707230310955636
-0.947999999999999954	0.167853164196780175
-0.942000000000000171	0.166956651400911177
-0.935999999999999943	0.166078320815496422
-0.93000000000000016	0.165322265170551153
-0.923999999999999932	0.164796855138519521
-0.918000000000000149	0.164448462144884705
-0.911999999999999922	0.164084291932974941
-0.906000000000000139	0.163589763448647757
-0.899999999999999911	0.163039404899586765
-0.894000000000000128	0.162613436622570134
-0.887999999999999901	0.162315943400191925
-0.882000000000000117	0.161984262218393127
-0.87599999999999989	0.161560174796995776
-0.870000000000000107	0.161045577617115354
-0.863999999999999879	0.160499426660316108
-0.858000000000000096	0.160004855364561355
-0.851999999999999869	0.159551636337118941
-0.846000000000000085	0.159162423154164012
-0.839999999999999858	0.158895890486894176
-0.834000000000000075	0.158695856427645804
-0.827999999999999847	0.15851026882972602
-0.822000000000000064	0.158502733222681047
-0.815999999999999837	0.158658408143433016
-0.810000000000000053	0.158573460448244608
-0.803999999999999826	0.158068324126853371
-0.798000000000000043	0.157313900509452487
-0.791999999999999815	0.156416299810346049
-0.786000000000000032	0.15552475623282902
-0.779999999999999805	0.154776464846934081
-0.774000000000000021	0.154052087800892329
-0.767999999999999794	0.153269071007989921
-0.762000000000000011	0.152569239110922572
-0.755999999999999783	0.152212262570884882
-0.75	0.152114661276980756
-0.743999999999999773	0.152011388276552445
-0.737999999999999989	0.151782478654578307
-0.731999999999999762	0.151454940343859618
-0.725999999999999979	0.151067485784149691
-0.719999999999999751	0.150547606483223351
-0.713999999999999968	0.14980611218863446
-0.707999999999999741	0.149142846749112601
-0.701999999999999957	0.1487892892432022
-0.69599999999999973	0.148667178130882455
-0.689999999999999947	0.148611021319809161
-0.684000000000000163	0.148200012190210645
-0.677999999999999936	0.147374210921439402
-0.672000000000000153	0.146227943392983922
-0.665999999999999925	0.144813732884084168
-0.660000000000000142	0.143826367279263123
-0.653999999999999915	0.143824779749767512
-0.648000000000000131	0.144332111839234611
-0.641999999999999904	0.144599756668545271
-0.636000000000000121	0.14468721430239842
-0.629999999999999893	0.144686633625714323
-0.62400000000000011	0.144548506067142951
-0.617999999999999883	0.144419649211980028
-0.612000000000000099	0.144340567594207547
-0.605999999999999872	0.14422329006068782
-0.600000000000000089	0.143671415630965082
-0.593999999999999861	0.142877930697793532
-0.588000000000000078	0.142294281256512001
-0.581999999999999851	0.141673173306806482
-0.576000000000000068	0.140978373486076031
-0.56999999999999984	0.140272084855295492
-0.564000000000000057	0.139745809739472399
-0.557999999999999829	0.139910824988777438
-0.552000000000000046	0.140434335872512944
-0.545999999999999819	0.140743623519817534
-0.540000000000000036	0.140202811283290346
-0.533999999999999808	0.139239881472085658
-0.528000000000000025	0.138216596644693879
-0.521999999999999797	0.13751515401224651
-0.516000000000000014	0.137556213138312927
-0.509999999999999787	0.137675128487426274
-0.504000000000000004	0.137897138242031925
-0.497999999999999776	0.137844743502673062
-0.491999999999999993	0.137452973852027011
-0.485999999999999766	0.137496458319366188
-0.479999999999999982	0.13782561578156427
-0.473999999999999755	0.137738508631976286
-0.467999999999999972	0.138179283348473431
-0.461999999999999744	0.138710845244795905
-0.455999999999999961	0.138381380930166414
-0.449999999999999734	0.137702577197579806
-0.44399999999999995	0.136367798550295877
-0.438000000000000167	0.135901337909325071
-0.43199999999999994	0.136765407184362781
-0.426000000000000156	0.138428154129968561
-0.419999999999999929	0.140053642355449093
-0.414000000000000146	0.140691554517651862
-0.407999999999999918	0.140192560453918647
-0.402000000000000135	0.139589012484245489
-0.395999999999999908	0.139519672142148249
-0.390000000000000124	0.140640909006467613
-0.383999999999999897	0.140810924319915626
-0.378000000000000114	0.139514433371883434
-0.371999999999999886	0.139990140927530288
-0.366000000000000103	0.141013586032608634
-0.359999999999999876	0.141016425392693795
-0.354000000000000092	0.143069210938376878
-0.347999999999999865	0.143206322398649138
-0.342000000000000082	0.142190002314151132
-0.335999999999999854	0.141640497602557591
-0.330000000000000071	0.144384607767440359
-0.323999999999999844	0.146607158280320338
-0.31800000000000006	0.146038799168199007
-0.311999999999999833	0.146172319945598456
-0.30600000000000005	0.147518709663958247
-0.299999999999999822	0.14976667772294644
-0.294000000000000039	0.151992263816047773
-0.287999999999999812	0.150888912517554014
-0.282000000000000028	0.1517834963946805
-0.275999999999999801	0.153251343338898893
-0.270000000000000018	0.15061575792518711
-0.26399999999999979	0.15437115674762153
-0.258000000000000007	0.15770014271441779
-0.25199999999999978	0.156876618439488247
-0.245999999999999996	0.158526090383030283
-0.239999999999999769	0.16216429051818218
-0.233999999999999986	0.163262134021841199
-0.227999999999999758	0.16355073057727304
-0.221999999999999975	0.164135843804101761
-0.215999999999999748	0.167171578152552125
-0.209999999999999964	0.171930429278295493
-0.203999999999999737	0.174566664254367787
-0.197999999999999954	0.178938581958883985
-0.191999999999999726	0.183987737419938624
-0.185999999999999943	0.190381228308612122
-0.18000000000000016	0.186777875187152997
-0.173999999999999932	0.188170366306058767
-0.168000000000000149	0.195232184972051942
-0.161999999999999922	0.198207010826171592
-0.156000000000000139	0.206154883848223169
-0.149999999999999911	0.20711423695553427
-0.144000000000000128	0.217043727597360236
-0.137999999999999901	0.227278568668801556
-0.132000000000000117	0.23862437295895278
-0.12599999999999989	0.246057349565531519
-0.120000000000000107	0.259377206442761687
-0.113999999999999879	0.276253125427877055
-0.108000000000000096	0.289549165898258076
-0.101999999999999869	0.300859197921759802
-0.0960000000000000853	0.330645447948960669
-0.0899999999999998579	0.341723473679643286
-0.0840000000000000746	0.367747272277467951
-0.0779999999999998472	0.400516586708020539
-0.0720000000000000639	0.43896325480976367
-0.0659999999999998366	0.443049470233347842
-0.0600000000000000533	0.48836921783140691
-0.0539999999999998259	0.541349973239804272
-0.0480000000000000426	0.593507602280611168
-0.0419999999999998153	0.654323767063343165
-0.036000000000000032	0.726100182615155743
-0.0299999999999998046	0.790020727455492233
-0.0240000000000000213	0.858524332460706252
-0.0179999999999997939	0.929099080074373029
-0.0120000000000000107	0.994801444017454295
-0.00599999999999978328	1.04193007802123128
0	1.06102477036156229
0.00600000000000022737	1.04237690281103945
0.0120000000000000107	0.984110668735125871
0.018000000000000238	0.933077714857778018
0.0240000000000000213	0.8695285161358286
0.0300000000000002487	0.788291467742237573
0.036000000000000032	0.70508334128177097
0.0420000000000002593	0.644520148309046359
0.0480000000000000426	0.609306362951968605
0.05400000000000027	0.548206892824920522
0.0600000000000000533	0.501424952988319794
0.0660000000000002807	0.455264664933357321
0.0720000000000000639	0.417356727083043666
0.0779999999999998472	0.381721475546331901
0.0840000000000000746	0.368716344000599716
0.0899999999999998579	0.343740642552848585
0.0960000000000000853	0.323691337933391443
0.101999999999999869	0.305496235848347619
0.108000000000000096	0.284987619812321291
0.113999999999999879	0.272532047770099539
0.120000000000000107	0.261659472184259057
0.12599999999999989	0.254039342460548712
0.132000000000000117	0.242570738144749803
0.137999999999999901	0.2262376597267374
0.144000000000000128	0.219167750567620639
0.149999999999999911	0.211024546315358247
0.156000000000000139	0.209466623832337995
0.161999999999999922	0.207958054225184014
0.168000000000000149	0.200606123440496636
0.173999999999999932	0.196794622927783908
0.18000000000000016	0.188685413524583151
0.185999999999999943	0.184373941621102461
0.192000000000000171	0.177703818091522442
0.197999999999999954	0.176110680845341511
0.204000000000000181	0.179752060668491837
0.209999999999999964	0.175499018343106272
0.216000000000000192	0.173282527867329644
0.221999999999999975	0.167292245717510363
0.228000000000000203	0.159746899711528528
0.233999999999999986	0.161093868887847103
0.240000000000000213	0.163675145267955263
0.245999999999999996	0.159816746961109701
0.252000000000000224	0.15648324193636165
0.258000000000000007	0.155294138970268891
0.264000000000000234	0.154924933335518517
0.270000000000000018	0.154448232928872525
0.276000000000000245	0.15134575109320042
0.282000000000000028	0.148611062411306755
0.288000000000000256	0.147267637974463489
0.294000000000000039	0.147383154161340291
0.300000000000000266	0.14686836988131502
0.30600000000000005	0.145291820780956316
0.312000000000000277	0.143916173676083836
0.31800000000000006	0.146563864087810247
0.324000000000000288	0.14749313111829665
0.330000000000000071	0.144991383355110498
0.335999999999999854	0.143523919955065443
0.342000000000000082	0.143423868402140248
0.347999999999999865	0.142015266312588539
0.354000000000000092	0.139868822462156761
0.359999999999999876	0.139141362098571864
0.366000000000000103	0.138559283348897833
0.371999999999999886	0.139950506125726404
0.378000000000000114	0.14152136970123208
0.383999999999999897	0.142530185511417801
0.390000000000000124	0.142324029829577231
0.395999999999999908	0.141884608454503319
0.402000000000000135	0.142151108449191516
0.407999999999999918	0.142869502191005693
0.414000000000000146	0.143048027026608821
0.419999999999999929	0.143047928060588109
0.426000000000000156	0.142766693702314179
0.43199999999999994	0.141831768095897759
0.438000000000000167	0.140612063861654923
0.44399999999999995	0.139830574074015557
0.450000000000000178	0.13966041709658944
0.455999999999999961	0.139504312147249593
0.462000000000000188	0.139668929261087732
0.467999999999999972	0.13959434251404168
0.474000000000000199	0.140278497407209601
0.479999999999999982	0.141374772894828943
0.48600000000000021	0.141508559056947092
0.491999999999999993	0.140384458052144528
0.49800000000000022	0.139885535571860037
0.504000000000000004	0.14012227737985003
0.510000000000000231	0.140709457009247835
0.516000000000000014	0.141263745849832756
0.522000000000000242	0.141484085865793835
0.528000000000000025	0.141080164302694516
0.534000000000000252	0.140336257741326326
0.540000000000000036	0.139968450889122853
0.546000000000000263	0.140252065312695212
0.552000000000000046	0.140454186056994557
0.558000000000000274	0.140757589812302547
0.564000000000000057	0.141149232319779216
0.570000000000000284	0.141225515978954386
0.576000000000000068	0.141072941765233412
0.582000000000000295	0.141319088847333935
0.588000000000000078	0.142009457964782759
0.593999999999999861	0.142558426385792053
0.600000000000000089	0.143251550997252564
0.605999999999999872	0.143936686095421373
0.612000000000000099	0.144318564495622997
0.617999999999999883	0.144377529562884327
0.62400000000000011	0.144348745939985923
0.629999999999999893	0.144707466617707059
0.636000000000000121	0.145267642567785904
0.641999999999999904	0.145381776971144044
0.648000000000000131	0.145238854117343663
0.653999999999999915	0.145397040156848734
0.660000000000000142	0.145682252593579836
0.665999999999999925	0.146029030367427565
0.672000000000000153	0.146395363691699532
0.677999999999999936	0.146589129503519378
0.684000000000000163	0.14683790443236136
0.689999999999999947	0.147188928393006208
0.696000000000000174	0.147362262343588735
0.701999999999999957	0.147619501168420458
0.708000000000000185	0.148213630118069234
0.713999999999999968	0.148838659701037546
0.720000000000000195	0.149310473296556862
0.725999999999999979	0.14967367330473394
0.732000000000000206	0.150029282817755405
0.737999999999999989	0.150267894174715366
0.744000000000000217	0.150444840617569242
0.75	0.150684799886792953
0.756000000000000227	0.151013382131630458
0.762000000000000011	0.151410325036846122
0.768000000000000238	0.152011971887691694
0.774000000000000021	0.15295092758752421
0.780000000000000249	0.153903252625873038
0.786000000000000032	0.154611040440113701
0.792000000000000259	0.155129055543913791
0.798000000000000043	0.155629166813403247
0.80400000000000027	0.156224068889518647
0.810000000000000053	0.15682655459230932
0.816000000000000281	0.157352605782030419
0.822000000000000064	0.157795222676921809
0.828000000000000291	0.158116004983464314
0.834000000000000075	0.158273922036331727
0.839999999999999858	0.158335395355690828
0.846000000000000085	0.158436501816383385
0.851999999999999869	0.158635073714453262
0.858000000000000096	0.158905090904765761
0.863999999999999879	0.15926939582276961
0.870000000000000107	0.159756073835313761
0.87599999999999989	0.160414040574001021
0.882000000000000117	0.161136241335565561
0.887999999999999901	0.161687642151626426
0.894000000000000128	0.161982924651930066
0.899999999999999911	0.162203640686951867
0.906000000000000139	0.162579458306944646
0.911999999999999922	0.163179061150085958
0.918000000000000149	0.16397709087454293
0.923999999999999932	0.164897704025108727
0.93000000000000016	0.165780435990394659
0.935999999999999943	0.166522494969148699
0.942000000000000171	0.167170912204773925
0.947999999999999954	0.16779094164127889
0.954000000000000181	0.168432413540135828
0.959999999999999964	0.169180009882918481
0.966000000000000192	0.170002391844190609
0.971999999999999975	0.170705017838686246
0.978000000000000203	0.171183042392732521
0.983999999999999986	0.171590330408128156
0.990000000000000213	0.172095369879012472
0.995999999999999996	0.172695111243472893
1.00199999999999978	0.173338914073610378
1.00800000000000001	0.173960084531075976
1.01400000000000023	0.174485697808693746
1.02000000000000046	0.174948974487383807
1.0259999999999998	0.175448480824533848
1.03200000000000003	0.176039902817351546
1.03800000000000026	0.176762034852171179
1.04400000000000048	0.177602229219319563
1.04999999999999982	0.178447088784257607
1.05600000000000005	0.179187324849736596
1.06200000000000028	0.179830997573798168
1.0680000000000005	0.180446858648146746
1.07399999999999984	0.181062968612168307
1.08000000000000007	0.181662726447919198
1.0860000000000003	0.182228868561304352
1.09200000000000053	0.182756338726114825
1.09799999999999986	0.183254928060258004
1.10400000000000009	0.18376786505334694
1.11000000000000032	0.184343431412304276
1.11599999999999966	0.184966962369184196
1.12199999999999989	0.185552903615137876
1.12800000000000011	0.186008142760581335
1.13400000000000034	0.186301474035647369
1.13999999999999968	0.186473577488900283
1.14599999999999991	0.186602452872354968
1.15200000000000014	0.186749144194162053
1.15800000000000036	0.186944213616436677
1.1639999999999997	0.187229644758716257
1.16999999999999993	0.187641641134076526
1.17600000000000016	0.188153145881811867
1.18200000000000038	0.18869246892330066
1.18799999999999972	0.189207439995741772
1.19399999999999995	0.189688467643232078
1.20000000000000018	0.190147325604811346
1.20600000000000041	0.190604389968391852
1.21199999999999974	0.191106300858076089
1.21799999999999997	0.191691431608515261
1.2240000000000002	0.192334872222262893
1.23000000000000043	0.192961673070779965
1.23599999999999977	0.19350544928731539
1.24199999999999999	0.193950864354035607
1.24800000000000022	0.194309234907750039
1.25400000000000045	0.194578405694532164
1.25999999999999979	0.194751037139303446
1.26600000000000001	0.194837373734349423
1.27200000000000024	0.194869439992488347
1.27800000000000047	0.19490634666178358
1.28399999999999981	0.195018390908352823
1.29000000000000004	0.195235382345842479
1.29600000000000026	0.195539185810973265
1.30200000000000049	0.195911371860309907
1.30799999999999983	0.196350553249819759
1.31400000000000006	0.196843509397545163
1.32000000000000028	0.197341889522980096
1.32600000000000051	0.197762259202481611
1.33199999999999985	0.198019261135717523
1.33800000000000008	0.198074082957788694
1.34400000000000031	0.197934789599555655
1.35000000000000053	0.197615425637636621
1.35599999999999987	0.197128144562933594
1.3620000000000001	0.196519425341367543
1.36800000000000033	0.195900244445795346
1.37399999999999967	0.195415859395791258
1.37999999999999989	0.19515998384769076
1.38600000000000012	0.195120366898924036
1.39200000000000035	0.195214731047682472
1.39799999999999969	0.195354493361193704
1.40399999999999991	0.195469017847316906
1.41000000000000014	0.195519992760188471
1.41600000000000037	0.195518301409795509
1.42199999999999971	0.195504434504448876
1.42799999999999994	0.195501213619747011
1.43400000000000016	0.195492196822535297
1.44000000000000039	0.19544519953389905
1.44599999999999973	0.195342946834381886
1.45199999999999996	0.195186587208727724
1.45800000000000018	0.194983379954922376
1.46400000000000041	0.19473718429110573
1.46999999999999975	0.194447573408984997
1.47599999999999998	0.194112741089544655
1.48200000000000021	0.19373075015680058
1.48800000000000043	0.193303566397131837
1.49399999999999977	0.192840669717975671
1.5	0.192351777623494091
1.50600000000000023	0.191838769304903317
1.51200000000000045	0.191299814680433888
1.51799999999999979	0.190742766188230245
1.52400000000000002	0.190196032245404434
1.53000000000000025	0.189696548013888494
1.53600000000000048	0.18925514994715617
1.54199999999999982	0.18884135219006673
1.54800000000000004	0.188409546894664492
1.55400000000000027	0.187930506171802847
1.5600000000000005	0.187394978540905671
1.56599999999999984	0.18680434779744734
1.57200000000000006	0.186170916648467411
1.57800000000000029	0.18551889088239501
1.58400000000000052	0.184871417591930931
1.58999999999999986	0.184231706553982522
1.59600000000000009	0.183579696989041918
1.60200000000000031	0.182892301250399986
1.60800000000000054	0.182167203292792984
1.61399999999999988	0.18142479773191128
1.62000000000000011	0.180689964936873559
1.62600000000000033	0.179974636042328023
1.63199999999999967	0.179272227663909406
1.6379999999999999	0.178561936861879322
1.64400000000000013	0.177821537119430301
1.65000000000000036	0.177045843708391826
1.65599999999999969	0.176253879626437848
1.66199999999999992	0.175471697591034648
1.66800000000000015	0.174707803097645026
1.67400000000000038	0.173947388068644238
1.67999999999999972	0.173167588636317815
1.68599999999999994	0.172356806527485862
1.69200000000000017	0.171523799201347998
1.6980000000000004	0.170691426299613758
1.70399999999999974	0.169880755001057482
1.70999999999999996	0.169100067525180003
1.71600000000000019	0.168345053445429438
1.72200000000000042	0.16760171087009007
1.72799999999999976	0.166846074928172355
1.73399999999999999	0.166046357027022057
1.74000000000000021	0.165171632202762847
1.74600000000000044	0.164203146589231574
1.75199999999999978	0.163143329000571657
1.75800000000000001	0.162016572493830113
1.76400000000000023	0.160858239639191547
1.77000000000000046	0.159699262727842989
1.7759999999999998	0.15855753719286686
1.78200000000000003	0.157438943926051456
1.78800000000000026	0.156342683417023509
1.79400000000000048	0.155264836349517654
1.79999999999999982	0.154198018738920084
1.80600000000000005	0.153130023479675192
1.81200000000000028	0.152045886085987958
1.8180000000000005	0.150933957355787268
1.82399999999999984	0.149792291406859596
1.83000000000000007	0.148630365807650711
1.8360000000000003	0.147464241987593364
1.84200000000000053	0.146308849235721239
1.84799999999999986	0.145173413079221436
1.85400000000000009	0.144062898895351232
1.86000000000000032	0.14298257914739923
1.86599999999999966	0.141939887065877401
1.87199999999999989	0.140941484612627288
1.87800000000000011	0.139988908208764362
1.88400000000000034	0.139076550096996598
1.88999999999999968	0.138193224750194327
1.89599999999999991	0.13732615004637061
1.90200000000000014	0.136464003719735161
1.90800000000000036	0.135596712617462395
1.9139999999999997	0.134714042414699448
1.91999999999999993	0.133806621397295183
1.92600000000000016	0.13286929318518198
1.93200000000000038	0.131903556054905252
1.93799999999999972	0.130917240204061425
1.94399999999999995	0.12992230834185331
1.95000000000000018	0.128932103608549981
1.95600000000000041	0.127958294479226908
1.96199999999999974	0.127007963552092207
1.96799999999999997	0.126081955475614599
1.9740000000000002	0.125174483914579138
1.98000000000000043	0.124273120339480264
1.98599999999999977	0.123359925835854034
1.99199999999999999	0.122415736991359672
1.99800000000000022	0.121427097234763387
2.00400000000000045	0.120391554870464712
2.00999999999999979	0.119317639615367704
2.01600000000000001	0.118220631237906715
2.02200000000000024	0.117117939847840011
2.02800000000000047	0.11602615398986138
2.03399999999999981	0.114959251966437304
2.04000000000000004	0.113926627711096157
2.04600000000000026	0.112930435162589271
2.05200000000000049	0.111963792069890516
2.05799999999999983	0.111012571767202792
2.06400000000000006	0.110061682125693533
2.07000000000000028	0.109102904401531808
2.07600000000000051	0.108139082908130096
2.08199999999999985	0.107181490924823597
2.08800000000000008	0.10624244473547631
2.09400000000000031	0.105328728072216674
2.10000000000000053	0.104439759396462536
2.10599999999999987	0.103570163151993397
2.1120000000000001	0.102713790932333987
2.11800000000000033	0.101866428849733112
2.12399999999999967	0.101026262787843935
2.12999999999999989	0.100192993587325946
2.13600000000000012	0.0993669198625792144
2.14200000000000035	0.0985484426081927184
2.14799999999999969	0.0977377235287241186
2.15399999999999991	0.0969344321570502349
2.16000000000000014	0.096137874857496336
2.16600000000000037	0.0953474990087041785
2.17199999999999971	0.094563250346950678
2.17799999999999994	0.0937854023626786409
2.18400000000000016	0.0930141218934090186
2.19000000000000039	0.09224929938765071
2.19599999999999973	0.0914908706136055849
2.20199999999999996	0.0907394166301043192
2.20800000000000018	0.0899964808030117996
2.21400000000000041	0.0892641234730695982
2.21999999999999975	0.0885439870584779076
2.22599999999999998	0.0878367556526970517
2.23200000000000021	0.0871424832314895426
2.23800000000000043	0.0864613660792351302
2.24399999999999977	0.0857941792723385388
2.25	0.0851419576010079143
2.25600000000000023	0.0845051239456910963
2.26200000000000045	0.0838827218659642798
2.26799999999999979	0.0832723347384119184
2.27400000000000002	0.0826705665993157646
2.28000000000000025	0.0820733799203989395
2.28600000000000048	0.0814760795124952059
2.29199999999999982	0.0808736565004161134
2.29800000000000004	0.0802620112365147187
2.30400000000000027	0.0796394425844061254
2.3100000000000005	0.0790073345848971986
2.31599999999999984	0.0783696224480647935
2.32200000000000006	0.0777314184190869284
2.32800000000000029	0.0770974767077951262
2.33400000000000052	0.0764710608371287626
2.33999999999999986	0.0758534390612899956
2.34600000000000009	0.0752438844038406524
2.35200000000000031	0.074640000186077915
2.35800000000000054	0.0740384035075489916
2.36399999999999988	0.0734358107427930257
2.37000000000000011	0.0728301908476496063
2.37600000000000033	0.0722213673447803378
2.38199999999999967	0.07161074199971941
2.3879999999999999	0.0710004628920277714
2.39400000000000013	0.0703927095251653395
2.40000000000000036	0.0697894973158196125
2.40599999999999969	0.0691928375492070064
2.41199999999999992	0.068604780790638753
2.41800000000000015	0.0680270466882630931
2.42400000000000038	0.0674603872968467244
2.42999999999999972	0.0669041435276994667
2.43599999999999994	0.0663563702337567202
2.44200000000000017	0.0658145201836070753
2.4480000000000004	0.0652763149880532384
2.45399999999999974	0.0647403376744982717
2.45999999999999996	0.0642060965666028383
2.46600000000000019	0.0636736693653899427
2.47200000000000042	0.0631432727473105054
2.47799999999999976	0.0626150551989220344
2.48399999999999999	0.062089165691518261
2.49000000000000021	0.0615659542325374606
2.49600000000000044	0.0610461629388973775
2.50199999999999978	0.0605310656159192967
2.50800000000000001	0.0600225111412732784
2.51400000000000023	0.0595227297301452254
2.52000000000000046	0.0590337919375296671
2.5259999999999998	0.0585568586678948538
2.53200000000000003	0.0580916095549664016
2.53800000000000026	0.0576362154293276682
2.54400000000000048	0.0571879121084543085
2.54999999999999982	0.0567438830539701775
2.55600000000000005	0.0563020367742276262
2.56200000000000028	0.0558614184229397348
2.5680000000000005	0.0554222303143840841
2.57399999999999984	0.054985561960086686
2.58000000000000007	0.0545529504725985395
2.5860000000000003	0.0541258971945417777
2.59200000000000053	0.0537054678520952553
2.59799999999999986	0.0532920721904726891
2.60400000000000009	0.0528854600649020581
2.61000000000000032	0.0524849034920500668
2.61600000000000055	0.0520894769621338335
2.62199999999999989	0.0516983241679582206
2.62800000000000011	0.0513108178054145631
2.63400000000000034	0.0509265705581312816
2.63999999999999968	0.0505453209605783091
2.64599999999999991	0.0501667710858125504
2.65200000000000014	0.0497904684288212121
2.65800000000000036	0.0494158005789707283
2.6639999999999997	0.0490421267030619057
2.66999999999999993	0.0486690115008920621
2.67600000000000016	0.0482964602633504242
2.68200000000000038	0.0479250218038560355
2.68799999999999972	0.0475556848087578463
2.69399999999999995	0.0471896221032054725
2.70000000000000018	0.0468279273329617329
2.70600000000000041	0.0464714514217968999
2.71199999999999974	0.046120723373498318
2.71799999999999997	0.0457758677955599977
2.7240000000000002	0.0454364890039548955
2.73000000000000043	0.0451016117070788744
2.73599999999999977	0.0447698115722469092
2.74199999999999999	0.0444395707559801512
2.74800000000000022	0.0441097324436267937
2.75400000000000045	0.0437798484386833081
2.75999999999999979	0.0434502785395476723
2.76600000000000001	0.0431220379647627022
2.77200000000000024	0.0427964834750082096
2.77800000000000047	0.0424749429712886137
2.78399999999999981	0.0421583790327255958
2.79000000000000004	0.0418471775772200696
2.79600000000000026	0.0415411398856234751
2.80200000000000049	0.04123968364578115
2.80799999999999983	0.0409421517590532816
2.81400000000000006	0.0406480741694110331
2.82000000000000028	0.0403572787463926039
2.82600000000000051	0.0400698555684832827
2.83199999999999985	0.0397860513868133273
2.83800000000000008	0.0395061609761292246
2.84400000000000031	0.0392304270774400526
2.85000000000000053	0.0389589366869232678
2.85599999999999987	0.0386915350888714996
2.8620000000000001	0.0384278137188925756
2.86800000000000033	0.0381672009768530829
2.87400000000000055	0.0379091153321224894
2.87999999999999989	0.0376531006045595779
2.88600000000000012	0.0373988875254196579
2.89200000000000035	0.0371463790688419393
2.89799999999999969	0.0368955912766086788
2.90399999999999991	0.0366465826765961095
2.91000000000000014	0.036399389635136406
2.91600000000000037	0.036153971017657667
2.92199999999999971	0.0359101631303591282
2.92799999999999994	0.0356676532376621683
2.93400000000000016	0.0354259858511652009
2.94000000000000039	0.0351846108554846881
2.94599999999999973	0.0349429680379814631
2.95199999999999996	0.0347005888403068355
2.95800000000000018	0.0344571910513303131
2.96400000000000041	0.0342127449900222688
2.96999999999999975	0.0339674953939416505
2.97599999999999998	0.0337219309668994882
2.98200000000000021	0.0334767070008750375
2.98800000000000043	0.0332325441924676071
2.99399999999999977	0.0329901374841444772
3	0.0327501016478502632
