-3	0.0328679604198151357
-2.99400000000000022	0.033107304482499933
-2.98799999999999999	0.033345659502456583
-2.98200000000000021	0.0335826016144823783
-2.97599999999999998	0.0338178467107401182
-2.9700000000000002	0.0340512133876076512
-2.96399999999999997	0.034282593026822003
-2.95800000000000018	0.0345119630198908317
-2.95199999999999996	0.0347394534457967155
-2.94600000000000017	0.0349654434733620637
-2.93999999999999995	0.0351906346903780934
-2.93400000000000016	0.0354160416545621845
-2.92799999999999994	0.0356428654350742433
-2.92200000000000015	0.0358722666330729828
-2.91599999999999993	0.0361051066202908791
-2.91000000000000014	0.036341752241095468
-2.90399999999999991	0.0365820269907303208
-2.89800000000000013	0.0368253455020562115
-2.8919999999999999	0.0370709983331028031
-2.88600000000000012	0.0373184781556225448
-2.87999999999999989	0.0375676971405711699
-2.87400000000000011	0.0378189853258929926
-2.86799999999999988	0.0380728789059894129
-2.8620000000000001	0.0383298302695646853
-2.85599999999999987	0.038590005280426054
-2.85000000000000009	0.0388532576817835623
-2.84399999999999986	0.0391192625410907713
-2.83800000000000008	0.0393877397539804039
-2.83199999999999985	0.0396587056765769011
-2.82600000000000007	0.0399326885609754059
-2.81999999999999984	0.0402108148201961862
-2.81400000000000006	0.0404946873006175601
-2.80799999999999983	0.04078607888425613
-2.80200000000000005	0.041086585724816084
-2.79599999999999982	0.0413974073761319422
-2.79000000000000004	0.041719318747817119
-2.78399999999999981	0.0420527627331586107
-2.77800000000000002	0.0423979324902504714
-2.7719999999999998	0.0427547639935033294
-2.76600000000000001	0.0431228692099691543
-2.75999999999999979	0.0435015035963582236
-2.754	0.043889610326920514
-2.74800000000000022	0.0442858724849538588
-2.74199999999999999	0.0446886685768256783
-2.73599999999999977	0.0450959329220593716
-2.72999999999999998	0.0455050850626139702
-2.7240000000000002	0.0459132333971116191
-2.71799999999999997	0.0463176767031536415
-2.71199999999999974	0.0467164529787421137
-2.70599999999999996	0.0471086050589608618
-2.70000000000000018	0.0474940722938887588
-2.69399999999999995	0.0478734487241487885
-2.68800000000000017	0.0482479241285233423
-2.68199999999999994	0.0486194761945203391
-2.67600000000000016	0.0489910777852730281
-2.66999999999999993	0.0493666197541141188
-2.66400000000000015	0.0497504577702978651
-2.65799999999999992	0.0501467371759973871
-2.65200000000000014	0.0505587154524274607
-2.64599999999999991	0.0509882209587523699
-2.64000000000000012	0.0514353300463704505
-2.6339999999999999	0.0518983578030224046
-2.62800000000000011	0.0523742352378899767
-2.62199999999999989	0.0528592141700908943
-2.6160000000000001	0.0533496667243954018
-2.60999999999999988	0.0538426673757866278
-2.60400000000000009	0.0543361397754287476
-2.59799999999999986	0.0548285821616785671
-2.59200000000000008	0.0553186382660376466
-2.58599999999999985	0.0558049008212316011
-2.58000000000000007	0.056286192241378194
-2.57399999999999984	0.0567621940920915377
-2.56800000000000006	0.0572339746922787621
-2.56199999999999983	0.0577040123353627019
-2.55600000000000005	0.0581756840224942895
-2.54999999999999982	0.0586524761713605597
-2.54400000000000004	0.0591371561273173266
-2.53799999999999981	0.0596310598928093197
-2.53200000000000003	0.0601337258382949741
-2.5259999999999998	0.0606431603443698883
-2.52000000000000002	0.0611568048471844289
-2.51400000000000023	0.0616728865892753192
-2.50800000000000001	0.0621916021427887794
-2.50199999999999978	0.062715625892890009
-2.496	0.0632496490964224167
-2.49000000000000021	0.0637989901586371866
-2.48399999999999999	0.0643677493336368145
-2.47799999999999976	0.0649572796724681711
-2.47199999999999998	0.0655656200727322142
-2.46600000000000019	0.0661880077041103326
-2.45999999999999996	0.0668180306270420021
-2.45399999999999974	0.0674488141784134604
-2.44799999999999995	0.0680739788440133803
-2.44200000000000017	0.0686885997721383007
-2.43599999999999994	0.069290407191149872
-2.42999999999999972	0.0698808182998119365
-2.42399999999999993	0.0704648124652335478
-2.41800000000000015	0.0710490882429125059
-2.41199999999999992	0.071639272654080044
-2.40600000000000014	0.0722379279142922465
-2.39999999999999991	0.0728446676638481033
-2.39400000000000013	0.0734581554417547272
-2.3879999999999999	0.074078411671332875
-2.38200000000000012	0.074707781670816209
-2.37599999999999989	0.0753500788925660636
-2.37000000000000011	0.0760087658076695066
-2.36399999999999988	0.0766854823051919821
-2.3580000000000001	0.0773796567388990719
-2.35199999999999987	0.0780891312701344487
-2.34600000000000009	0.0788113301347603268
-2.33999999999999986	0.0795444542680688177
-2.33400000000000007	0.0802882871500194828
-2.32799999999999985	0.081044351183047994
-2.32200000000000006	0.0818153126652853557
-2.31599999999999984	0.0826037551431843819
-2.31000000000000005	0.0834107211392006859
-2.30399999999999983	0.0842345465877022553
-2.29800000000000004	0.0850704590385994719
-2.29199999999999982	0.0859113532245389389
-2.28600000000000003	0.0867498284856106083
-2.28000000000000025	0.0875807302451049874
-2.27400000000000002	0.0884028904491137579
-2.26799999999999979	0.0892192569897116011
-2.26200000000000001	0.0900355222063452948
-2.25600000000000023	0.0908580340531728731
-2.25	0.091692194536683827
-2.24399999999999977	0.0925423604929772325
-2.23799999999999999	0.0934131383096972745
-2.23200000000000021	0.0943106066728599951
-2.22599999999999998	0.0952416771962899811
-2.21999999999999975	0.0962111405361011501
-2.21399999999999997	0.0972179763072408276
-2.20800000000000018	0.098253243271964788
-2.20199999999999996	0.0993006723272247815
-2.19599999999999973	0.100339473876077834
-2.18999999999999995	0.101348196480047947
-2.18400000000000016	0.102308631007329329
-2.17799999999999994	0.103209223076002221
-2.17199999999999971	0.104047613394898236
-2.16599999999999993	0.10483150971920481
-2.16000000000000014	0.105577172630931054
-2.15399999999999991	0.106306117189694349
-2.14800000000000013	0.107041611939838924
-2.1419999999999999	0.107805638318677371
-2.13600000000000012	0.108615870637219988
-2.12999999999999989	0.109482888807802756
-2.12400000000000011	0.110408556476761247
-2.11799999999999988	0.111385979116269643
-2.1120000000000001	0.112401263506708024
-2.10599999999999987	0.113437472647437781
-2.10000000000000009	0.114479721920617297
-2.09399999999999986	0.11551819520239244
-2.08800000000000008	0.116546978992639383
-2.08199999999999985	0.117561028980814858
-2.07600000000000007	0.118555645785195826
-2.06999999999999984	0.119529922681916645
-2.06400000000000006	0.120491273531610626
-2.05799999999999983	0.121456420345256888
-2.05200000000000005	0.122446603910277618
-2.04599999999999982	0.123479707179435752
-2.04000000000000004	0.1245651460016058
-2.03399999999999981	0.125705209205186852
-2.02800000000000002	0.12690049945292553
-2.02200000000000024	0.128153513182369838
-2.01600000000000001	0.129467258629933718
-2.00999999999999979	0.130840937039478744
-2.004	0.132266122133376934
-1.998	0.133725595509103928
-1.99199999999999999	0.135195598559092467
-1.98599999999999999	0.136650337512652514
-1.97999999999999998	0.138066236675077336
-1.97399999999999998	0.13942394558283
-1.96799999999999997	0.140707928788036007
-1.96199999999999997	0.141905838533796319
-1.95599999999999996	0.143010686690679484
-1.94999999999999996	0.144025442765530809
-1.94399999999999995	0.144965115146815565
-1.93799999999999994	0.145853442529892047
-1.93199999999999994	0.146717569417458144
-1.92599999999999993	0.147584048577303645
-1.91999999999999993	0.148474880098471762
-1.91399999999999992	0.149402424941929263
-1.90799999999999992	0.150365880740677749
-1.90199999999999991	0.151352148120095759
-1.89599999999999991	0.152340972043172734
-1.8899999999999999	0.153313029645112869
-1.8839999999999999	0.154257336722954302
-1.87799999999999989	0.155172007067675061
-1.87199999999999989	0.156058769958028143
-1.86599999999999988	0.156919177159848378
-1.85999999999999988	0.157756300986995418
-1.85399999999999987	0.158578458016892937
-1.84799999999999986	0.159401676977953294
-1.84200000000000008	0.160249133615853745
-1.83600000000000008	0.161145725037087545
-1.83000000000000007	0.162110504614288747
-1.82400000000000007	0.163153253077129134
-1.81800000000000006	0.164275106208515737
-1.81200000000000006	0.165466923900094542
-1.80600000000000005	0.166704759048379059
-1.80000000000000004	0.167950713224728432
-1.79400000000000004	0.169165309378318196
-1.78800000000000003	0.170324582738120428
-1.78200000000000003	0.171428257848659671
-1.77600000000000002	0.17249470950759796
-1.77000000000000002	0.173548048219912099
-1.76400000000000001	0.174602778405422432
-1.75800000000000001	0.175655127803263422
-1.752	0.17669126142012917
-1.746	0.177704189136381946
-1.73999999999999999	0.178699180776206556
-1.73399999999999999	0.179685073967506798
-1.72799999999999998	0.18066626826931273
-1.72199999999999998	0.181641484017245364
-1.71599999999999997	0.182601191803026836
-1.70999999999999996	0.183525473564902925
-1.70399999999999996	0.184394532652506438
-1.69799999999999995	0.185203890690832984
-1.69199999999999995	0.185962593870731274
-1.68599999999999994	0.186678754858255164
-1.67999999999999994	0.18735381632700121
-1.67399999999999993	0.187984317948808738
-1.66799999999999993	0.188561720853383102
-1.66199999999999992	0.189078989165999772
-1.65599999999999992	0.189546684106951052
-1.64999999999999991	0.189999049595850455
-1.64399999999999991	0.190479309233013372
-1.6379999999999999	0.191021325985412105
-1.6319999999999999	0.191645423989374009
-1.62599999999999989	0.192358000645732052
-1.61999999999999988	0.193139282761190328
-1.61399999999999988	0.19393485054817694
-1.60799999999999987	0.194672765189922936
-1.60199999999999987	0.195296186293436591
-1.59599999999999986	0.195784240534022602
-1.59000000000000008	0.196153736828111686
-1.58400000000000007	0.196450180296547094
-1.57800000000000007	0.196730009440160752
-1.57200000000000006	0.197036017976671141
-1.56600000000000006	0.197373412236139661
-1.56000000000000005	0.197710029330634252
-1.55400000000000005	0.198013206578715573
-1.54800000000000004	0.198281025508639158
-1.54200000000000004	0.198535137101785414
-1.53600000000000003	0.198796590922008382
-1.53000000000000003	0.199068079692555133
-1.52400000000000002	0.199325251485263338
-1.51800000000000002	0.199518985632454848
-1.51200000000000001	0.199599014680909126
-1.50600000000000001	0.19955304763668158
-1.5	0.199433299709848633
-1.49399999999999999	0.199349781229064799
-1.48799999999999999	0.199432282413079004
-1.48199999999999998	0.19977500358323716
-1.47599999999999998	0.200387744195406364
-1.46999999999999997	0.201184535870155945
-1.46399999999999997	0.202015184435362843
-1.45799999999999996	0.202704674923147199
-1.45199999999999996	0.203094150622003922
-1.44599999999999995	0.20311378485803408
-1.43999999999999995	0.202823957234256058
-1.43399999999999994	0.202351859394771183
-1.42799999999999994	0.201812048971719726
-1.42199999999999993	0.201289903358017302
-1.41599999999999993	0.200835699359059372
-1.40999999999999992	0.200450522340582304
-1.40399999999999991	0.200105061511227755
-1.39799999999999991	0.199782929317415481
-1.3919999999999999	0.199500387792223566
-1.3859999999999999	0.19928744000495574
-1.37999999999999989	0.199153000954804565
-1.37399999999999989	0.199070231126028618
-1.36799999999999988	0.19900161854003931
-1.36199999999999988	0.198925711884739814
-1.35599999999999987	0.198810731939075086
-1.34999999999999987	0.198585216855222513
-1.34399999999999986	0.198187876942542224
-1.33799999999999986	0.197650027047223148
-1.33200000000000007	0.197107715193282351
-1.32600000000000007	0.196714437816962878
-1.32000000000000006	0.196513371240895351
-1.31400000000000006	0.196369130718110879
-1.30800000000000005	0.19604711748437581
-1.30200000000000005	0.195405532389818892
-1.29600000000000004	0.194518692852655439
-1.29000000000000004	0.193623527475689589
-1.28400000000000003	0.192970242419364668
-1.27800000000000002	0.192688480068016116
-1.27200000000000002	0.192758621641355099
-1.26600000000000001	0.193080039573524709
-1.26000000000000001	0.193557437654781228
-1.254	0.194117820519538825
-1.248	0.194630898261117236
-1.24199999999999999	0.194898190109296432
-1.23599999999999999	0.194777782797915078
-1.22999999999999998	0.194272393416799971
-1.22399999999999998	0.193486881415523698
-1.21799999999999997	0.192589600101418928
-1.21199999999999997	0.191769564944740623
-1.20599999999999996	0.19108922731499256
-1.19999999999999996	0.190472339211803815
-1.19399999999999995	0.18987996337682439
-1.18799999999999994	0.189367223999283629
-1.18199999999999994	0.188984746449339824
-1.17599999999999993	0.188684569377128242
-1.16999999999999993	0.188246886852525275
-1.16399999999999992	0.187397036996875321
-1.15799999999999992	0.18606988489880838
-1.15199999999999991	0.184458475618811651
-1.14599999999999991	0.182888090184506663
-1.1399999999999999	0.181692200310323293
-1.1339999999999999	0.181062380005458573
-1.12799999999999989	0.180921023973216633
-1.12199999999999989	0.180995812245152765
-1.11599999999999988	0.181086795612461549
-1.10999999999999988	0.181192580213060839
-1.10399999999999987	0.181305071876979557
-1.09799999999999986	0.181265757180341158
-1.09199999999999986	0.180911360794564852
-1.08599999999999985	0.180281597348209255
-1.08000000000000007	0.179554263526949975
-1.07400000000000007	0.178803593252826298
-1.06800000000000006	0.178030187322489764
-1.06200000000000006	0.177259251718938138
-1.05600000000000005	0.176509312234546051
-1.05000000000000004	0.175752786743973488
-1.04400000000000004	0.174919289185880511
-1.03800000000000003	0.173893336843622598
-1.03200000000000003	0.172659154830746259
-1.02600000000000002	0.171409411272919171
-1.02000000000000002	0.1703405677665078
-1.01400000000000001	0.169450891093215206
-1.00800000000000001	0.16862323889945191
-1.002	0.167730642265441987
-0.995999999999999996	0.166699923939683248
-0.989999999999999769	0.165550695606054593
-0.983999999999999986	0.164344228096085732
-0.977999999999999758	0.163242014378070316
-0.971999999999999975	0.162532357229489888
-0.965999999999999748	0.162239874957118807
-0.959999999999999964	0.162071689445319717
-0.953999999999999737	0.161799747786965764
-0.947999999999999954	0.161312774199392078
-0.942000000000000171	0.160662217253130984
-0.935999999999999943	0.160265833484924625
-0.93000000000000016	0.160488559163708217
-0.923999999999999932	0.1610650748107742
-0.918000000000000149	0.161463373764119678
-0.911999999999999922	0.161230971740689039
-0.906000000000000139	0.160157161629239181
-0.899999999999999911	0.15843629438834711
-0.894000000000000128	0.156493083296448843
-0.887999999999999901	0.154898269998550997
-0.882000000000000117	0.154011406850970312
-0.87599999999999989	0.153557856777631008
-0.870000000000000107	0.153242070400259583
-0.863999999999999879	0.153188353506901798
-0.858000000000000096	0.15350703246456282
-0.851999999999999869	0.154174851868718737
-0.846000000000000085	0.154940125073173895
-0.839999999999999858	0.155456018412466535
-0.834000000000000075	0.155551089167034834
-0.827999999999999847	0.155064585096594126
-0.822000000000000064	0.153982748869885971
-0.815999999999999837	0.152753397134125418
-0.810000000000000053	0.151841115633655432
-0.803999999999999826	0.151022457326579929
-0.798000000000000043	0.150173676525953509
-0.791999999999999815	0.149634465022522117
-0.786000000000000032	0.149414566363677004
-0.779999999999999805	0.149091171373591042
-0.774000000000000021	0.147933507211154169
-0.767999999999999794	0.145847945266603635
-0.762000000000000011	0.143964531826958148
-0.755999999999999783	0.143083484274102751
-0.75	0.142992894040342572
-0.743999999999999773	0.143502649186479425
-0.737999999999999989	0.144406254666969741
-0.731999999999999762	0.145297896500957036
-0.725999999999999979	0.146293846464541022
-0.719999999999999751	0.147660478903947345
-0.713999999999999968	0.148995918179685216
-0.707999999999999741	0.150019073051226887
-0.701999999999999957	0.150251469737811394
-0.69599999999999973	0.149537151593000295
-0.689999999999999947	0.148659949530055041
-0.684000000000000163	0.147969329125373472
-0.677999999999999936	0.147461175804645989
-0.672000000000000153	0.147167658983230004
-0.665999999999999925	0.146708738162123598
-0.660000000000000142	0.145590089827629415
-0.653999999999999915	0.144230039293109402
-0.648000000000000131	0.143163177657281787
-0.641999999999999904	0.14307963458743353
-0.636000000000000121	0.143312537421269259
-0.629999999999999893	0.14260646186696771
-0.62400000000000011	0.141429049498203785
-0.617999999999999883	0.140606277416223308
-0.612000000000000099	0.139982413842672682
-0.605999999999999872	0.139991998817671104
-0.600000000000000089	0.14007595744309434
-0.593999999999999861	0.139019270854903704
-0.588000000000000078	0.138423588701258149
-0.581999999999999851	0.13956404545017656
-0.576000000000000068	0.141540635505157053
-0.56999999999999984	0.142797105217549791
-0.564000000000000057	0.142802982676834889
-0.557999999999999829	0.142550830062328382
-0.552000000000000046	0.142940989870662616
-0.545999999999999819	0.142764719495464404
-0.540000000000000036	0.141938918185415125
-0.533999999999999808	0.140918875832715784
-0.528000000000000025	0.140347143317133799
-0.521999999999999797	0.140586352863508762
-0.516000000000000014	0.141024268702323125
-0.509999999999999787	0.140620311404117265
-0.504000000000000004	0.140215977552980264
-0.497999999999999776	0.139544159976619314
-0.491999999999999993	0.137351777721590212
-0.485999999999999766	0.13693702788962292
-0.479999999999999982	0.137810254813887756
-0.473999999999999755	0.138892359063933463
-0.467999999999999972	0.140940296371805551
-0.461999999999999744	0.142929739501086478
-0.455999999999999961	0.142714592436539972
-0.449999999999999734	0.143319738163851407
-0.44399999999999995	0.144870326831382817
-0.438000000000000167	0.145435759576988927
-0.43199999999999994	0.147033128803293223
-0.426000000000000156	0.150366422805851663
-0.419999999999999929	0.152815621469866603
-0.414000000000000146	0.1525101462031902
-0.407999999999999918	0.150039883408848662
-0.402000000000000135	0.145742217826888953
-0.395999999999999908	0.144299392976006552
-0.390000000000000124	0.145674978431151042
-0.383999999999999897	0.149051682896897353
-0.378000000000000114	0.152019977841991866
-0.371999999999999886	0.154604222168150507
-0.366000000000000103	0.155971929198023163
-0.359999999999999876	0.155412455262766425
-0.354000000000000092	0.157370714809761003
-0.347999999999999865	0.155417873196838363
-0.342000000000000082	0.153390753083029491
-0.335999999999999854	0.152135768246321329
-0.330000000000000071	0.152002416960738934
-0.323999999999999844	0.157271986922678852
-0.31800000000000006	0.160252996375885998
-0.311999999999999833	0.157946197681935824
-0.30600000000000005	0.154848590779239903
-0.299999999999999822	0.157589001774937482
-0.294000000000000039	0.156927529121584919
-0.287999999999999812	0.156755735104500776
-0.282000000000000028	0.157537770360428792
-0.275999999999999801	0.162648420566534196
-0.270000000000000018	0.165477930309113119
-0.26399999999999979	0.165984589338619482
-0.258000000000000007	0.168016665352357514
-0.25199999999999978	0.170940425915869609
-0.245999999999999996	0.168444305520175114
-0.239999999999999769	0.170592108730268421
-0.233999999999999986	0.172940813179138009
-0.227999999999999758	0.172862335107701159
-0.221999999999999975	0.178149914147517352
-0.215999999999999748	0.174925158925732571
-0.209999999999999964	0.183647832452690479
-0.203999999999999737	0.18697353383849194
-0.197999999999999954	0.192271595619447289
-0.191999999999999726	0.189060318422212131
-0.185999999999999943	0.180363836641709574
-0.18000000000000016	0.18985229008225582
-0.173999999999999932	0.188066194175929458
-0.168000000000000149	0.197472473996733372
-0.161999999999999922	0.204365825110016719
-0.156000000000000139	0.198994226671164204
-0.149999999999999911	0.206070523800183314
-0.144000000000000128	0.220316256201333271
-0.137999999999999901	0.235013846367559509
-0.132000000000000117	0.235014904289533727
-0.12599999999999989	0.238525777017567525
-0.120000000000000107	0.24184553360017233
-0.113999999999999879	0.255132451457145748
-0.108000000000000096	0.254518468055538516
-0.101999999999999869	0.258570571938648353
-0.0960000000000000853	0.263157482105320639
-0.0899999999999998579	0.274672794000278053
-0.0840000000000000746	0.306783171562496404
-0.0779999999999998472	0.314721469908520679
-0.0720000000000000639	0.308600930550668284
-0.0659999999999998366	0.360025080935755137
-0.0600000000000000533	0.373075337186985434
-0.0539999999999998259	0.389558077776582745
-0.0480000000000000426	0.471916127326367063
-0.0419999999999998153	0.494746602415877645
-0.036000000000000032	0.576173324797079722
-0.0299999999999998046	0.618278132262913394
-0.0240000000000000213	0.687383575634216482
-0.0179999999999997939	0.776177167790630729
-0.0120000000000000107	0.946604059077861604
-0.00599999999999978328	1.0026954032145492
0	1.06103013908877286
0.00600000000000022737	1.02813950572550517
0.0120000000000000107	0.937052161993403576
0.018000000000000238	0.822261516717618046
0.0240000000000000213	0.692817034706788903
0.0300000000000002487	0.608385302119992755
0.036000000000000032	0.568986019752474537
0.0420000000000002593	0.472585872212694658
0.0480000000000000426	0.470002757501108037
0.05400000000000027	0.415829573612140735
0.0600000000000000533	0.359937947846100725
0.0660000000000002807	0.359481444942333028
0.0720000000000000639	0.324880520569891751
0.0779999999999998472	0.306678958199838536
0.0840000000000000746	0.286648787119296311
0.0899999999999998579	0.281271018861090238
0.0960000000000000853	0.279279855931483689
0.101999999999999869	0.267825189934438213
0.108000000000000096	0.255515096502294758
0.113999999999999879	0.24387553444377405
0.120000000000000107	0.237014059319678616
0.12599999999999989	0.229351452890624669
0.132000000000000117	0.235410384133250272
0.137999999999999901	0.234695083629047091
0.144000000000000128	0.209641859524394319
0.149999999999999911	0.208046642513248392
0.156000000000000139	0.212099854699970447
0.161999999999999922	0.21207751547613593
0.168000000000000149	0.201869974779932571
0.173999999999999932	0.199172763710487172
0.18000000000000016	0.189849378490092091
0.185999999999999943	0.183390602141552089
0.192000000000000171	0.187209135433713397
0.197999999999999954	0.178467675897972217
0.204000000000000181	0.178435800554793661
0.209999999999999964	0.184901118514959384
0.216000000000000192	0.179660778181651992
0.221999999999999975	0.168758894059967829
0.228000000000000203	0.167396954682313498
0.233999999999999986	0.168106315129678913
0.240000000000000213	0.172307407692421422
0.245999999999999996	0.16858362870755228
0.252000000000000224	0.171550490561037744
0.258000000000000007	0.171690558888642125
0.264000000000000234	0.168931173601612028
0.270000000000000018	0.159694598410576677
0.276000000000000245	0.153014340640379748
0.282000000000000028	0.155209895490174665
0.288000000000000256	0.162011215176650736
0.294000000000000039	0.162887879302159783
0.300000000000000266	0.161813444914350402
0.30600000000000005	0.156363202679794727
0.312000000000000277	0.14833643732178059
0.31800000000000006	0.145992296160565499
0.324000000000000288	0.149789108931424747
0.330000000000000071	0.150499268429797162
0.335999999999999854	0.149757153582374597
0.342000000000000082	0.149781028119519322
0.347999999999999865	0.151221388659738942
0.354000000000000092	0.151981636553288613
0.359999999999999876	0.153139312270096917
0.366000000000000103	0.151349444247861703
0.371999999999999886	0.150622020764542008
0.378000000000000114	0.149969013856367905
0.383999999999999897	0.149253978497004058
0.390000000000000124	0.148200226768999715
0.395999999999999908	0.144125881000737394
0.402000000000000135	0.141536724482769605
0.407999999999999918	0.140827680946039591
0.414000000000000146	0.141391362378164409
0.419999999999999929	0.141761648090118791
0.426000000000000156	0.142882513529206889
0.43199999999999994	0.143935296730359541
0.438000000000000167	0.143842002216495929
0.44399999999999995	0.142811602633016704
0.450000000000000178	0.142123499294967176
0.455999999999999961	0.1417375480762193
0.462000000000000188	0.140514467347808342
0.467999999999999972	0.140825406209572623
0.474000000000000199	0.143349348802907339
0.479999999999999982	0.146252356924905347
0.48600000000000021	0.147582867559407721
0.491999999999999993	0.147410635898768266
0.49800000000000022	0.146594141548942514
0.504000000000000004	0.145730997877508262
0.510000000000000231	0.144895942653911258
0.516000000000000014	0.143648814447809331
0.522000000000000242	0.141899647306855003
0.528000000000000025	0.140381152378480284
0.534000000000000252	0.138496357077332904
0.540000000000000036	0.137091972738966977
0.546000000000000263	0.137059347247967478
0.552000000000000046	0.137684283098545246
0.558000000000000274	0.137982893991585143
0.564000000000000057	0.138095605222233853
0.570000000000000284	0.138353109017097825
0.576000000000000068	0.139405257236776492
0.582000000000000295	0.141254370446366934
0.588000000000000078	0.141786451890371673
0.593999999999999861	0.140997303832923054
0.600000000000000089	0.140636655106745362
0.605999999999999872	0.140667049088618545
0.612000000000000099	0.14053702586791833
0.617999999999999883	0.140748946051318463
0.62400000000000011	0.141382498771068621
0.629999999999999893	0.141727919254686974
0.636000000000000121	0.141586626818214351
0.641999999999999904	0.141136346066450341
0.648000000000000131	0.141455059154336482
0.653999999999999915	0.142986729226110082
0.660000000000000142	0.144406655397810807
0.665999999999999925	0.144874927711388407
0.672000000000000153	0.144687597600114681
0.677999999999999936	0.144563596684477214
0.684000000000000163	0.14470914305941604
0.689999999999999947	0.144839014674133126
0.696000000000000174	0.144909092546098184
0.701999999999999957	0.144982234970962465
0.708000000000000185	0.145414302415524888
0.713999999999999968	0.146655784951716772
0.720000000000000195	0.148055670917474236
0.725999999999999979	0.148972821621967594
0.732000000000000206	0.149366834354376338
0.737999999999999989	0.149234770188786281
0.744000000000000217	0.148647196640314616
0.75	0.148047255840247222
0.756000000000000227	0.147966173613999247
0.762000000000000011	0.148471510425209591
0.768000000000000238	0.149436133616487887
0.774000000000000021	0.150279863988367346
0.780000000000000249	0.15094943171470579
0.786000000000000032	0.151633533967565848
0.792000000000000259	0.152175108070442183
0.798000000000000043	0.152685419458473109
0.80400000000000027	0.153210285016360831
0.810000000000000053	0.153521218721524216
0.816000000000000281	0.153497113194809076
0.822000000000000064	0.153182715901978267
0.828000000000000291	0.152865161964583302
0.834000000000000075	0.152981052972331721
0.839999999999999858	0.153513968467341833
0.846000000000000085	0.154081586298517981
0.851999999999999869	0.154410024170292925
0.858000000000000096	0.154466881014539981
0.863999999999999879	0.154575026446024527
0.870000000000000107	0.155029293679548708
0.87599999999999989	0.155762335349708347
0.882000000000000117	0.156653888971950095
0.887999999999999901	0.157675778614468159
0.894000000000000128	0.158888503889981492
0.899999999999999911	0.160464086565409114
0.906000000000000139	0.162302128914484783
0.911999999999999922	0.163913852564109508
0.918000000000000149	0.16490541179355514
0.923999999999999932	0.165344225520148602
0.93000000000000016	0.165625200203392969
0.935999999999999943	0.165932381326941186
0.942000000000000171	0.166072367057109288
0.947999999999999954	0.165920721891467254
0.954000000000000181	0.165687275748617524
0.959999999999999964	0.16555132755604865
0.966000000000000192	0.165463684550724022
0.971999999999999975	0.165345703620798645
0.978000000000000203	0.165203757181201422
0.983999999999999986	0.165101247970039139
0.990000000000000213	0.165195338093179461
0.995999999999999996	0.165642944038144224
1.00199999999999978	0.16638206421858015
1.00800000000000001	0.167222603214172788
1.01400000000000023	0.168087428791459215
1.02000000000000046	0.169132803241999613
1.0259999999999998	0.17046126447138038
1.03200000000000003	0.171869417289477688
1.03800000000000026	0.173101337863435484
1.04400000000000048	0.174045425680711269
1.04999999999999982	0.174683585854194079
1.05600000000000005	0.175121856835417283
1.06200000000000028	0.175534691964917056
1.0680000000000005	0.176049030031567799
1.07399999999999984	0.176725732671826841
1.08000000000000007	0.177559691317440982
1.0860000000000003	0.178408833183374166
1.09200000000000053	0.179114831733627661
1.09799999999999986	0.179698953420669244
1.10400000000000009	0.180212017195621216
1.11000000000000032	0.180597686587425282
1.11599999999999966	0.180863492071772214
1.12199999999999989	0.181125842386861968
1.12800000000000011	0.181428890045459534
1.13400000000000034	0.181711375825145516
1.13999999999999968	0.18194982697809356
1.14599999999999991	0.182227839331469715
1.15200000000000014	0.182720950417176314
1.15800000000000036	0.183559239746998504
1.1639999999999997	0.184672355370558788
1.16999999999999993	0.185827388398639354
1.17600000000000016	0.186813241624385618
1.18200000000000038	0.187533360556925571
1.18799999999999972	0.187976743009462738
1.19399999999999995	0.188187182662564012
1.20000000000000018	0.188284161599676064
1.20600000000000041	0.188442034526834917
1.21199999999999974	0.188749280745318271
1.21799999999999997	0.189146781151576182
1.2240000000000002	0.189508692088757286
1.23000000000000043	0.189727301084580663
1.23599999999999977	0.189755854312516237
1.24199999999999999	0.189633220878371506
1.24800000000000022	0.18947059901148039
1.25400000000000045	0.189407419933288107
1.25999999999999979	0.189532259358983907
1.26600000000000001	0.189824945230627207
1.27200000000000024	0.190205153405097416
1.27800000000000047	0.190610993817593166
1.28399999999999981	0.190993068688449397
1.29000000000000004	0.191265090979797076
1.29600000000000026	0.191341358021117486
1.30200000000000049	0.191254396883419303
1.30799999999999983	0.191179061640009806
1.31400000000000006	0.191313498122372416
1.32000000000000028	0.191742386046217073
1.32600000000000051	0.192412583056522091
1.33199999999999985	0.193228012147781125
1.33800000000000008	0.194130560058694751
1.34400000000000031	0.195089633539794971
1.35000000000000053	0.196096555551737134
1.35599999999999987	0.197171078921445558
1.3620000000000001	0.198300778428221192
1.36800000000000033	0.199403304980620366
1.37399999999999967	0.200406495554588504
1.37999999999999989	0.201321420788620337
1.38600000000000012	0.20221035074414101
1.39200000000000035	0.20312232654137477
1.39799999999999969	0.204050613178330703
1.40399999999999991	0.204928406091936632
1.41000000000000014	0.205680184951732237
1.41600000000000037	0.206274649376363972
1.42199999999999971	0.206721024371392559
1.42799999999999994	0.207043282628898151
1.43400000000000016	0.207275030628470719
1.44000000000000039	0.207463932464949291
1.44599999999999973	0.207656954603900684
1.45199999999999996	0.207873113611870469
1.45800000000000018	0.208086110050235917
1.46400000000000041	0.208222185929539033
1.46999999999999975	0.208191762391865404
1.47599999999999998	0.207938152706782453
1.48200000000000021	0.207464367085944623
1.48800000000000043	0.206839469790069147
1.49399999999999977	0.206183995763401517
1.5	0.205628980610088996
1.50600000000000023	0.205258040001143671
1.51200000000000045	0.205066901060301704
1.51799999999999979	0.204980288937921445
1.52400000000000002	0.204913216385530922
1.53000000000000025	0.204818150059220605
1.53600000000000048	0.204695387312886001
1.54199999999999982	0.204573955283002235
1.54800000000000004	0.204466324324166143
1.55400000000000027	0.204333303645255843
1.5600000000000005	0.204113984314623714
1.56599999999999984	0.203798742403445199
1.57200000000000006	0.203452053359897883
1.57800000000000029	0.203158123249147282
1.58400000000000052	0.202956659407289325
1.58999999999999986	0.202822423018787834
1.59600000000000009	0.202686904735141393
1.60200000000000031	0.202479385466379919
1.60800000000000054	0.202153698689918837
1.61399999999999988	0.201686413714894291
1.62000000000000011	0.201070493582919313
1.62600000000000033	0.200320287060392954
1.63199999999999967	0.199475131471861078
1.6379999999999999	0.198587245969668091
1.64400000000000013	0.197698643569241467
1.65000000000000036	0.196826630078305864
1.65599999999999969	0.195972512133922555
1.66199999999999992	0.195145112893646971
1.66800000000000015	0.194372515858948935
1.67400000000000038	0.193685084843768729
1.67999999999999972	0.193086151383382199
1.68599999999999994	0.192540105851697507
1.69200000000000017	0.191983126088797196
1.6980000000000004	0.19134209858204837
1.70399999999999974	0.190558576671114505
1.70999999999999996	0.189621173794050302
1.71600000000000019	0.188585167726366187
1.72200000000000042	0.187548212824424548
1.72799999999999976	0.186592588470696763
1.73399999999999999	0.185741091885967796
1.74000000000000021	0.18495607802098929
1.74600000000000044	0.184170740920861137
1.75199999999999978	0.183321484024046966
1.75800000000000001	0.182361834863707856
1.76400000000000023	0.181262749135424894
1.77000000000000046	0.180012116205820999
1.7759999999999998	0.178618758622720447
1.78200000000000003	0.177115413028113483
1.78800000000000026	0.175548534916960458
1.79400000000000048	0.173955208681137091
1.79999999999999982	0.17234685189365137
1.80600000000000005	0.170715301398886715
1.81200000000000028	0.169052956205933219
1.8180000000000005	0.167366764705077303
1.82399999999999984	0.165678415964444159
1.83000000000000007	0.164017665202845553
1.8360000000000003	0.162416169775329439
1.84200000000000053	0.160904474181533391
1.84799999999999986	0.159511662316248831
1.85400000000000009	0.158263002852794293
1.86000000000000032	0.157170592003946924
1.86599999999999966	0.156221755192394757
1.87199999999999989	0.155377019968898411
1.87800000000000011	0.154580525752956971
1.88400000000000034	0.153773270128434308
1.88999999999999968	0.152901682447979775
1.89599999999999991	0.151924391482589211
1.90200000000000014	0.150820610521493981
1.90800000000000036	0.149594776653427103
1.9139999999999997	0.148270424819464869
1.91999999999999993	0.146876868324340215
1.92600000000000016	0.145440560110773026
1.93200000000000038	0.14398701194367125
1.93799999999999972	0.142546242425470232
1.94399999999999995	0.141150724457499016
1.95000000000000018	0.139824598555750079
1.95600000000000041	0.138573929402046714
1.96199999999999974	0.137386900229798797
1.96799999999999997	0.136243319507430821
1.9740000000000002	0.135125294025592702
1.98000000000000043	0.134020847466968712
1.98599999999999977	0.132919920345093312
1.99199999999999999	0.131810696190124754
1.99800000000000022	0.130682697184239111
2.00400000000000045	0.129533513246354454
2.00999999999999979	0.128371836551056245
2.01600000000000001	0.12721461083516053
2.02200000000000024	0.126081516088897172
2.02800000000000047	0.12498968196946815
2.03399999999999981	0.123949350555313198
2.04000000000000004	0.122961500313266608
2.04600000000000026	0.122019008939470736
2.05200000000000049	0.121110665671382359
2.05799999999999983	0.120225116769801951
2.06400000000000006	0.119352702640071723
2.07000000000000028	0.118485078053496368
2.07600000000000051	0.117614088126475322
2.08199999999999985	0.116731940716793825
2.08800000000000008	0.115832815774446596
2.09400000000000031	0.11491374662309943
2.10000000000000053	0.113973285920046422
2.10599999999999987	0.113009405659965756
2.1120000000000001	0.112019415640466927
2.11800000000000033	0.111002532158583911
2.12399999999999967	0.109962490719432024
2.12999999999999989	0.108907092869474614
2.13600000000000012	0.107844724028119468
2.14200000000000035	0.106780949866079319
2.14799999999999969	0.105717714877137256
2.15399999999999991	0.104654767010119776
2.16000000000000014	0.103591267755071464
2.16600000000000037	0.102526508323106239
2.17199999999999971	0.101460479705805906
2.17799999999999994	0.100395266057569099
2.18400000000000016	0.0993366553849904937
2.19000000000000039	0.098294030261812923
2.19599999999999973	0.0972774755980654188
2.20199999999999996	0.0962936990634535306
2.20800000000000018	0.0953439666276984094
2.21400000000000041	0.0944256256580268405
2.21999999999999975	0.0935354472743477328
2.22599999999999998	0.092671755019484936
2.23200000000000021	0.0918343124060984339
2.23800000000000043	0.09102340384476168
2.24399999999999977	0.0902396172950579722
2.25	0.0894841568161278411
2.25600000000000023	0.0887585538689759507
2.26200000000000045	0.0880632461235726638
2.26799999999999979	0.0873955746668395594
2.27400000000000002	0.0867482442911545193
2.28000000000000025	0.0861091838511657964
2.28600000000000048	0.0854634570573600261
2.29199999999999982	0.0847971989535166726
2.29800000000000004	0.0841022385040601228
2.30400000000000027	0.0833790978538209715
2.3100000000000005	0.0826366516372478987
2.31599999999999984	0.0818886034205976998
2.32200000000000006	0.0811486734497410406
2.32800000000000029	0.0804267851639140358
2.33400000000000052	0.0797275051659374207
2.33999999999999986	0.0790506041030804851
2.34600000000000009	0.0783928574278782014
2.35200000000000031	0.0777500259620129697
2.35800000000000054	0.0771180472036843007
2.36399999999999988	0.0764931139320981085
2.37000000000000011	0.0758713310735579655
2.37600000000000033	0.0752488447122959397
2.38199999999999967	0.0746223959257270586
2.3879999999999999	0.0739895599800691611
2.39400000000000013	0.0733484462662664649
2.40000000000000036	0.0726974302479207329
2.40599999999999969	0.0720354300112891477
2.41199999999999992	0.0713625938026147683
2.41800000000000015	0.0706808622515864432
2.42400000000000038	0.0699939592387974763
2.42999999999999972	0.0693067725334450685
2.43599999999999994	0.0686244817414701364
2.44200000000000017	0.0679518262769698428
2.4480000000000004	0.0672926536918719981
2.45399999999999974	0.0666497463583748395
2.45999999999999996	0.0660249242271054304
2.46600000000000019	0.0654192975159962053
2.47200000000000042	0.0648333984697464782
2.47799999999999976	0.0642670898336140245
2.48399999999999999	0.0637194633601573523
2.49000000000000021	0.0631888869753959581
2.49600000000000044	0.0626729987703551761
2.50199999999999978	0.0621684089558718483
2.50800000000000001	0.061670300862543638
2.51400000000000023	0.061172460936361639
2.52000000000000046	0.0606681235425184651
2.5259999999999998	0.0601515558218155555
2.53200000000000003	0.0596198407101962355
2.53800000000000026	0.0590740630377930009
2.54400000000000048	0.0585192842065577687
2.54999999999999982	0.0579633067225478679
2.55600000000000005	0.0574148190671199335
2.56200000000000028	0.05688161048009472
2.5680000000000005	0.0563692756578416942
2.57399999999999984	0.0558805869588591825
2.58000000000000007	0.0554155498599295943
2.5860000000000003	0.0549719325239774737
2.59200000000000053	0.0545458909945947951
2.59799999999999986	0.0541324407461033844
2.60400000000000009	0.0537258622373502359
2.61000000000000032	0.0533202919059541855
2.61600000000000055	0.0529105698546512015
2.62199999999999989	0.0524931213195699228
2.62800000000000011	0.0520665357925393299
2.63400000000000034	0.0516316213684559766
2.63999999999999968	0.0511909232945057524
2.64599999999999991	0.0507478942764445912
2.65200000000000014	0.0503060191441410537
2.65800000000000036	0.0498681727422668059
2.6639999999999997	0.0494363367599964035
2.66999999999999993	0.0490116112646157703
2.67600000000000016	0.0485943527824949095
2.68200000000000038	0.0481843185759071105
2.68799999999999972	0.0477808355506695592
2.69399999999999995	0.047383092366270016
2.70000000000000018	0.0469905769068511905
2.70600000000000041	0.0466035066079494853
2.71199999999999974	0.0462229934336040454
2.71799999999999997	0.0458507677607695938
2.7240000000000002	0.045488517426575753
2.73000000000000043	0.0451371199463684869
2.73599999999999977	0.0447961087376267802
2.74199999999999999	0.0444635901083553359
2.74800000000000022	0.0441366193499782497
2.75400000000000045	0.0438118845345354113
2.75999999999999979	0.0434864817703196072
2.76600000000000001	0.0431585598044531768
2.77200000000000024	0.0428276450527365418
2.77800000000000047	0.0424945548806823642
2.78399999999999981	0.0421609642617819316
2.79000000000000004	0.0418288294011629064
2.79600000000000026	0.0414998947670069049
2.80200000000000049	0.0411754077323920054
2.80799999999999983	0.0408560328949481924
2.81400000000000006	0.0405418966162648803
2.82000000000000028	0.0402327093521954102
2.82600000000000051	0.0399279434217033116
2.83199999999999985	0.0396270428880702505
2.83800000000000008	0.0393296247984915096
2.84400000000000031	0.0390356252061016887
2.85000000000000053	0.0387453532324252628
2.85599999999999987	0.0384594319706162216
2.8620000000000001	0.0381786215211453173
2.86800000000000033	0.0379035420441128507
2.87400000000000055	0.0376343525414405272
2.87999999999999989	0.037370490387397988
2.88600000000000012	0.0371106027742939132
2.89200000000000035	0.0368527547778591119
2.89799999999999969	0.0365948749582818006
2.90399999999999991	0.036335270902515239
2.91000000000000014	0.0360730060399626837
2.91600000000000037	0.0358080012621149468
2.92199999999999971	0.0355408573928920057
2.92799999999999994	0.0352725107109811489
2.93400000000000016	0.0350038828728950133
2.94000000000000039	0.0347356576748101761
2.94599999999999973	0.0344682335253794006
2.95199999999999996	0.0342018113773118054
2.95800000000000018	0.0339365344666976015
2.96400000000000041	0.0336726120079069435
2.96999999999999975	0.0334103969324884981
2.97599999999999998	0.0331504056759935953
2.98200000000000021	0.0328932690792732713
2.98800000000000043	0.0326396203163702645
2.99399999999999977	0.0323899622197052761
3	0.032144574685195472
