-3	0.0326400702004339127
-2.99400000000000022	0.0328623305764163612
-2.98799999999999999	0.0330858188859811317
-2.98200000000000021	0.0333109289905845138
-2.97599999999999998	0.0335379966549300065
-2.9700000000000002	0.0337672155908784397
-2.96399999999999997	0.0339985857065321917
-2.95800000000000018	0.0342319060327666777
-2.95199999999999996	0.0344668146549844262
-2.94600000000000017	0.0347028686129379621
-2.93999999999999995	0.0349396515637236671
-2.93400000000000016	0.0351768925986671033
-2.92799999999999994	0.0354145700976859074
-2.92200000000000015	0.0356529656529845224
-2.91599999999999993	0.0358926411256919181
-2.91000000000000014	0.036134342405559787
-2.90399999999999991	0.0363788687255512944
-2.89800000000000013	0.036626960721203132
-2.8919999999999999	0.0368792442916851398
-2.88600000000000012	0.0371362332171858087
-2.87999999999999989	0.0373983644600061338
-2.87400000000000011	0.0376660341444327862
-2.86799999999999988	0.0379396181927501366
-2.8620000000000001	0.0382194788943848521
-2.85599999999999987	0.0385059594306389821
-2.85000000000000009	0.0387993575239574326
-2.84399999999999986	0.039099866202383593
-2.83800000000000008	0.0394074848814918652
-2.83199999999999985	0.0397219299500630729
-2.82600000000000007	0.0400425896904572851
-2.81999999999999984	0.0403685538474345199
-2.81400000000000006	0.0406987089504864327
-2.80799999999999983	0.0410318627079127723
-2.80200000000000005	0.0413668724270703086
-2.79599999999999982	0.041702782587074376
-2.79000000000000004	0.0420389765233880816
-2.78399999999999981	0.0423753052811746203
-2.77800000000000002	0.0427121225269864457
-2.7719999999999998	0.0430501802440456383
-2.76600000000000001	0.0433904137425512662
-2.75999999999999979	0.043733703129328852
-2.754	0.0440806980251023522
-2.74800000000000022	0.0444317454922035227
-2.74199999999999999	0.0447869098646866207
-2.73599999999999977	0.0451460455857239928
-2.72999999999999998	0.0455088832347891672
-2.7240000000000002	0.0458751060958425688
-2.71799999999999997	0.0462444155952876218
-2.71199999999999974	0.0466165910528270194
-2.70599999999999996	0.0469915347360226332
-2.70000000000000018	0.0473692719128734341
-2.69399999999999995	0.0477498799231145868
-2.68800000000000017	0.0481333686327918148
-2.68199999999999994	0.0485195947321526641
-2.67600000000000016	0.0489082999741915561
-2.66999999999999993	0.0492992927012672819
-2.66400000000000015	0.049692688854006177
-2.65799999999999992	0.0500890735595130726
-2.65200000000000014	0.0504894889215370193
-2.64599999999999991	0.0508952681125669631
-2.64000000000000012	0.0513078175455354071
-2.6339999999999999	0.051728426093928026
-2.62800000000000011	0.052158104415134264
-2.62199999999999989	0.0525974409355386696
-2.6160000000000001	0.0530465247808658003
-2.60999999999999988	0.0535050218852097595
-2.60400000000000009	0.0539724054741991047
-2.59799999999999986	0.0544481976673204457
-2.59200000000000008	0.0549320331683113075
-2.58599999999999985	0.0554234787034350515
-2.58000000000000007	0.0559217366142008981
-2.57399999999999984	0.056425462534149054
-2.56800000000000006	0.0569328493220098986
-2.56199999999999983	0.0574419417386380221
-2.55600000000000005	0.0579510135045346389
-2.54999999999999982	0.0584588612978834896
-2.54400000000000004	0.0589649918492423306
-2.53799999999999981	0.0594697520983045458
-2.53200000000000003	0.059974394040353339
-2.5259999999999998	0.0604809567193201406
-2.52000000000000002	0.0609918610111424911
-2.51400000000000023	0.0615092885541554321
-2.50800000000000001	0.0620345900903906122
-2.50199999999999978	0.0625679706918268186
-2.496	0.0631085367583787277
-2.49000000000000021	0.0636546087838591595
-2.48399999999999999	0.0642041271230260197
-2.47799999999999976	0.0647550083164378926
-2.47199999999999998	0.0653053885176256704
-2.46600000000000019	0.0658537751560362428
-2.45999999999999996	0.0663991797896545943
-2.45399999999999974	0.066941290032930062
-2.44799999999999995	0.0674806614808247524
-2.44200000000000017	0.0680188196194552036
-2.43599999999999994	0.0685581385333360327
-2.42999999999999972	0.0691014730487360673
-2.42399999999999993	0.0696517049689294593
-2.41800000000000015	0.0702114352142539644
-2.41199999999999992	0.0707828927199998514
-2.40600000000000014	0.0713678837604921484
-2.39999999999999991	0.0719675706361713602
-2.39400000000000013	0.0725821176619861064
-2.3879999999999999	0.0732104744740715713
-2.38200000000000012	0.0738505022034225134
-2.37599999999999989	0.0744994156698729204
-2.37000000000000011	0.075154392442140977
-2.36399999999999988	0.0758131979024723734
-2.3580000000000001	0.0764746561820375398
-2.35199999999999987	0.0771387696074125329
-2.34600000000000009	0.0778063823197298193
-2.33999999999999986	0.0784785312938622859
-2.33400000000000007	0.0791558586527680436
-2.32799999999999985	0.0798384254959635942
-2.32200000000000006	0.0805259614296314485
-2.31599999999999984	0.0812182998646409915
-2.31000000000000005	0.0819157206376318475
-2.30399999999999983	0.0826190870472899713
-2.29800000000000004	0.0833298344004136382
-2.29199999999999982	0.0840498940889364277
-2.28600000000000003	0.0847815147323025403
-2.28000000000000025	0.0855268832318741429
-2.27400000000000002	0.0862876392365598266
-2.26799999999999979	0.0870646208649453329
-2.26200000000000001	0.0878580627935576924
-2.25600000000000023	0.0886680102388001101
-2.25	0.0894945088677369244
-2.24399999999999977	0.0903374550268009752
-2.23799999999999999	0.0911963611765794907
-2.23200000000000021	0.0920702977377503562
-2.22599999999999998	0.092958023068986248
-2.21999999999999975	0.0938580643588814156
-2.21399999999999997	0.0947685156383961669
-2.20800000000000018	0.0956866380547205797
-2.20199999999999996	0.0966086588115046552
-2.19599999999999973	0.0975301521474005312
-2.18999999999999995	0.0984470693101033717
-2.18400000000000016	0.0993570657218522668
-2.17799999999999994	0.10026052865453379
-2.17199999999999971	0.101160784965910924
-2.16599999999999993	0.102063210341351282
-2.16000000000000014	0.102973389555003389
-2.15399999999999991	0.103895081364003133
-2.14800000000000013	0.104828939817328215
-2.1419999999999999	0.105772586392007595
-2.13600000000000012	0.106722098342501334
-2.12999999999999989	0.107674189732804515
-2.12400000000000011	0.108627673902381941
-2.11799999999999988	0.109583314167120222
-2.1120000000000001	0.110542667572232509
-2.10599999999999987	0.111507251383125977
-2.10000000000000009	0.112478645385996515
-2.09399999999999986	0.113459083341970371
-2.08800000000000008	0.114451560663919316
-2.08199999999999985	0.115458807983184808
-2.07600000000000007	0.116481701476263383
-2.06999999999999984	0.117518543760878474
-2.06400000000000006	0.118565946144724543
-2.05799999999999983	0.119620813985839555
-2.05200000000000005	0.120682488713921787
-2.04599999999999982	0.12175400623319714
-2.04000000000000004	0.122841273533987161
-2.03399999999999981	0.12394963449740172
-2.02800000000000002	0.125079457256263016
-2.02200000000000024	0.126224162121846673
-2.01600000000000001	0.127372724647297708
-2.00999999999999979	0.128514995041686259
-2.004	0.129645995234868083
-1.998	0.130766581794747011
-1.99199999999999999	0.131881042192236564
-1.98599999999999999	0.132994375765234846
-1.97999999999999998	0.134111440139587007
-1.97399999999999998	0.135237712184685194
-1.96799999999999997	0.136379352644923318
-1.96199999999999997	0.137540817657453934
-1.95599999999999996	0.138721550554566003
-1.94999999999999996	0.139915243166621045
-1.94399999999999995	0.141112464921671954
-1.93799999999999994	0.142304122665499938
-1.93199999999999994	0.143484051324207579
-1.92599999999999993	0.144650617504255063
-1.91999999999999993	0.145806326635643801
-1.91399999999999992	0.146955089811217798
-1.90799999999999992	0.148099962133838914
-1.90199999999999991	0.149243829121704918
-1.89599999999999991	0.150390925585472818
-1.8899999999999999	0.151545495044608153
-1.8839999999999999	0.15270773729540521
-1.87799999999999989	0.153870410273152791
-1.87199999999999989	0.155018382489504364
-1.86599999999999988	0.156131729167695965
-1.85999999999999988	0.157192832856915599
-1.85399999999999987	0.158195675352516885
-1.84799999999999986	0.159151030903944168
-1.84200000000000008	0.160082189138315623
-1.83600000000000008	0.161013959238048593
-1.83000000000000007	0.161963124964305094
-1.82400000000000007	0.162935763929923233
-1.81800000000000006	0.163931653042363457
-1.81200000000000006	0.164951401097323092
-1.80600000000000005	0.165999004765082614
-1.80000000000000004	0.167076845868719542
-1.79400000000000004	0.168177981595395348
-1.78800000000000003	0.169283079729821317
-1.78200000000000003	0.170366487979714432
-1.77600000000000002	0.171409046302620854
-1.77000000000000002	0.172408398028154247
-1.76400000000000001	0.173377986586968624
-1.75800000000000001	0.174334428475792474
-1.752	0.175283558942273293
-1.746	0.176218405444185711
-1.73999999999999999	0.177130141679259945
-1.73399999999999999	0.178018429612158829
-1.72799999999999998	0.17889128212318603
-1.72199999999999998	0.179759016455813547
-1.71599999999999997	0.180630677279648044
-1.70999999999999996	0.181513283013784055
-1.70399999999999996	0.182408783714917089
-1.69799999999999995	0.183309353116342916
-1.69199999999999995	0.184198721496776907
-1.68599999999999994	0.18506037929951899
-1.67999999999999994	0.185882352895653441
-1.67399999999999993	0.186654858359061676
-1.66799999999999993	0.187369993093670834
-1.66199999999999992	0.188027412422697826
-1.65599999999999992	0.188636739736256803
-1.64999999999999991	0.189212050113486102
-1.64399999999999991	0.189767891237555775
-1.6379999999999999	0.190321005571795598
-1.6319999999999999	0.190887512662636455
-1.62599999999999989	0.191472579448386387
-1.61999999999999988	0.192066070123996513
-1.61399999999999988	0.192652445190631322
-1.60799999999999987	0.193225763711837112
-1.60199999999999987	0.193794565348442221
-1.59599999999999986	0.194370556717975235
-1.59000000000000008	0.194953118856090735
-1.58400000000000007	0.195526884036529514
-1.57800000000000007	0.196073974950890073
-1.57200000000000006	0.196588194326426852
-1.56600000000000006	0.197078090607934825
-1.56000000000000005	0.197556075496097661
-1.55400000000000005	0.198022637590387518
-1.54800000000000004	0.198457306006582984
-1.54200000000000004	0.198823496630881558
-1.53600000000000003	0.199087949046035717
-1.53000000000000003	0.199249364796541123
-1.52400000000000002	0.199356929589565829
-1.51800000000000002	0.199490358803979473
-1.51200000000000001	0.199708491106667663
-1.50600000000000001	0.200016917231106928
-1.5	0.200380657816575797
-1.49399999999999999	0.200750704345597664
-1.48799999999999999	0.201074401075562931
-1.48199999999999998	0.20130492562063465
-1.47599999999999998	0.201423798565970119
-1.46999999999999997	0.201454974965225631
-1.46399999999999997	0.201449178128278367
-1.45799999999999996	0.201450813443403182
-1.45199999999999996	0.201477652337736873
-1.44599999999999995	0.201524628928472477
-1.43999999999999995	0.201583403299643193
-1.43399999999999994	0.201656601811621206
-1.42799999999999994	0.201748191453622383
-1.42199999999999993	0.201847857205398828
-1.41599999999999993	0.201936871220808278
-1.40999999999999992	0.202002598760477603
-1.40399999999999991	0.202029255627613341
-1.39799999999999991	0.201986332897719778
-1.3919999999999999	0.201853017904505716
-1.3859999999999999	0.20164242157101947
-1.37999999999999989	0.20138861548533582
-1.37399999999999989	0.201121842355685504
-1.36799999999999988	0.200856573791819204
-1.36199999999999988	0.200590307377701699
-1.35599999999999987	0.200306060970279615
-1.34999999999999987	0.199977276682285654
-1.34399999999999986	0.199578853448956206
-1.33799999999999986	0.199105707942654003
-1.33200000000000007	0.198588623850397439
-1.32600000000000007	0.198083359237338108
-1.32000000000000006	0.197633768629510487
-1.31400000000000006	0.197249393491297859
-1.30800000000000005	0.196919051746709123
-1.30200000000000005	0.196637287949301964
-1.29600000000000004	0.196411113948949528
-1.29000000000000004	0.196236360874933069
-1.28400000000000003	0.196076002259975013
-1.27800000000000002	0.195877609168363526
-1.27200000000000002	0.195608515922595871
-1.26600000000000001	0.195267878585060034
-1.26000000000000001	0.194877348873155443
-1.254	0.194469900355371511
-1.248	0.194066247882065529
-1.24199999999999999	0.193651926210179848
-1.23599999999999999	0.193196026071943694
-1.22999999999999998	0.192692181527658185
-1.22399999999999998	0.192157734542499653
-1.21799999999999997	0.191597305917747401
-1.21199999999999997	0.1909987390960943
-1.20599999999999996	0.190356775387901217
-1.19999999999999996	0.189673962052049921
-1.19399999999999995	0.188957853696679806
-1.18799999999999994	0.18823711809190205
-1.18199999999999994	0.18754221570703114
-1.17599999999999993	0.186863825454114757
-1.16999999999999993	0.186199785939024115
-1.16399999999999992	0.185595758089016488
-1.15799999999999992	0.185063979788549354
-1.15199999999999991	0.184531926713105643
-1.14599999999999991	0.183894094363939109
-1.1399999999999999	0.183101563278881246
-1.1339999999999999	0.182205807740269371
-1.12799999999999989	0.181299056744132631
-1.12199999999999989	0.180442748625896765
-1.11599999999999988	0.179675502548320237
-1.10999999999999988	0.179041308219737655
-1.10399999999999987	0.178557586205581043
-1.09799999999999986	0.178178640297454255
-1.09199999999999986	0.177842595989986585
-1.08599999999999985	0.177529982892116522
-1.08000000000000007	0.177217210476648457
-1.07400000000000007	0.176836597560294184
-1.06800000000000006	0.176338164061028174
-1.06200000000000006	0.175725410306259544
-1.05600000000000005	0.175025649440604947
-1.05000000000000004	0.174267007623200604
-1.04400000000000004	0.173487235794304889
-1.03800000000000003	0.172719076173698804
-1.03200000000000003	0.171982200014793113
-1.02600000000000002	0.171276142518655833
-1.02000000000000002	0.17056607945736435
-1.01400000000000001	0.16980966252852589
-1.00800000000000001	0.169024861040667496
-1.002	0.168293442337696109
-0.995999999999999996	0.167640027056989188
-0.989999999999999769	0.167005676980136658
-0.983999999999999986	0.166356555099802572
-0.977999999999999758	0.16572868150008227
-0.971999999999999975	0.16512211595144502
-0.965999999999999748	0.164482866689208057
-0.959999999999999964	0.163818178985689927
-0.953999999999999737	0.163197263091446026
-0.947999999999999954	0.162660306858504966
-0.942000000000000171	0.162168332871249848
-0.935999999999999943	0.16165973025543362
-0.93000000000000016	0.161135768654093264
-0.923999999999999932	0.160632441464321568
-0.918000000000000149	0.160130433205141504
-0.911999999999999922	0.159573959127502801
-0.906000000000000139	0.158979768535133986
-0.899999999999999911	0.158454829563563132
-0.894000000000000128	0.158097127824802092
-0.887999999999999901	0.157887913926019169
-0.882000000000000117	0.157668809966815981
-0.87599999999999989	0.157339252712916822
-0.870000000000000107	0.156913782522790896
-0.863999999999999879	0.156438280665459839
-0.858000000000000096	0.156039790538770179
-0.851999999999999869	0.15576438096744824
-0.846000000000000085	0.155472888489644384
-0.839999999999999858	0.155104924595552807
-0.834000000000000075	0.154713739580446846
-0.827999999999999847	0.154219534965577915
-0.822000000000000064	0.153575376335918445
-0.815999999999999837	0.152922771092307036
-0.810000000000000053	0.152331669610157427
-0.803999999999999826	0.151721155446646605
-0.798000000000000043	0.151089575336622206
-0.791999999999999815	0.150519373232918197
-0.786000000000000032	0.150046223148090657
-0.779999999999999805	0.149718629813055698
-0.774000000000000021	0.149488360788523067
-0.767999999999999794	0.149141676943682605
-0.762000000000000011	0.148632332540471895
-0.755999999999999783	0.148207077165657286
-0.75	0.147935719161190499
-0.743999999999999773	0.147759868906277431
-0.737999999999999989	0.147530867054218057
-0.731999999999999762	0.147156865296564826
-0.725999999999999979	0.146599500823031692
-0.719999999999999751	0.145918855379085582
-0.713999999999999968	0.145304664844458808
-0.707999999999999741	0.14489317003819821
-0.701999999999999957	0.14477520363065699
-0.69599999999999973	0.144792084966765822
-0.689999999999999947	0.144756393103259523
-0.684000000000000163	0.144606075747424234
-0.677999999999999936	0.144238043972358204
-0.672000000000000153	0.143592952301839327
-0.665999999999999925	0.14290805239145507
-0.660000000000000142	0.142819216889727041
-0.653999999999999915	0.143234272623739611
-0.648000000000000131	0.143522586837110694
-0.641999999999999904	0.143522494944830631
-0.636000000000000121	0.143262458143417287
-0.629999999999999893	0.14298325915672952
-0.62400000000000011	0.14283307357502098
-0.617999999999999883	0.142683314907782161
-0.612000000000000099	0.142164775296470008
-0.605999999999999872	0.141363007052781792
-0.600000000000000089	0.140637665352079666
-0.593999999999999861	0.140221774945252786
-0.588000000000000078	0.140092633722122772
-0.581999999999999851	0.140302555293775999
-0.576000000000000068	0.140665488464413901
-0.56999999999999984	0.141069198071747892
-0.564000000000000057	0.141400304345757843
-0.557999999999999829	0.141111302936154204
-0.552000000000000046	0.140565589975170602
-0.545999999999999819	0.140191623886674166
-0.540000000000000036	0.140022094117931983
-0.533999999999999808	0.140278332518009252
-0.528000000000000025	0.140700786551793966
-0.521999999999999797	0.141011312932557503
-0.516000000000000014	0.141211093769537832
-0.509999999999999787	0.14170598020121436
-0.504000000000000004	0.141992564333392496
-0.497999999999999776	0.141990564059072455
-0.491999999999999993	0.141956554307356181
-0.485999999999999766	0.141890644819837125
-0.479999999999999982	0.141983314671240618
-0.473999999999999755	0.142179199396649969
-0.467999999999999972	0.142185332245432033
-0.461999999999999744	0.142189839414474356
-0.455999999999999961	0.142144332887136071
-0.449999999999999734	0.142649529942872277
-0.44399999999999995	0.142891801241889133
-0.438000000000000167	0.143226448132710377
-0.43199999999999994	0.144014181828290483
-0.426000000000000156	0.14509559739643757
-0.419999999999999929	0.145430595654428341
-0.414000000000000146	0.145001463618783522
-0.407999999999999918	0.144639166691168219
-0.402000000000000135	0.145083796111930036
-0.395999999999999908	0.145305870299912238
-0.390000000000000124	0.145475911910083411
-0.383999999999999897	0.145694079885962363
-0.378000000000000114	0.14631659887065035
-0.371999999999999886	0.147725845936780342
-0.366000000000000103	0.148821349891533783
-0.359999999999999876	0.149017998643147243
-0.354000000000000092	0.149635279087941858
-0.347999999999999865	0.151312583207695722
-0.342000000000000082	0.150905850195912516
-0.335999999999999854	0.150617804085210527
-0.330000000000000071	0.149981694306946078
-0.323999999999999844	0.14999216834315951
-0.31800000000000006	0.151535422304548362
-0.311999999999999833	0.152974278625959331
-0.30600000000000005	0.153369266599120646
-0.299999999999999822	0.154565837581034898
-0.294000000000000039	0.156517791799445083
-0.287999999999999812	0.157132994561285766
-0.282000000000000028	0.1595443438833829
-0.275999999999999801	0.16053826607516905
-0.270000000000000018	0.161800751201113591
-0.26399999999999979	0.163610080619452841
-0.258000000000000007	0.165146841546082668
-0.25199999999999978	0.165599490266721577
-0.245999999999999996	0.16364145750549805
-0.239999999999999769	0.164932564225457462
-0.233999999999999986	0.167925759220668935
-0.227999999999999758	0.171370594819076016
-0.221999999999999975	0.175370257263138901
-0.215999999999999748	0.17632695728624051
-0.209999999999999964	0.178367085506408452
-0.203999999999999737	0.181103889651987815
-0.197999999999999954	0.182950896336978613
-0.191999999999999726	0.185767050165924236
-0.185999999999999943	0.188567893214011267
-0.18000000000000016	0.190329604589210277
-0.173999999999999932	0.189456953739920581
-0.168000000000000149	0.197231120529749504
-0.161999999999999922	0.201731867976662649
-0.156000000000000139	0.20498031112122797
-0.149999999999999911	0.211924968560058519
-0.144000000000000128	0.213349049476794506
-0.137999999999999901	0.218351236661526338
-0.132000000000000117	0.230438409015729401
-0.12599999999999989	0.235037587542776344
-0.120000000000000107	0.238625503208933359
-0.113999999999999879	0.249816149757291023
-0.108000000000000096	0.260299284273564357
-0.101999999999999869	0.273782815711827443
-0.0960000000000000853	0.275926390539414479
-0.0899999999999998579	0.284206212880297071
-0.0840000000000000746	0.30331301535848143
-0.0779999999999998472	0.334045580447972945
-0.0720000000000000639	0.348309223282190439
-0.0659999999999998366	0.369369831309789287
-0.0600000000000000533	0.40203931078897176
-0.0539999999999998259	0.437141364971397606
-0.0480000000000000426	0.471910780385133011
-0.0419999999999998153	0.518769219870423126
-0.036000000000000032	0.599141614946070877
-0.0299999999999998046	0.668320367744452692
-0.0240000000000000213	0.746938228724176478
-0.0179999999999997939	0.851672742598478361
-0.0120000000000000107	0.956364840363998936
-0.00599999999999978328	1.02993906796859513
0	1.06103147540290887
0.00600000000000022737	1.02857217303395942
0.0120000000000000107	0.953339752635467663
0.018000000000000238	0.855604376227897423
0.0240000000000000213	0.74473659133814829
0.0300000000000002487	0.661160694089056644
0.036000000000000032	0.605436357364914968
0.0420000000000002593	0.527145963705726306
0.0480000000000000426	0.465877912464400634
0.05400000000000027	0.436765808388878352
0.0600000000000000533	0.401948097082618028
0.0660000000000002807	0.374062498292512036
0.0720000000000000639	0.346953663479577179
0.0779999999999998472	0.329801006264222096
0.0840000000000000746	0.309312183455712375
0.0899999999999998579	0.298993393303133181
0.0960000000000000853	0.280989635110449387
0.101999999999999869	0.269585094423524019
0.108000000000000096	0.257723580275470154
0.113999999999999879	0.252944487803923368
0.120000000000000107	0.24427889947058945
0.12599999999999989	0.236194723004556129
0.132000000000000117	0.228191670366697658
0.137999999999999901	0.223526220818640431
0.144000000000000128	0.216690349123485088
0.149999999999999911	0.209968252970620134
0.156000000000000139	0.201279477862356643
0.161999999999999922	0.196738619804314424
0.168000000000000149	0.198377638506623127
0.173999999999999932	0.199214138180068945
0.18000000000000016	0.196455341997999827
0.185999999999999943	0.191243443970361526
0.192000000000000171	0.187015710650458716
0.197999999999999954	0.183112940826745452
0.204000000000000181	0.180917388864287515
0.209999999999999964	0.180052875923155248
0.216000000000000192	0.178437347862131362
0.221999999999999975	0.175628401366740378
0.228000000000000203	0.173090851420440145
0.233999999999999986	0.169043752673233461
0.240000000000000213	0.166326978470326015
0.245999999999999996	0.164319508302208039
0.252000000000000224	0.164278361936780776
0.258000000000000007	0.161788146392981391
0.264000000000000234	0.160072676654127666
0.270000000000000018	0.158329921555737135
0.276000000000000245	0.156069974323732846
0.282000000000000028	0.15631968857860834
0.288000000000000256	0.156540461821334992
0.294000000000000039	0.155249246321078005
0.300000000000000266	0.155589701992651153
0.30600000000000005	0.15512181599799571
0.312000000000000277	0.156011924690152182
0.31800000000000006	0.155452026107233826
0.324000000000000288	0.153446022741269228
0.330000000000000071	0.152233657489885793
0.335999999999999854	0.150364245291199489
0.342000000000000082	0.150089073111948051
0.347999999999999865	0.149761486502771268
0.354000000000000092	0.149594078327384999
0.359999999999999876	0.148003641755990401
0.366000000000000103	0.146240855609293174
0.371999999999999886	0.145624166630900997
0.378000000000000114	0.14539853326599933
0.383999999999999897	0.145660451804514673
0.390000000000000124	0.146070778946550683
0.395999999999999908	0.146590722747108326
0.402000000000000135	0.145736230382164517
0.407999999999999918	0.144614385295849163
0.414000000000000146	0.143676645334094993
0.419999999999999929	0.142998814282365078
0.426000000000000156	0.142641299159746715
0.43199999999999994	0.142855474472616845
0.438000000000000167	0.143396343434243734
0.44399999999999995	0.143786746274370575
0.450000000000000178	0.14332878157188178
0.455999999999999961	0.142636070479737337
0.462000000000000188	0.142975224489865105
0.467999999999999972	0.143724078899859387
0.474000000000000199	0.143933818585568224
0.479999999999999982	0.143399243452577513
0.48600000000000021	0.142380718835442982
0.491999999999999993	0.14139122451423769
0.49800000000000022	0.140940756913900983
0.504000000000000004	0.140650433857988671
0.510000000000000231	0.140726523965084588
0.516000000000000014	0.141255640161937673
0.522000000000000242	0.141810004159136582
0.528000000000000025	0.141989829762121572
0.534000000000000252	0.141811803962035937
0.540000000000000036	0.141482172444778009
0.546000000000000263	0.140908619052821871
0.552000000000000046	0.140230777888282754
0.558000000000000274	0.139474142748718472
0.564000000000000057	0.139108344651099863
0.570000000000000284	0.139144453050622896
0.576000000000000068	0.139306316930115998
0.582000000000000295	0.139525802654985404
0.588000000000000078	0.139791380292295569
0.593999999999999861	0.139923863463245146
0.600000000000000089	0.139954371523353882
0.605999999999999872	0.139983484934362135
0.612000000000000099	0.140193600481142849
0.617999999999999883	0.140646515833571933
0.62400000000000011	0.141173035813286774
0.629999999999999893	0.141548556615272686
0.636000000000000121	0.141641764637599227
0.641999999999999904	0.14154760275940631
0.648000000000000131	0.141663019533357748
0.653999999999999915	0.142284217371109745
0.660000000000000142	0.143044227782547939
0.665999999999999925	0.143551130507166558
0.672000000000000153	0.143956532477022003
0.677999999999999936	0.144443089226328925
0.684000000000000163	0.144959753209444875
0.689999999999999947	0.14527532112548619
0.696000000000000174	0.145250570542669044
0.701999999999999957	0.145198040350889623
0.708000000000000185	0.145470963335015024
0.713999999999999968	0.146128436802916428
0.720000000000000195	0.146807776503451282
0.725999999999999979	0.147345658475356245
0.732000000000000206	0.147848049249556968
0.737999999999999989	0.148262254815789501
0.744000000000000217	0.14852167674517
0.75	0.148674313500891109
0.756000000000000227	0.148772379053341647
0.762000000000000011	0.148900891081602982
0.768000000000000238	0.149207871507615886
0.774000000000000021	0.149839639997843416
0.780000000000000249	0.150632492536504931
0.786000000000000032	0.15123338715402268
0.792000000000000259	0.151656874692236543
0.798000000000000043	0.152038496393826383
0.80400000000000027	0.152363699630954169
0.810000000000000053	0.152731463164701209
0.816000000000000281	0.153186256936699988
0.822000000000000064	0.153551312756609964
0.828000000000000291	0.153838577296926127
0.834000000000000075	0.154120272924298057
0.839999999999999858	0.154339711473275493
0.846000000000000085	0.154516355383650744
0.851999999999999869	0.154710149386012435
0.858000000000000096	0.154982114834323975
0.863999999999999879	0.155384255330924953
0.870000000000000107	0.155866145786004828
0.87599999999999989	0.156312944473884996
0.882000000000000117	0.15678143437182207
0.887999999999999901	0.157426669694823773
0.894000000000000128	0.158204509976905688
0.899999999999999911	0.158983105438336464
0.906000000000000139	0.159764605600591136
0.911999999999999922	0.160541574212194837
0.918000000000000149	0.161232243094543953
0.923999999999999932	0.161790170850168946
0.93000000000000016	0.16227230796776107
0.935999999999999943	0.162763523247142994
0.942000000000000171	0.163318107088619963
0.947999999999999954	0.163956914406838739
0.954000000000000181	0.164620121246978973
0.959999999999999964	0.165221907383819061
0.966000000000000192	0.165794435060839906
0.971999999999999975	0.166415679031229197
0.978000000000000203	0.167056054915916824
0.983999999999999986	0.167613205965704309
0.990000000000000213	0.1680370975699986
0.995999999999999996	0.168400304531641148
1.00199999999999978	0.16879562051629729
1.00800000000000001	0.169231407912650456
1.01400000000000023	0.169694390724484528
1.02000000000000046	0.170179759473929881
1.0259999999999998	0.170670654078397044
1.03200000000000003	0.171146990581158842
1.03800000000000026	0.171627207828522477
1.04400000000000048	0.172185543510243594
1.04999999999999982	0.172891668198714793
1.05600000000000005	0.173733968611760187
1.06200000000000028	0.174592884579293756
1.0680000000000005	0.175312519058674204
1.07399999999999984	0.17585158938531989
1.08000000000000007	0.176311869324446396
1.0860000000000003	0.176812322865446292
1.09200000000000053	0.177413115519768128
1.09799999999999986	0.178088410774358663
1.10400000000000009	0.178745506912003804
1.11000000000000032	0.179321441117050756
1.11599999999999966	0.179810285917318985
1.12199999999999989	0.180233719990015279
1.12800000000000011	0.180653748639037687
1.13400000000000034	0.18115723874479453
1.13999999999999968	0.181774338539179181
1.14599999999999991	0.182452566220771856
1.15200000000000014	0.183121010377362892
1.15800000000000036	0.183750057392363803
1.1639999999999997	0.184367596059864886
1.16999999999999993	0.185035184080076076
1.17600000000000016	0.185796466945150951
1.18200000000000038	0.186655803629450001
1.18799999999999972	0.187580297198472995
1.19399999999999995	0.188500160851934856
1.20000000000000018	0.189327829695128541
1.20600000000000041	0.189993328089834296
1.21199999999999974	0.190473705635137713
1.21799999999999997	0.190799362343897855
1.2240000000000002	0.191039025067311935
1.23000000000000043	0.191278888547737586
1.23599999999999977	0.191602405613350152
1.24199999999999999	0.192058128064501482
1.24800000000000022	0.192640708043368636
1.25400000000000045	0.193310106196279113
1.25999999999999979	0.194011126612987639
1.26600000000000001	0.194679444965551118
1.27200000000000024	0.19524713822934614
1.27800000000000047	0.195677682052609131
1.28399999999999981	0.196017872397516002
1.29000000000000004	0.196378376896224061
1.29600000000000026	0.196843857126739963
1.30200000000000049	0.19741818559455937
1.30799999999999983	0.198048243865087847
1.31400000000000006	0.198662345899061399
1.32000000000000028	0.199195264491181412
1.32600000000000051	0.199614768664065884
1.33199999999999985	0.199934337984597948
1.33800000000000008	0.200196072439956657
1.34400000000000031	0.20043132245173928
1.35000000000000053	0.200628611422159597
1.35599999999999987	0.200742539304825884
1.3620000000000001	0.20073829034043017
1.36800000000000033	0.200620836054003937
1.37399999999999967	0.200438154447573152
1.37999999999999989	0.200275623887769622
1.38600000000000012	0.200219830015059219
1.39200000000000035	0.200304291421366187
1.39799999999999969	0.200507659584426318
1.40399999999999991	0.200807051015029908
1.41000000000000014	0.201201080131261617
1.41600000000000037	0.201682499021031969
1.42199999999999971	0.202210924214035859
1.42799999999999994	0.202715317694954683
1.43400000000000016	0.203127608578177105
1.44000000000000039	0.203418493847630916
1.44599999999999973	0.203596775931002949
1.45199999999999996	0.203678178145563882
1.45800000000000018	0.203660535184292918
1.46400000000000041	0.20352726717130315
1.46999999999999975	0.203271074912336036
1.47599999999999998	0.202911555116382009
1.48200000000000021	0.202495015427052866
1.48800000000000043	0.202078316008561854
1.49399999999999977	0.201703323486842834
1.5	0.201379390649634088
1.50600000000000023	0.201088695080248125
1.51200000000000045	0.200807557733901104
1.51799999999999979	0.200525158078033755
1.52400000000000002	0.200246690561507262
1.53000000000000025	0.199984499943523519
1.53600000000000048	0.199750562871832404
1.54199999999999982	0.199549132150217107
1.54800000000000004	0.199363164003905191
1.55400000000000027	0.199148695177934931
1.5600000000000005	0.198854967992009052
1.56599999999999984	0.198454306446541051
1.57200000000000006	0.197949577121356607
1.57800000000000029	0.197356398053020493
1.58400000000000052	0.196684420298103707
1.58999999999999986	0.195935781449077778
1.59600000000000009	0.195117288322358057
1.60200000000000031	0.19425014651488362
1.60800000000000054	0.193366803668363924
1.61399999999999988	0.192502004322244652
1.62000000000000011	0.191688339115346301
1.62600000000000033	0.190950404326439532
1.63199999999999967	0.19029407118064845
1.6379999999999999	0.189703690399350255
1.64400000000000013	0.189152395408482721
1.65000000000000036	0.188613646895938014
1.65599999999999969	0.188062753625858309
1.66199999999999992	0.187472078903730049
1.66800000000000015	0.186813826371756669
1.67400000000000038	0.186073312810193542
1.67999999999999972	0.185258467208065769
1.68599999999999994	0.184394183308861898
1.69200000000000017	0.183508215976304762
1.6980000000000004	0.182622911707006924
1.70399999999999974	0.181756017822734262
1.70999999999999996	0.180921553524334311
1.71600000000000019	0.180125390857588608
1.72200000000000042	0.179362589020717167
1.72799999999999976	0.17862244591269591
1.73399999999999999	0.177893859926160053
1.74000000000000021	0.177164020782067638
1.74600000000000044	0.176416391207424611
1.75199999999999978	0.175633323440091527
1.75800000000000001	0.17479889338680113
1.76400000000000023	0.173898685345995868
1.77000000000000046	0.172920013851334403
1.7759999999999998	0.171855678734344486
1.78200000000000003	0.170708603592337971
1.78800000000000026	0.169492478919737566
1.79400000000000048	0.168227565087182535
1.79999999999999982	0.166934778538730566
1.80600000000000005	0.1656316692019347
1.81200000000000028	0.164332195262069658
1.8180000000000005	0.163048548050420183
1.82399999999999984	0.16179153755822212
1.83000000000000007	0.160568892969745275
1.8360000000000003	0.159383369250352125
1.84200000000000053	0.158232223932932931
1.84799999999999986	0.157108492660222476
1.85400000000000009	0.156003673903884227
1.86000000000000032	0.154910818648923226
1.86599999999999966	0.153826182112283411
1.87199999999999989	0.152747936902431186
1.87800000000000011	0.151673502901421509
1.88400000000000034	0.150598793747669768
1.88999999999999968	0.149519677582619415
1.89599999999999991	0.148433771893326433
1.90200000000000014	0.147342496600156941
1.90800000000000036	0.14625320103008671
1.9139999999999997	0.145178621153898846
1.91999999999999993	0.144132379809914363
1.92600000000000016	0.143123242813286894
1.93200000000000038	0.142151556000757823
1.93799999999999972	0.141209526729885182
1.94399999999999995	0.140284757679219829
1.95000000000000018	0.139363945685242685
1.95600000000000041	0.138434052410300629
1.96199999999999974	0.13748234820590044
1.96799999999999997	0.136498420520463182
1.9740000000000002	0.135477526718070035
1.98000000000000043	0.134421863739945052
1.98599999999999977	0.133338540423799834
1.99199999999999999	0.13223623006493973
1.99800000000000022	0.131122947507745169
2.00400000000000045	0.130005503869436073
2.00999999999999979	0.128889161448694334
2.01600000000000001	0.127776480567299372
2.02200000000000024	0.12666668580158405
2.02800000000000047	0.125557110823212525
2.03399999999999981	0.124445980758539104
2.04000000000000004	0.123334495560220345
2.04600000000000026	0.122226860144547853
2.05200000000000049	0.121128194397084221
2.05799999999999983	0.120041666263832406
2.06400000000000006	0.118966856825121051
2.07000000000000028	0.117900411268647615
2.07600000000000051	0.116838303853509268
2.08199999999999985	0.115777897467795043
2.08800000000000008	0.114718298172642202
2.09400000000000031	0.11365935831507161
2.10000000000000053	0.112601278433088023
2.10599999999999987	0.111545955370484715
2.1120000000000001	0.110498834778991722
2.11800000000000033	0.109469026999786778
2.12399999999999967	0.108466846272217879
2.12999999999999989	0.107500021735755708
2.13600000000000012	0.106570816432718596
2.14200000000000035	0.105675559513995737
2.14799999999999969	0.104806306042037362
2.15399999999999991	0.103953171871641409
2.16000000000000014	0.103106205321229438
2.16600000000000037	0.102256578883435534
2.17199999999999971	0.101397361073943426
2.17799999999999994	0.100524121145627643
2.18400000000000016	0.0996354861727375418
2.19000000000000039	0.0987335406438108187
2.19599999999999973	0.0978236939769643182
2.20199999999999996	0.0969136356226268231
2.20800000000000018	0.0960113845243957681
2.21400000000000041	0.0951230824929901464
2.21999999999999975	0.0942516200692583156
2.22599999999999998	0.0933968224265317587
2.23200000000000021	0.0925568656449527322
2.23800000000000043	0.0917298349914174305
2.24399999999999977	0.090914558631348924
2.25	0.0901106199097427701
2.25600000000000023	0.0893179470410856713
2.26200000000000045	0.0885363659585539364
2.26799999999999979	0.0877653122491546117
2.27400000000000002	0.0870037884496955016
2.28000000000000025	0.0862505366118031247
2.28600000000000048	0.0855041955732983722
2.29199999999999982	0.0847632101068610117
2.29800000000000004	0.0840256345189772241
2.30400000000000027	0.083289249901053436
2.3100000000000005	0.0825521257446283768
2.31599999999999984	0.0818132550092228045
2.32200000000000006	0.0810727975764502645
2.32800000000000029	0.0803318312735335077
2.33400000000000052	0.0795919283257055521
2.33999999999999986	0.0788549634042113312
2.34600000000000009	0.0781232283049584919
2.35200000000000031	0.0773995095888315582
2.35800000000000054	0.0766867439091725583
2.36399999999999988	0.0759872531011717839
2.37000000000000011	0.0753019729923068426
2.37600000000000033	0.0746301431039718827
2.38199999999999967	0.073969597207860921
2.3879999999999999	0.0733174060978300512
2.39400000000000013	0.0726705377018373316
2.40000000000000036	0.0720264227295552006
2.40599999999999969	0.0713834862511617957
2.41199999999999992	0.070741585895857495
2.41800000000000015	0.0701020809618532331
2.42400000000000038	0.0694673104656409468
2.42999999999999972	0.0688396485200766239
2.43599999999999994	0.0682206663116135259
2.44200000000000017	0.0676108535008977801
2.4480000000000004	0.067009907501208138
2.45399999999999974	0.0664172601831532206
2.45999999999999996	0.0658325319168500955
2.46600000000000019	0.0652557815465918956
2.47200000000000042	0.0646875173135667003
2.47799999999999976	0.0641284687996196423
2.48399999999999999	0.0635792061062840641
2.49000000000000021	0.0630397896082345033
2.49600000000000044	0.0625096057023237506
2.50199999999999978	0.0619873981585322767
2.50800000000000001	0.0614714010031818039
2.51400000000000023	0.0609595084064220027
2.52000000000000046	0.0604495108227943098
2.5259999999999998	0.0599394565133921642
2.53200000000000003	0.059428103617354365
2.53800000000000026	0.0589152964511917288
2.54400000000000048	0.0584020887670546399
2.54999999999999982	0.057890571727025629
2.55600000000000005	0.0573834998980902664
2.56200000000000028	0.0568838299906501005
2.5680000000000005	0.0563942390825858189
2.57399999999999984	0.0559166743348755088
2.58000000000000007	0.0554520256873846026
2.5860000000000003	0.0550000355312165873
2.59200000000000053	0.0545594924423639452
2.59799999999999986	0.0541286260249117523
2.60400000000000009	0.0537055427580039671
2.61000000000000032	0.0532885821766362483
2.61600000000000055	0.0528765577526143643
2.62199999999999989	0.0524688736481446136
2.62800000000000011	0.0520654772345581704
2.63400000000000034	0.0516666107717003581
2.63999999999999968	0.0512724142730296151
2.64599999999999991	0.0508825418558517956
2.65200000000000014	0.0504959848048135637
2.65800000000000036	0.0501112092033167006
2.6639999999999997	0.0497265616733102503
2.66999999999999993	0.0493407642822751499
2.67600000000000016	0.0489532860691320321
2.68200000000000038	0.048564459553869746
2.68799999999999972	0.0481753483011184216
2.69399999999999995	0.0477874767489992053
2.70000000000000018	0.0474025507256074716
2.70600000000000041	0.0470222367962264756
2.71199999999999974	0.0466479926642862988
2.71799999999999997	0.046280913383276133
2.7240000000000002	0.0459215883563084057
2.73000000000000043	0.0455700065241768509
2.73599999999999977	0.0452255589319414536
2.74199999999999999	0.0448871617510019777
2.74800000000000022	0.0445534755847407232
2.75400000000000045	0.0442231564471300756
2.75999999999999979	0.0438950659937293527
2.76600000000000001	0.0435683929878178042
2.77200000000000024	0.0432426718909625779
2.77800000000000047	0.0429177156587074587
2.78399999999999981	0.0425935072153556318
2.79000000000000004	0.0422701057314321949
2.79600000000000026	0.041947608106922489
2.80200000000000049	0.0416261701065891859
2.80799999999999983	0.0413060530313598129
2.81400000000000006	0.0409876431003663583
2.82000000000000028	0.0406714122908164374
2.82600000000000051	0.0403578388341065131
2.83199999999999985	0.0400473344979795573
2.83800000000000008	0.0397402059862310003
2.84400000000000031	0.0394366381365555616
2.85000000000000053	0.0391366733179957932
2.85599999999999987	0.0388401826847721149
2.8620000000000001	0.0385468513819765338
2.86800000000000033	0.0382562047534931102
2.87400000000000055	0.0379676853819859023
2.87999999999999989	0.0376807667288288767
2.88600000000000012	0.0373950717280342182
2.89200000000000035	0.0371104599277720035
2.89799999999999969	0.036827056061987877
2.90399999999999991	0.0365452137798767535
2.91000000000000014	0.0362654319695133107
2.91600000000000037	0.0359882551339242504
2.92199999999999971	0.0357141871095236485
2.92799999999999994	0.0354436350132338318
2.93400000000000016	0.0351768880299706613
2.94000000000000039	0.0349141266020409347
2.94599999999999973	0.0346554497652393351
2.95199999999999996	0.0344009037610823604
2.95800000000000018	0.0341504980296327559
2.96400000000000041	0.0339042043666939047
2.96999999999999975	0.0336619454953482194
2.97599999999999998	0.0334235852342425546
2.98200000000000021	0.0331889313477127107
2.98800000000000043	0.0329577544787408513
2.99399999999999977	0.0327298165434019503
3	0.0325048963447270509
