-3	0.0207154703350468372
-2.99400000000000022	0.0208403234696950511
-2.98799999999999999	0.020966733277777972
-2.98200000000000021	0.0210947562772539933
-2.97599999999999998	0.0212243139368821568
-2.9700000000000002	0.0213552323247521679
-2.96399999999999997	0.0214872962784449506
-2.95800000000000018	0.0216202927029906511
-2.95199999999999996	0.0217540341012538545
-2.94600000000000017	0.0218883724552943054
-2.93999999999999995	0.0220232184874345621
-2.93400000000000016	0.022158568887440229
-2.92799999999999994	0.0222945268596606433
-2.92200000000000015	0.0224312955736018331
-2.91599999999999993	0.0225691356526232303
-2.91000000000000014	0.0227082982917089608
-2.90399999999999991	0.0228489598459281282
-2.89800000000000013	0.0229911820312428301
-2.8919999999999999	0.0231349072398989442
-2.88600000000000012	0.0232799829253663992
-2.87999999999999989	0.0234262019614372569
-2.87400000000000011	0.0235733471725904017
-2.86799999999999988	0.0237212321905986845
-2.8620000000000001	0.0238697331442626996
-2.85599999999999987	0.0240188061285547087
-2.85000000000000009	0.0241684874209579306
-2.84399999999999986	0.0243188804570684675
-2.83800000000000008	0.0244701408069815315
-2.83199999999999985	0.0246224658189838491
-2.82600000000000007	0.0247760782523162061
-2.81999999999999984	0.0249311831131230448
-2.81400000000000006	0.02508789319058587
-2.80799999999999983	0.0252461520051159086
-2.80200000000000005	0.0254057015603724179
-2.79599999999999982	0.0255661255154191608
-2.79000000000000004	0.0257269554428447081
-2.78399999999999981	0.0258877902708709792
-2.77800000000000002	0.0260483757500533306
-2.7719999999999998	0.0262086229889876322
-2.76600000000000001	0.0263685827461238274
-2.75999999999999979	0.0265284027700604039
-2.754	0.0266882792263221369
-2.74800000000000022	0.0268484015339247248
-2.74199999999999999	0.0270089038629613802
-2.73599999999999977	0.0271698577849030128
-2.72999999999999998	0.0273313332853272924
-2.7240000000000002	0.0274935098107751338
-2.71799999999999997	0.0276567685266888956
-2.71199999999999974	0.0278216938776277949
-2.70599999999999996	0.0279889772611786915
-2.70000000000000018	0.0281592994792637698
-2.69399999999999995	0.0283332860453213327
-2.68800000000000017	0.0285115518630042857
-2.68199999999999994	0.0286947552241689184
-2.67600000000000016	0.0288835663447140796
-2.66999999999999993	0.0290785307671928353
-2.66400000000000015	0.0292798894541430113
-2.65799999999999992	0.0294874412991088936
-2.65200000000000014	0.0297005109664941827
-2.64599999999999991	0.0299180460512577066
-2.64000000000000012	0.0301388185530768425
-2.6339999999999999	0.030361656450122395
-2.62800000000000011	0.030585615788051336
-2.62199999999999989	0.0308100433253002785
-2.6160000000000001	0.0310345452865023949
-2.60999999999999988	0.0312589148400575986
-2.60400000000000009	0.0314830618006125065
-2.59799999999999986	0.0317069615719281217
-2.59200000000000008	0.0319306200622036448
-2.58599999999999985	0.0321540379421242431
-2.58000000000000007	0.0323771614442249431
-2.57399999999999984	0.0325998360645781346
-2.56800000000000006	0.0328217993861467175
-2.56199999999999983	0.0330427257349322212
-2.55600000000000005	0.0332623042523542689
-2.54999999999999982	0.0334803417517974475
-2.54400000000000004	0.0336969023607460796
-2.53799999999999981	0.0339124728284619301
-2.53200000000000003	0.0341280892786317153
-2.5259999999999998	0.0343453308384843795
-2.52000000000000002	0.0345661118307757712
-2.51400000000000023	0.0347922972549938106
-2.50800000000000001	0.0350252888833307574
-2.50199999999999978	0.0352657829764161379
-2.496	0.0355138144319756197
-2.49000000000000021	0.0357690330129252776
-2.48399999999999999	0.0360310404777418186
-2.47799999999999976	0.0362996185925718653
-2.47199999999999998	0.0365747514101633642
-2.46600000000000019	0.0368564350806331598
-2.45999999999999996	0.0371443635727175606
-2.45399999999999974	0.0374376496671186207
-2.44799999999999995	0.0377347330626675234
-2.44200000000000017	0.0380335458748275179
-2.43599999999999994	0.0383319055802172903
-2.42999999999999972	0.0386280082248585815
-2.42399999999999993	0.0389208161919874923
-2.41800000000000015	0.0392101570575353747
-2.41199999999999992	0.0394965237149962484
-2.40600000000000014	0.0397807685792278196
-2.39999999999999991	0.040063919337088208
-2.39400000000000013	0.0403471803907645768
-2.3879999999999999	0.0406319997886992676
-2.38200000000000012	0.0409200408403034496
-2.37599999999999989	0.0412129887431059785
-2.37000000000000011	0.0415122371082100663
-2.36399999999999988	0.0418185671648189441
-2.3580000000000001	0.0421319329616808153
-2.35199999999999987	0.0424514081332688989
-2.34600000000000009	0.0427752994714261092
-2.33999999999999986	0.0431014420093833728
-2.33400000000000007	0.04342768090595997
-2.32799999999999985	0.0437524385848725716
-2.32200000000000006	0.044075167649413452
-2.31599999999999984	0.0443965190200571111
-2.31000000000000005	0.0447181453335731352
-2.30399999999999983	0.0450421599448854459
-2.29800000000000004	0.0453704449492696241
-2.29199999999999982	0.0457041650987032796
-2.28600000000000003	0.0460437696256770362
-2.28000000000000025	0.0463894284556688949
-2.27400000000000002	0.0467415161394306236
-2.26799999999999979	0.0471007139393034915
-2.26200000000000001	0.0474676210455502665
-2.25600000000000023	0.0478422011924110879
-2.25	0.0482235330381439176
-2.24399999999999977	0.0486100269618311501
-2.23799999999999999	0.0489998387276133693
-2.23200000000000021	0.0493911493178141661
-2.22599999999999998	0.0497823391194038012
-2.21999999999999975	0.0501723244752698
-2.21399999999999997	0.0505610607467845558
-2.20800000000000018	0.0509498097637156033
-2.20199999999999996	0.0513408124010729244
-2.19599999999999973	0.0517365019191338565
-2.18999999999999995	0.052138786595661242
-2.18400000000000016	0.0525487978634540109
-2.17799999999999994	0.0529670594105438527
-2.17199999999999971	0.0533938000987469671
-2.16599999999999993	0.0538291791672404138
-2.16000000000000014	0.0542732999642385611
-2.15399999999999991	0.0547260586508327151
-2.14800000000000013	0.0551870464993458043
-2.1419999999999999	0.0556556454234949372
-2.13600000000000012	0.0561311436075707104
-2.12999999999999989	0.0566125475110733078
-2.12400000000000011	0.0570980702014692726
-2.11799999999999988	0.0575847658416577535
-2.1120000000000001	0.0580688576790592895
-2.10599999999999987	0.0585467639172154927
-2.10000000000000009	0.0590162150259633742
-2.09399999999999986	0.0594768651090381989
-2.08800000000000008	0.0599302420785210246
-2.08199999999999985	0.060379155194633001
-2.07600000000000007	0.0608268269412238355
-2.06999999999999984	0.0612761509299990931
-2.06400000000000006	0.0617293527968914429
-2.05799999999999983	0.0621880913188863002
-2.05200000000000005	0.062653902693223143
-2.04599999999999982	0.0631286741615966346
-2.04000000000000004	0.0636146407927647567
-2.03399999999999981	0.0641137036884047856
-2.02800000000000002	0.0646265633738309919
-2.02200000000000024	0.0651524415211944263
-2.01600000000000001	0.0656896804325186046
-2.00999999999999979	0.066236806758368752
-2.004	0.0667932784472145824
-1.998	0.0673593090752004631
-1.99199999999999999	0.0679349092722902476
-1.98599999999999999	0.0685190505863627758
-1.97999999999999998	0.0691098435325577104
-1.97399999999999998	0.0697057988204343448
-1.96799999999999997	0.0703071603141332685
-1.96199999999999997	0.0709157169550905242
-1.95599999999999996	0.071532458554564346
-1.94999999999999996	0.0721548385518201024
-1.94399999999999995	0.0727767308424042136
-1.93799999999999994	0.0733919542698042576
-1.93199999999999994	0.0739981899670185267
-1.92599999999999993	0.0745976045040362412
-1.91999999999999993	0.07519472097163514
-1.91399999999999992	0.0757949658797598541
-1.90799999999999992	0.0764050488179374154
-1.90199999999999991	0.0770330210702577511
-1.89599999999999991	0.0776862536639930656
-1.8899999999999999	0.0783684776601193539
-1.8839999999999999	0.0790784119063254742
-1.87799999999999989	0.0798110181458712153
-1.87199999999999989	0.0805601227601188685
-1.86599999999999988	0.081320381773261563
-1.85999999999999988	0.0820872069441768853
-1.85399999999999987	0.0828547222444704218
-1.84799999999999986	0.083614225132215364
-1.84200000000000008	0.0843560245432332934
-1.83600000000000008	0.0850739575314069241
-1.83000000000000007	0.0857690472011541499
-1.82400000000000007	0.0864498479111712459
-1.81800000000000006	0.0871292700864127606
-1.81200000000000006	0.0878196091664057987
-1.80600000000000005	0.0885290823210792138
-1.80000000000000004	0.0892616190224432837
-1.79400000000000004	0.090017527274126069
-1.78800000000000003	0.0907922970564534054
-1.78200000000000003	0.0915753639557210369
-1.77600000000000002	0.0923525607194424225
-1.77000000000000002	0.0931117636606615534
-1.76400000000000001	0.09384733769655558
-1.75800000000000001	0.0945604619161861809
-1.752	0.0952568665970578987
-1.746	0.0959453855598413341
-1.73999999999999999	0.0966378360587859947
-1.73399999999999999	0.0973474056232490753
-1.72799999999999998	0.098083276104961023
-1.72199999999999998	0.0988440056789143678
-1.71599999999999997	0.0996167723737592797
-1.70999999999999996	0.100385788419783309
-1.70399999999999996	0.101142836108966558
-1.69799999999999995	0.101890405944474238
-1.69199999999999995	0.10263693859409237
-1.68599999999999994	0.103390022983324129
-1.67999999999999994	0.104151930417459432
-1.67399999999999993	0.10492022156190943
-1.66799999999999993	0.105693021512993701
-1.66199999999999992	0.106472479325850355
-1.65599999999999992	0.107261960380179586
-1.64999999999999991	0.108062157424834701
-1.64399999999999991	0.108872054874658161
-1.6379999999999999	0.109692106431834677
-1.6319999999999999	0.110523481962448059
-1.62599999999999989	0.111363604119661813
-1.61999999999999988	0.112204577567856748
-1.61399999999999988	0.11303846890764295
-1.60799999999999987	0.11386563737625284
-1.60199999999999987	0.114696879312537081
-1.59599999999999986	0.115544452798966579
-1.59000000000000008	0.116410993181819314
-1.58400000000000007	0.117289593629667982
-1.57800000000000007	0.11817365362521956
-1.57200000000000006	0.11906418003227591
-1.56600000000000006	0.11996776132063422
-1.56000000000000005	0.120887619017741865
-1.55400000000000005	0.121815555762814692
-1.54800000000000004	0.122732190287468165
-1.54200000000000004	0.123616322022342642
-1.53600000000000003	0.124458010903701136
-1.53000000000000003	0.125265658678043207
-1.52400000000000002	0.126060920965741952
-1.51800000000000002	0.126864879820260318
-1.51200000000000001	0.127687688336480032
-1.50600000000000001	0.128531491502625106
-1.5	0.129395647822408977
-1.49399999999999999	0.130269658609160455
-1.48799999999999999	0.131126927483169703
-1.48199999999999998	0.131940333325837017
-1.47599999999999998	0.13270424347471968
-1.46999999999999997	0.133430052803512
-1.46399999999999997	0.134127369908296185
-1.45799999999999996	0.134806399820993655
-1.45199999999999996	0.135489731926889984
-1.44599999999999995	0.136205156624546325
-1.43999999999999995	0.136971608464152461
-1.43399999999999994	0.137797141343010549
-1.42799999999999994	0.138679499259511341
-1.42199999999999993	0.139607525329807525
-1.41599999999999993	0.140574117200221116
-1.40999999999999992	0.141589190801629655
-1.40399999999999991	0.142676818758507712
-1.39799999999999991	0.143855925043585353
-1.3919999999999999	0.145119197112653614
-1.3859999999999999	0.146428162440460696
-1.37999999999999989	0.147726893572648954
-1.37399999999999989	0.14896656570456801
-1.36799999999999988	0.150126785124751055
-1.36199999999999988	0.151216877539959688
-1.35599999999999987	0.15225802746520492
-1.34999999999999987	0.153263326882247752
-1.34399999999999986	0.154230219650637351
-1.33799999999999986	0.155151836016790279
-1.33200000000000007	0.156040909581275866
-1.32600000000000007	0.156928698481572593
-1.32000000000000006	0.157837485362702284
-1.31400000000000006	0.158773163332351891
-1.30800000000000005	0.159730944945898928
-1.30200000000000005	0.160694749133112658
-1.29600000000000004	0.161652848035312879
-1.29000000000000004	0.162606271632365934
-1.28400000000000003	0.163550446422833951
-1.27800000000000002	0.164466595148459377
-1.27200000000000002	0.165332649571289125
-1.26600000000000001	0.166140154931289086
-1.26000000000000001	0.166898216627011181
-1.254	0.167618266900056073
-1.248	0.168311874697083252
-1.24199999999999999	0.169005311831541022
-1.23599999999999999	0.169727318104030328
-1.22999999999999998	0.170481252816444384
-1.22399999999999998	0.171223234747989977
-1.21799999999999997	0.171874981730375243
-1.21199999999999997	0.172403847178422276
-1.20599999999999996	0.172888829581529874
-1.19999999999999996	0.173467945378906335
-1.19399999999999995	0.174222130861816316
-1.18799999999999994	0.175117423046161097
-1.18199999999999994	0.176052925779041192
-1.17599999999999993	0.176961858575044068
-1.16999999999999993	0.177824508465260822
-1.16399999999999992	0.1786329907009514
-1.15799999999999992	0.179396439537987173
-1.15199999999999991	0.180138684714627711
-1.14599999999999991	0.180878375770365557
-1.1399999999999999	0.181618330290040264
-1.1339999999999999	0.182349933558557553
-1.12799999999999989	0.183074408429092145
-1.12199999999999989	0.183802216759526849
-1.11599999999999988	0.184523054881143761
-1.10999999999999988	0.185202710935325976
-1.10399999999999987	0.185823235069374537
-1.09799999999999986	0.186406919094368378
-1.09199999999999986	0.187004182862422375
-1.08599999999999985	0.187642108129141505
-1.08000000000000007	0.188329458555942048
-1.07400000000000007	0.189098122743767499
-1.06800000000000006	0.189996904140943057
-1.06200000000000006	0.19105167738426343
-1.05600000000000005	0.192254237209373208
-1.05000000000000004	0.193585607501963797
-1.04400000000000004	0.194975354642135335
-1.03800000000000003	0.196228963392814898
-1.03200000000000003	0.197142694205998281
-1.02600000000000002	0.197693100296311874
-1.02000000000000002	0.197977704976245894
-1.01400000000000001	0.198166678871278479
-1.00800000000000001	0.198460070209374201
-1.002	0.198883281230931352
-0.995999999999999996	0.199346720950991041
-0.989999999999999769	0.199863773602277528
-0.983999999999999986	0.200455342241775136
-0.977999999999999758	0.200968094304303874
-0.971999999999999975	0.20120447014428719
-0.965999999999999748	0.201171690990822716
-0.959999999999999964	0.201042679058504925
-0.953999999999999737	0.200957000766935956
-0.947999999999999954	0.200994577198681551
-0.942000000000000171	0.201212449508516106
-0.935999999999999943	0.201650169272235863
-0.93000000000000016	0.202279368286648609
-0.923999999999999932	0.20301387203718782
-0.918000000000000149	0.20381834273364155
-0.911999999999999922	0.204812910542353233
-0.906000000000000139	0.20605406104967175
-0.899999999999999911	0.207418653695780442
-0.894000000000000128	0.208783047024758722
-0.887999999999999901	0.210104160212593316
-0.882000000000000117	0.211321740107586503
-0.87599999999999989	0.212270926926504788
-0.870000000000000107	0.212745500152434486
-0.863999999999999879	0.21271643968995102
-0.858000000000000096	0.212420724177494219
-0.851999999999999869	0.212110150298332134
-0.846000000000000085	0.211897046835219066
-0.839999999999999858	0.211784054238840252
-0.834000000000000075	0.211718362220495004
-0.827999999999999847	0.211595280642687927
-0.822000000000000064	0.211239398120349586
-0.815999999999999837	0.210629879889459248
-0.810000000000000053	0.210099103360304601
-0.803999999999999826	0.210011744463078881
-0.798000000000000043	0.210460161920664385
-0.791999999999999815	0.211257230204496327
-0.786000000000000032	0.212117181335808591
-0.779999999999999805	0.212733126179626392
-0.774000000000000021	0.213134410893972476
-0.767999999999999794	0.213470792181151642
-0.762000000000000011	0.213544398849213085
-0.755999999999999783	0.213246681835813273
-0.75	0.212810748448289344
-0.743999999999999773	0.212340860054427399
-0.737999999999999989	0.211665146827848871
-0.731999999999999762	0.2107640223748668
-0.725999999999999979	0.209994972321594503
-0.719999999999999751	0.209858563581730551
-0.713999999999999968	0.210219652929511364
-0.707999999999999741	0.210592099479063599
-0.701999999999999957	0.210658048869794529
-0.69599999999999973	0.210478977069848305
-0.689999999999999947	0.210496410428665487
-0.684000000000000163	0.210502066207036431
-0.677999999999999936	0.210512319741357062
-0.672000000000000153	0.210694229475334033
-0.665999999999999925	0.211085767925720813
-0.660000000000000142	0.211554471965777924
-0.653999999999999915	0.211798043789892615
-0.648000000000000131	0.211557950987098758
-0.641999999999999904	0.211368893978738509
-0.636000000000000121	0.211550728112948144
-0.629999999999999893	0.211807584390137166
-0.62400000000000011	0.211746162460844517
-0.617999999999999883	0.211467692888431674
-0.612000000000000099	0.211957349568873521
-0.605999999999999872	0.212982574618548165
-0.600000000000000089	0.213924305705521567
-0.593999999999999861	0.214983706256867302
-0.588000000000000078	0.215782885476239777
-0.581999999999999851	0.216346827415308307
-0.576000000000000068	0.21713458435923999
-0.56999999999999984	0.218557731850588965
-0.564000000000000057	0.219964256804691394
-0.557999999999999829	0.220012155635195827
-0.552000000000000046	0.219150799991913087
-0.545999999999999819	0.217888244794187086
-0.540000000000000036	0.217068835395065829
-0.533999999999999808	0.217290743771336059
-0.528000000000000025	0.217771601838359752
-0.521999999999999797	0.218534825786539155
-0.516000000000000014	0.219695003015224488
-0.509999999999999787	0.220132546724355921
-0.504000000000000004	0.219137139912798151
-0.497999999999999776	0.218181283625612177
-0.491999999999999993	0.217684092431270682
-0.485999999999999766	0.217612648995695268
-0.479999999999999982	0.218098412813814591
-0.473999999999999755	0.218741227935860066
-0.467999999999999972	0.218661956148217068
-0.461999999999999744	0.219111749288156049
-0.455999999999999961	0.221148784188659991
-0.449999999999999734	0.222547513663705843
-0.44399999999999995	0.223295933954218567
-0.438000000000000167	0.225091238500627205
-0.43199999999999994	0.2275871384812099
-0.426000000000000156	0.227969811407377987
-0.419999999999999929	0.225998139005969129
-0.414000000000000146	0.225982397611227154
-0.407999999999999918	0.227500587108803581
-0.402000000000000135	0.227927421980554212
-0.395999999999999908	0.228035678113964718
-0.390000000000000124	0.228685280325854029
-0.383999999999999897	0.230170029388120922
-0.378000000000000114	0.231795311692668288
-0.371999999999999886	0.234249550725377675
-0.366000000000000103	0.234078931527395617
-0.359999999999999876	0.231847053464461272
-0.354000000000000092	0.231762547382418277
-0.347999999999999865	0.23665888146267311
-0.342000000000000082	0.241370536929844476
-0.335999999999999854	0.242199766475692468
-0.330000000000000071	0.24296363684012745
-0.323999999999999844	0.243687378197341098
-0.31800000000000006	0.245202643271621584
-0.311999999999999833	0.247613058696910665
-0.30600000000000005	0.249514849611044753
-0.299999999999999822	0.250164040445864599
-0.294000000000000039	0.252179328266491143
-0.287999999999999812	0.254243329040600652
-0.282000000000000028	0.257123489348193901
-0.275999999999999801	0.25955103736372892
-0.270000000000000018	0.263894346645195066
-0.26399999999999979	0.264491195821858094
-0.258000000000000007	0.268288757189441174
-0.25199999999999978	0.271489859923510102
-0.245999999999999996	0.271826650867078135
-0.239999999999999769	0.270925869771465211
-0.233999999999999986	0.274663366495085326
-0.227999999999999758	0.278855081474698896
-0.221999999999999975	0.279716380529650088
-0.215999999999999748	0.283517557809429444
-0.209999999999999964	0.28920596072683652
-0.203999999999999737	0.296404468566163648
-0.197999999999999954	0.300742151609549369
-0.191999999999999726	0.308595283477578475
-0.185999999999999943	0.311744793135867782
-0.18000000000000016	0.320292157838273917
-0.173999999999999932	0.321101728245233475
-0.168000000000000149	0.327497150391431013
-0.161999999999999922	0.338578650290500494
-0.156000000000000139	0.340364470928522123
-0.149999999999999911	0.346010184816278932
-0.144000000000000128	0.355125988158457251
-0.137999999999999901	0.366383726138666876
-0.132000000000000117	0.365386977441131244
-0.12599999999999989	0.371758449196771479
-0.120000000000000107	0.398078802694108613
-0.113999999999999879	0.412057818788418906
-0.108000000000000096	0.424314205221168028
-0.101999999999999869	0.433373950871694946
-0.0960000000000000853	0.448336226035864815
-0.0899999999999998579	0.452195900524443029
-0.0840000000000000746	0.483272368125383489
-0.0779999999999998472	0.508560800863558482
-0.0720000000000000639	0.518292460408004807
-0.0659999999999998366	0.551724744973478898
-0.0600000000000000533	0.571195474682851256
-0.0539999999999998259	0.604967775027497545
-0.0480000000000000426	0.641368356980677956
-0.0419999999999998153	0.683619194800271668
-0.036000000000000032	0.693436789092208183
-0.0299999999999998046	0.750321328023035417
-0.0240000000000000213	0.79778018001187867
-0.0179999999999997939	0.85616774199429202
-0.0120000000000000107	0.857352877824422599
-0.00599999999999978328	0.893838830803870943
0	1.01604723206401304
0.00600000000000022737	0.918316846884685845
0.0120000000000000107	0.897331735908316164
0.018000000000000238	0.842555248262947254
0.0240000000000000213	0.831708293585010416
0.0300000000000002487	0.788667161034921516
0.036000000000000032	0.746853249960979348
0.0420000000000002593	0.711522022784476182
0.0480000000000000426	0.694254860852312028
0.05400000000000027	0.651094311132251802
0.0600000000000000533	0.626989726728002683
0.0660000000000002807	0.599593006448831845
0.0720000000000000639	0.565029184312734301
0.0779999999999998472	0.543276526405318649
0.0840000000000000746	0.529279064286135692
0.0899999999999998579	0.501565250395441087
0.0960000000000000853	0.485542528425549069
0.101999999999999869	0.453989899631853822
0.108000000000000096	0.442852796022550954
0.113999999999999879	0.428179258724338263
0.120000000000000107	0.416588119983259675
0.12599999999999989	0.404568445012309819
0.132000000000000117	0.39451390486784299
0.137999999999999901	0.382354164353771286
0.144000000000000128	0.373410466622360104
0.149999999999999911	0.357246008443039054
0.156000000000000139	0.353392498875151617
0.161999999999999922	0.339153583885674959
0.168000000000000149	0.339068114469181614
0.173999999999999932	0.33006770627872567
0.18000000000000016	0.328125403448688902
0.185999999999999943	0.319316502442035688
0.192000000000000171	0.316857817927166774
0.197999999999999954	0.30909446607587121
0.204000000000000181	0.306727798013906872
0.209999999999999964	0.302366028479802929
0.216000000000000192	0.304372882202063433
0.221999999999999975	0.30308033248913957
0.228000000000000203	0.296746194531772034
0.233999999999999986	0.290915959982744332
0.240000000000000213	0.282132690703784883
0.245999999999999996	0.278897339923184995
0.252000000000000224	0.277074959374068452
0.258000000000000007	0.2740962768602066
0.264000000000000234	0.270571669817375737
0.270000000000000018	0.270013704704641477
0.276000000000000245	0.268119590643612571
0.282000000000000028	0.26460429869533203
0.288000000000000256	0.261078052088780266
0.294000000000000039	0.258665247065541504
0.300000000000000266	0.258208045125935703
0.30600000000000005	0.255003197173389262
0.312000000000000277	0.251896024576293009
0.31800000000000006	0.247891984759479878
0.324000000000000288	0.242814305265997288
0.330000000000000071	0.238974467726971618
0.335999999999999854	0.241177913477946287
0.342000000000000082	0.242686252530903174
0.347999999999999865	0.241000420951703792
0.354000000000000092	0.238196294709577067
0.359999999999999876	0.235749368086349526
0.366000000000000103	0.235282335530760139
0.371999999999999886	0.235879148156226598
0.378000000000000114	0.234733239313134778
0.383999999999999897	0.233979584507668037
0.390000000000000124	0.235634628048439071
0.395999999999999908	0.234548526359408732
0.402000000000000135	0.233545870560760344
0.407999999999999918	0.232589787989589625
0.414000000000000146	0.231213848473051625
0.419999999999999929	0.230116945989866262
0.426000000000000156	0.228800447329883527
0.43199999999999994	0.228044853988765922
0.438000000000000167	0.229181722653813896
0.44399999999999995	0.229901401544917866
0.450000000000000178	0.229695966228658094
0.455999999999999961	0.229446345946997449
0.462000000000000188	0.22820716474935035
0.467999999999999972	0.226457460892858675
0.474000000000000199	0.224651651441931971
0.479999999999999982	0.224350588425399122
0.48600000000000021	0.224132764004000923
0.491999999999999993	0.222305475258677637
0.49800000000000022	0.219936300532718898
0.504000000000000004	0.21932107009226523
0.510000000000000231	0.220395401122795154
0.516000000000000014	0.221170891176609014
0.522000000000000242	0.220703896928998083
0.528000000000000025	0.219414625139451785
0.534000000000000252	0.217438757476024508
0.540000000000000036	0.215944475834231625
0.546000000000000263	0.216001159201957754
0.552000000000000046	0.216921517502429606
0.558000000000000274	0.217536432449518619
0.564000000000000057	0.218490784573148605
0.570000000000000284	0.219601965299945218
0.576000000000000068	0.220310952414833477
0.582000000000000295	0.220174575437659531
0.588000000000000078	0.219744233436497099
0.593999999999999861	0.219289926624096243
0.600000000000000089	0.218190924683152737
0.605999999999999872	0.216682383068974832
0.612000000000000099	0.215843000636327109
0.617999999999999883	0.215613412200833632
0.62400000000000011	0.215525609820753306
0.629999999999999893	0.215410139414590834
0.636000000000000121	0.215202206860005574
0.641999999999999904	0.215065757535675695
0.648000000000000131	0.214894256470980927
0.653999999999999915	0.214853840796972811
0.660000000000000142	0.214829748779076374
0.665999999999999925	0.214695223262757751
0.672000000000000153	0.214636449310421196
0.677999999999999936	0.214513941181341344
0.684000000000000163	0.214294397053710534
0.689999999999999947	0.214153900945463549
0.696000000000000174	0.214327032627674829
0.701999999999999957	0.214927329594594207
0.708000000000000185	0.215540468992430706
0.713999999999999968	0.215909269821962235
0.720000000000000195	0.216111133432821734
0.725999999999999979	0.216015798466657832
0.732000000000000206	0.215716790537141823
0.737999999999999989	0.215629879549571857
0.744000000000000217	0.21595941916750433
0.75	0.216500514596063703
0.756000000000000227	0.216826769081382126
0.762000000000000011	0.216824420921965605
0.768000000000000238	0.216651298561329031
0.774000000000000021	0.216492316253916878
0.780000000000000249	0.216530420727916617
0.786000000000000032	0.216563520407883847
0.792000000000000259	0.216279961864179748
0.798000000000000043	0.215828583393128715
0.80400000000000027	0.215338603513760052
0.810000000000000053	0.214739118307973542
0.816000000000000281	0.214273108405049845
0.822000000000000064	0.214121708490700391
0.828000000000000291	0.214063888568570171
0.834000000000000075	0.213890153570346409
0.839999999999999858	0.21365657551441658
0.846000000000000085	0.213650687090135738
0.851999999999999869	0.214011393219420532
0.858000000000000096	0.214484983150420999
0.863999999999999879	0.214888993316438737
0.870000000000000107	0.215201842201053206
0.87599999999999989	0.215366405056521881
0.882000000000000117	0.215263414152970983
0.887999999999999901	0.214783722312793107
0.894000000000000128	0.214014266788044638
0.899999999999999911	0.213250586910199796
0.906000000000000139	0.212731644001890846
0.911999999999999922	0.212362518908681658
0.918000000000000149	0.212072953384173146
0.923999999999999932	0.211878262373876441
0.93000000000000016	0.211642391872437302
0.935999999999999943	0.211279792776308956
0.942000000000000171	0.210804258287375118
0.947999999999999954	0.210253894628545462
0.954000000000000181	0.209654735381651192
0.959999999999999964	0.209004406204407384
0.966000000000000192	0.208352259222183089
0.971999999999999975	0.207854346068952645
0.978000000000000203	0.207650372450935927
0.983999999999999986	0.207743884297586973
0.990000000000000213	0.208004160514691477
0.995999999999999996	0.208228424292714709
1.00199999999999978	0.208254855212095552
1.00800000000000001	0.208049349797207961
1.01400000000000023	0.207633252822708031
1.02000000000000046	0.207031915859490545
1.0259999999999998	0.206292838818050134
1.03200000000000003	0.205498880747238766
1.03800000000000026	0.204773715674426898
1.04400000000000048	0.204275998902446743
1.04999999999999982	0.204039857783749362
1.05600000000000005	0.20389047077798661
1.06200000000000028	0.203636330431137824
1.0680000000000005	0.203204205847099278
1.07399999999999984	0.202607039853760301
1.08000000000000007	0.201941044959581234
1.0860000000000003	0.201320803641846929
1.09200000000000053	0.200777575658425134
1.09799999999999986	0.200302097262754941
1.10400000000000009	0.199898253850037066
1.11000000000000032	0.199565526883454858
1.11599999999999966	0.199249557275586908
1.12199999999999989	0.198863715167006322
1.12800000000000011	0.198371276883997222
1.13400000000000034	0.197791935826567511
1.13999999999999968	0.197154304244871237
1.14599999999999991	0.196492524327192913
1.15200000000000014	0.19585264230782054
1.15800000000000036	0.195274510883942959
1.1639999999999997	0.194755731921680636
1.16999999999999993	0.19423231424946899
1.17600000000000016	0.193622383732232284
1.18200000000000038	0.192870604333153506
1.18799999999999972	0.191968716208919615
1.19399999999999995	0.190952765925771928
1.20000000000000018	0.189884660208741451
1.20600000000000041	0.188871755906081545
1.21199999999999974	0.188035867128660356
1.21799999999999997	0.187415331379008177
1.2240000000000002	0.186916175069673396
1.23000000000000043	0.186358467168518616
1.23599999999999977	0.185598245947942248
1.24199999999999999	0.184634164803667539
1.24800000000000022	0.183591663591890747
1.25400000000000045	0.182600778464040076
1.25999999999999979	0.181691945939319838
1.26600000000000001	0.180828447765717992
1.27200000000000024	0.180004334168753027
1.27800000000000047	0.179242120276181388
1.28399999999999981	0.178532258485889023
1.29000000000000004	0.177826505536961332
1.29600000000000026	0.177077979995237333
1.30200000000000049	0.176270795108805861
1.30799999999999983	0.175411205720312741
1.31400000000000006	0.174512931052967363
1.32000000000000028	0.173594121495070836
1.32600000000000051	0.172662012057793107
1.33199999999999985	0.171696796894653891
1.33800000000000008	0.170665127247926068
1.34400000000000031	0.169547478382881256
1.35000000000000053	0.168343376356570901
1.35599999999999987	0.167066039705937613
1.3620000000000001	0.165748320917184749
1.36800000000000033	0.164442353065594349
1.37399999999999967	0.163193273131645916
1.37999999999999989	0.162008188706067313
1.38600000000000012	0.16085577730388087
1.39200000000000035	0.159693663548921866
1.39799999999999969	0.158497885917605441
1.40399999999999991	0.157275784745985081
1.41000000000000014	0.156051945802074155
1.41600000000000037	0.154840638023390847
1.42199999999999971	0.153633073019890515
1.42799999999999994	0.152408784522631874
1.43400000000000016	0.151155318778098874
1.44000000000000039	0.149874800518650458
1.44599999999999973	0.148576109950073781
1.45199999999999996	0.147268499729310332
1.45800000000000018	0.145967721798359928
1.46400000000000041	0.144699812880514228
1.46999999999999975	0.143486491002864675
1.47599999999999998	0.142327977485215307
1.48200000000000021	0.141206383125334012
1.48800000000000043	0.140103645536073074
1.49399999999999977	0.139012635977664445
1.5	0.137933382703969459
1.50600000000000023	0.136863691624073719
1.51200000000000045	0.135795918952164058
1.51799999999999979	0.134722012060399604
1.52400000000000002	0.133641066316562307
1.53000000000000025	0.132560439674146435
1.53600000000000048	0.131489174805466541
1.54199999999999982	0.130433431811807166
1.54800000000000004	0.129398181113335314
1.55400000000000027	0.128386800410088625
1.5600000000000005	0.127394310331222532
1.56599999999999984	0.126403588531683181
1.57200000000000006	0.125390935726356845
1.57800000000000029	0.124335182487986362
1.58400000000000052	0.1232239273665552
1.58999999999999986	0.122057249722388086
1.59600000000000009	0.120849285476248111
1.60200000000000031	0.11962449958665787
1.60800000000000054	0.118409018824237072
1.61399999999999988	0.117222768034134103
1.62000000000000011	0.116077098636714032
1.62600000000000033	0.114976178157964112
1.63199999999999967	0.113917579951520451
1.6379999999999999	0.112892344746055931
1.64400000000000013	0.11188930458540669
1.65000000000000036	0.110903217133579118
1.65599999999999969	0.109938887947851269
1.66199999999999992	0.109007099119682663
1.66800000000000015	0.108116738432436243
1.67400000000000038	0.107269587260123686
1.67999999999999972	0.106459159584422633
1.68599999999999994	0.105671888184103599
1.69200000000000017	0.104889742318541382
1.6980000000000004	0.104093381617076888
1.70399999999999974	0.103266974773057518
1.70999999999999996	0.102405664238245125
1.71600000000000019	0.101520789949078566
1.72200000000000042	0.100635893512365363
1.72799999999999976	0.0997748189772698635
1.73399999999999999	0.0989521379676403523
1.74000000000000021	0.0981725379915945745
1.74600000000000044	0.0974352891154892792
1.75199999999999978	0.0967360949832006822
1.75800000000000001	0.0960648316208059516
1.76400000000000023	0.0954053078810200988
1.77000000000000046	0.0947406756012558748
1.7759999999999998	0.0940596830553474816
1.78200000000000003	0.0933586287325733205
1.78800000000000026	0.0926393420955699959
1.79400000000000048	0.0919059984667108115
1.79999999999999982	0.0911632788446465891
1.80600000000000005	0.0904163192155893053
1.81200000000000028	0.0896706574932254336
1.8180000000000005	0.0889307035895305631
1.82399999999999984	0.0881975136441147389
1.83000000000000007	0.0874680337703014343
1.8360000000000003	0.0867366378937807769
1.84200000000000053	0.0859976745341508586
1.84799999999999986	0.0852474684838801233
1.85400000000000009	0.0844852635988778272
1.86000000000000032	0.0837132642109264385
1.86599999999999966	0.0829358592352204549
1.87199999999999989	0.0821582052761020559
1.87800000000000011	0.0813848496664626858
1.88400000000000034	0.0806191814933805845
1.88999999999999968	0.079863788538795874
1.89599999999999991	0.0791209664233582938
1.90200000000000014	0.0783925224326735143
1.90800000000000036	0.0776787934975767813
1.9139999999999997	0.0769779598745131549
1.91999999999999993	0.0762867600036108429
1.92600000000000016	0.0756022491688849579
1.93200000000000038	0.0749234128365032365
1.93799999999999972	0.0742520184811554934
1.94399999999999995	0.0735925543262439669
1.95000000000000018	0.072951074896964771
1.95600000000000041	0.0723331096856380806
1.96199999999999974	0.0717415590178047957
1.96799999999999997	0.0711758010813879904
1.9740000000000002	0.0706325110742974521
1.98000000000000043	0.0701075335912367675
1.98599999999999977	0.0695975097777946639
1.99199999999999999	0.0691002440000151874
1.99800000000000022	0.0686137453114946949
2.00400000000000045	0.0681349325019676016
2.00999999999999979	0.067659206886199974
2.01600000000000001	0.0671810356553753235
2.02200000000000024	0.0666948164112407677
2.02800000000000047	0.0661957995422218642
2.03399999999999981	0.0656813698680245445
2.04000000000000004	0.065152359997376591
2.04600000000000026	0.0646133410149972859
2.05200000000000049	0.0640711639365857955
2.05799999999999983	0.0635322541665549884
2.06400000000000006	0.0630002389944280261
2.07000000000000028	0.0624752736215418644
2.07600000000000051	0.0619551008079269397
2.08199999999999985	0.0614368781834228883
2.08800000000000008	0.0609188500494183757
2.09400000000000031	0.0604013126597542707
2.10000000000000053	0.0598865409209120014
2.10599999999999987	0.0593777826138931625
2.1120000000000001	0.0588779634614421052
2.11800000000000033	0.0583888210019110065
2.12399999999999967	0.0579108244424545587
2.12999999999999989	0.0574437231062878625
2.13600000000000012	0.0569871467678134749
2.14200000000000035	0.0565407471840901552
2.14799999999999969	0.0561039072660579341
2.15399999999999991	0.0556754430336545841
2.16000000000000014	0.0552536444675884378
2.16600000000000037	0.0548367065419430866
2.17199999999999971	0.0544233291552646548
2.17799999999999994	0.0540130941833676312
2.18400000000000016	0.0536063351789732717
2.19000000000000039	0.0532036069443564408
2.19599999999999973	0.0528051950619303351
2.20199999999999996	0.0524110328471520392
2.20800000000000018	0.0520209688447342139
2.21400000000000041	0.0516350126451032079
2.21999999999999975	0.0512533012140616862
2.22599999999999998	0.0508758295891486231
2.23200000000000021	0.0505021166143793179
2.23800000000000043	0.0501309874253407714
2.24399999999999977	0.0497606741580289072
2.25	0.0493893212769016057
2.25600000000000023	0.0490157259561245923
2.26200000000000045	0.0486399765031137327
2.26799999999999979	0.0482636529626445654
2.27400000000000002	0.0478893650967168252
2.28000000000000025	0.0475196836675750509
2.28600000000000048	0.0471559549497964081
2.29199999999999982	0.04679771327036409
2.29800000000000004	0.0464430876497062758
2.30400000000000027	0.0460899255967216828
2.3100000000000005	0.0457369035150807651
2.31599999999999984	0.0453840334966894715
2.32200000000000006	0.0450324959631451874
2.32800000000000029	0.0446841028196559853
2.33400000000000052	0.0443407093626692964
2.33999999999999986	0.0440037404246230585
2.34600000000000009	0.0436738871465174733
2.35200000000000031	0.0433509988409513172
2.35800000000000054	0.0430341863826071494
2.36399999999999988	0.0427221012911391806
2.37000000000000011	0.0424132605160556925
2.37600000000000033	0.0421062687742917996
2.38199999999999967	0.0417999145876796832
2.3879999999999999	0.0414932415775223565
2.39400000000000013	0.0411856652352492053
2.40000000000000036	0.0408770964653931979
2.40599999999999969	0.0405680077109254605
2.41199999999999992	0.0402594130423218552
2.41800000000000015	0.039952738274200747
2.42400000000000038	0.039649565369055971
2.42999999999999972	0.0393512940545651044
2.43599999999999994	0.0390588135770983391
2.44200000000000017	0.0387722750485123696
2.4480000000000004	0.0384910300234570651
2.45399999999999974	0.038213764740094483
2.45999999999999996	0.0379388047079016674
2.46600000000000019	0.0376645084515434131
2.47200000000000042	0.0373896259452825772
2.47799999999999976	0.0371134909298723864
2.48399999999999999	0.0368359879998491693
2.49000000000000021	0.0365573561023695842
2.49600000000000044	0.0362779600631124022
2.50199999999999978	0.0359981374575027296
2.50800000000000001	0.035718164185115614
2.51400000000000023	0.0354383380835920775
2.52000000000000046	0.03515915015352572
2.5259999999999998	0.0348814654581209999
2.53200000000000003	0.0346065877023665827
2.53800000000000026	0.0343361010400605668
2.54400000000000048	0.0340715033956850016
2.54999999999999982	0.0338137949875575924
2.55600000000000005	0.0335632303888452055
2.56200000000000028	0.0333193324816808134
2.5680000000000005	0.0330811074451875173
2.57399999999999984	0.0328473315745098499
2.58000000000000007	0.0326168216615798159
2.5860000000000003	0.0323886592791360894
2.59200000000000053	0.0321623462436596841
2.59799999999999986	0.031937846556081749
2.60400000000000009	0.0317154832530998215
2.61000000000000032	0.0314957256255542356
2.61600000000000055	0.031278966127821918
2.62199999999999989	0.0310653788048390334
2.62800000000000011	0.030854884702931594
2.63400000000000034	0.0306472013459822001
2.63999999999999968	0.0304419544286558784
2.64599999999999991	0.0302388319924220411
2.65200000000000014	0.0300377270845676066
2.65800000000000036	0.0298387862850927818
2.6639999999999997	0.029642319864066638
2.66999999999999993	0.0294486221590023571
2.67600000000000016	0.0292578177801649277
2.68200000000000038	0.0290698286519828798
2.68799999999999972	0.0288844655964513551
2.69399999999999995	0.0287015630135433984
2.70000000000000018	0.0285210605560070017
2.70600000000000041	0.0283429879706166184
2.71199999999999974	0.0281673732134940721
2.71799999999999997	0.0279941245331818099
2.7240000000000002	0.0278229351628527695
2.73000000000000043	0.0276532502377267661
2.73599999999999977	0.0274843283274143688
2.74199999999999999	0.0273154066829596719
2.74800000000000022	0.027145928795284241
2.75400000000000045	0.0269757416510182195
2.75999999999999979	0.0268051643808222377
2.76600000000000001	0.0266348858145356547
2.77200000000000024	0.0264657318779602801
2.77800000000000047	0.0262984023385549222
2.78399999999999981	0.026133279699433333
2.79000000000000004	0.0259703670946745749
2.79600000000000026	0.0258093490365442768
2.80200000000000049	0.0256497243843184647
2.80799999999999983	0.0254909518675221665
2.81400000000000006	0.0253325663586926215
2.82000000000000028	0.02517424840634842
2.82600000000000051	0.0250158474268956411
2.83199999999999985	0.0248573697729050705
2.83800000000000008	0.0246989483180142244
2.84400000000000031	0.0245408088159803014
2.85000000000000053	0.0243832411775409992
2.85599999999999987	0.0242265769034610973
2.8620000000000001	0.024071170772374275
2.86800000000000033	0.0239173827474992648
2.87400000000000055	0.0237655530532426169
2.87999999999999989	0.0236159643744566043
2.88600000000000012	0.0234687946918936269
2.89200000000000035	0.0233240763950203732
2.89799999999999969	0.0231816798923639225
2.90399999999999991	0.0230413300877727462
2.91000000000000014	0.0229026518392457142
2.91600000000000037	0.0227652347874966396
2.92199999999999971	0.0226287064427999306
2.92799999999999994	0.022492799373174624
2.93400000000000016	0.0223573954175731275
2.94000000000000039	0.0222225339206125888
2.94599999999999973	0.0220883836738887916
2.95199999999999996	0.0219551917388944168
2.95800000000000018	0.0218232270229291418
2.96400000000000041	0.0216927316995475274
2.96999999999999975	0.0215638869520380291
2.97599999999999998	0.0214367960995385728
2.98200000000000021	0.0213114857016741301
2.98800000000000043	0.0211879210281270894
2.99399999999999977	0.0210660284367960617
3	0.0209457172503155001
