-3	0.0133336357135996428
-2.99699699699699718	0.00800018142815978571
-2.99399399399399391	0.0115558176184530226
-2.99099099099099108	0.0133336357135996428
-2.98798798798798781	0.0133336357135996428
-2.98498498498498499	0.0115558176184530226
-2.98198198198198217	0.0142225447611729512
-2.9789789789789789	0.0115558176184530226
-2.97597597597597607	0.00977799952330640418
-2.9729729729729728	0.0142225447611729512
-2.96996996996996998	0.00977799952330640418
-2.96696696696696716	0.0106669085708797143
-2.96396396396396389	0.0106669085708797143
-2.96096096096096106	0.0133336357135996428
-2.9579579579579578	0.0142225447611729512
-2.95495495495495497	0.0115558176184530226
-2.95195195195195215	0.00977799952330640418
-2.94894894894894888	0.0133336357135996428
-2.94594594594594605	0.0133336357135996428
-2.94294294294294279	0.0204449080941861185
-2.93993993993993996	0.0124447266660263327
-2.93693693693693714	0.0115558176184530226
-2.93393393393393387	0.00800018142815978571
-2.93093093093093104	0.00977799952330640418
-2.92792792792792778	0.0106669085708797143
-2.92492492492492495	0.0177781809514661882
-2.92192192192192213	0.0142225447611729512
-2.91891891891891886	0.0124447266660263327
-2.91591591591591603	0.0115558176184530226
-2.91291291291291277	0.0133336357135996428
-2.90990990990990994	0.00800018142815978571
-2.90690690690690712	0.00800018142815978571
-2.90390390390390385	0.00888909047573309408
-2.90090090090090102	0.0115558176184530226
-2.89789789789789776	0.0115558176184530226
-2.89489489489489493	0.0151114538087462613
-2.89189189189189211	0.0151114538087462613
-2.88888888888888884	0.0151114538087462613
-2.88588588588588602	0.00888909047573309408
-2.88288288288288275	0.0160003628563195714
-2.87987987987987992	0.00888909047573309408
-2.8768768768768771	0.0133336357135996428
-2.87387387387387383	0.0106669085708797143
-2.87087087087087101	0.0124447266660263327
-2.86786786786786774	0.00888909047573309408
-2.86486486486486491	0.0186670899990394983
-2.86186186186186209	0.0124447266660263327
-2.85885885885885882	0.0133336357135996428
-2.855855855855856	0.0133336357135996428
-2.85285285285285273	0.0160003628563195714
-2.8498498498498499	0.0115558176184530226
-2.84684684684684708	0.00622236333301316637
-2.84384384384384381	0.0195559990466128084
-2.84084084084084099	0.0151114538087462613
-2.83783783783783772	0.0115558176184530226
-2.83483483483483489	0.00977799952330640418
-2.83183183183183207	0.0177781809514661882
-2.8288288288288288	0.0151114538087462613
-2.82582582582582598	0.00977799952330640418
-2.82282282282282271	0.0204449080941861185
-2.81981981981981988	0.0133336357135996428
-2.81681681681681662	0.00977799952330640418
-2.81381381381381379	0.0168892719038928815
-2.81081081081081097	0.0195559990466128084
-2.8078078078078077	0.0124447266660263327
-2.80480480480480487	0.00711127238058647561
-2.80180180180180161	0.0133336357135996428
-2.79879879879879878	0.0160003628563195714
-2.79579579579579596	0.0151114538087462613
-2.79279279279279269	0.0115558176184530226
-2.78978978978978986	0.0133336357135996428
-2.7867867867867866	0.00888909047573309408
-2.78378378378378377	0.0168892719038928815
-2.78078078078078095	0.0115558176184530226
-2.77777777777777768	0.0168892719038928815
-2.77477477477477485	0.0124447266660263327
-2.77177177177177159	0.00888909047573309408
-2.76876876876876876	0.0133336357135996428
-2.76576576576576594	0.0160003628563195714
-2.76276276276276267	0.0151114538087462613
-2.75975975975975985	0.0168892719038928815
-2.75675675675675658	0.00977799952330640418
-2.75375375375375375	0.00977799952330640418
-2.75075075075075093	0.0177781809514661882
-2.74774774774774766	0.00888909047573309408
-2.74474474474474484	0.00711127238058647561
-2.74174174174174157	0.00977799952330640418
-2.73873873873873874	0.0133336357135996428
-2.73573573573573592	0.0133336357135996428
-2.73273273273273265	0.0115558176184530226
-2.72972972972972983	0.0186670899990394983
-2.72672672672672656	0.00888909047573309408
-2.72372372372372373	0.00800018142815978571
-2.72072072072072091	0.0133336357135996428
-2.71771771771771764	0.0151114538087462613
-2.71471471471471482	0.0160003628563195714
-2.71171171171171155	0.0106669085708797143
-2.70870870870870872	0.0151114538087462613
-2.7057057057057059	0.00888909047573309408
-2.70270270270270263	0.0124447266660263327
-2.69969969969969981	0.0160003628563195714
-2.69669669669669654	0.0133336357135996428
-2.69369369369369371	0.0186670899990394983
-2.69069069069069045	0.0133336357135996428
-2.68768768768768762	0.0124447266660263327
-2.6846846846846848	0.0160003628563195714
-2.68168168168168153	0.00977799952330640418
-2.6786786786786787	0.0133336357135996428
-2.67567567567567544	0.00977799952330640418
-2.67267267267267261	0.0151114538087462613
-2.66966966966966979	0.00977799952330640418
-2.66666666666666652	0.0195559990466128084
-2.66366366366366369	0.0168892719038928815
-2.66066066066066043	0.0106669085708797143
-2.6576576576576576	0.0106669085708797143
-2.65465465465465478	0.0195559990466128084
-2.65165165165165151	0.0115558176184530226
-2.64864864864864868	0.0177781809514661882
-2.64564564564564542	0.0204449080941861185
-2.64264264264264259	0.0133336357135996428
-2.63963963963963977	0.0177781809514661882
-2.6366366366366365	0.00977799952330640418
-2.63363363363363367	0.0142225447611729512
-2.63063063063063041	0.0186670899990394983
-2.62762762762762758	0.0133336357135996428
-2.62462462462462476	0.0151114538087462613
-2.62162162162162149	0.0186670899990394983
-2.61861861861861867	0.0106669085708797143
-2.6156156156156154	0.0168892719038928815
-2.61261261261261257	0.0133336357135996428
-2.60960960960960975	0.0142225447611729512
-2.60660660660660648	0.0124447266660263327
-2.60360360360360366	0.0204449080941861185
-2.60060060060060039	0.0160003628563195714
-2.59759759759759756	0.0186670899990394983
-2.59459459459459474	0.0133336357135996428
-2.59159159159159147	0.0151114538087462613
-2.58858858858858865	0.0213338171417594286
-2.58558558558558538	0.0106669085708797143
-2.58258258258258255	0.0168892719038928815
-2.57957957957957973	0.0186670899990394983
-2.57657657657657646	0.0186670899990394983
-2.57357357357357364	0.0142225447611729512
-2.57057057057057037	0.0177781809514661882
-2.56756756756756754	0.00977799952330640418
-2.56456456456456472	0.0106669085708797143
-2.56156156156156145	0.0151114538087462613
-2.55855855855855863	0.0195559990466128084
-2.55555555555555536	0.0195559990466128084
-2.55255255255255253	0.0106669085708797143
-2.54954954954954971	0.0213338171417594286
-2.54654654654654644	0.0115558176184530226
-2.54354354354354362	0.0133336357135996428
-2.54054054054054035	0.0142225447611729512
-2.53753753753753752	0.00977799952330640418
-2.5345345345345347	0.0186670899990394983
-2.53153153153153143	0.0168892719038928815
-2.52852852852852861	0.0168892719038928815
-2.52552552552552534	0.0213338171417594286
-2.52252252252252251	0.0204449080941861185
-2.51951951951951969	0.0151114538087462613
-2.51651651651651642	0.0115558176184530226
-2.5135135135135136	0.0195559990466128084
-2.51051051051051033	0.0168892719038928815
-2.5075075075075075	0.0204449080941861185
-2.50450450450450468	0.0195559990466128084
-2.50150150150150141	0.0115558176184530226
-2.49849849849849859	0.0204449080941861185
-2.49549549549549532	0.0151114538087462613
-2.4924924924924925	0.0204449080941861185
-2.48948948948948967	0.0168892719038928815
-2.4864864864864864	0.0186670899990394983
-2.48348348348348358	0.0177781809514661882
-2.48048048048048031	0.0124447266660263327
-2.47747747747747749	0.0124447266660263327
-2.47447447447447466	0.0257783623796259756
-2.47147147147147139	0.0213338171417594286
-2.46846846846846857	0.0204449080941861185
-2.4654654654654653	0.0142225447611729512
-2.46246246246246248	0.0168892719038928815
-2.45945945945945965	0.0248894533320526655
-2.45645645645645638	0.0160003628563195714
-2.45345345345345356	0.0124447266660263327
-2.45045045045045029	0.0213338171417594286
-2.44744744744744747	0.0168892719038928815
-2.44444444444444464	0.0213338171417594286
-2.44144144144144137	0.0151114538087462613
-2.43843843843843855	0.0151114538087462613
-2.43543543543543528	0.0142225447611729512
-2.43243243243243246	0.0160003628563195714
-2.42942942942942963	0.0231116352369060453
-2.42642642642642636	0.0195559990466128084
-2.42342342342342354	0.0204449080941861185
-2.42042042042042027	0.0186670899990394983
-2.41741741741741745	0.0124447266660263327
-2.41441441441441462	0.0204449080941861185
-2.41141141141141135	0.0186670899990394983
-2.40840840840840853	0.0168892719038928815
-2.40540540540540526	0.0133336357135996428
-2.40240240240240244	0.0186670899990394983
-2.39939939939939961	0.0177781809514661882
-2.39639639639639634	0.00888909047573309408
-2.39339339339339352	0.0248894533320526655
-2.39039039039039025	0.00977799952330640418
-2.38738738738738743	0.0231116352369060453
-2.3843843843843846	0.0151114538087462613
-2.38138138138138133	0.0231116352369060453
-2.37837837837837851	0.0160003628563195714
-2.37537537537537524	0.0195559990466128084
-2.37237237237237242	0.0186670899990394983
-2.36936936936936959	0.0160003628563195714
-2.36636636636636633	0.0124447266660263327
-2.3633633633633635	0.0248894533320526655
-2.36036036036036023	0.0133336357135996428
-2.35735735735735741	0.0160003628563195714
-2.35435435435435458	0.0195559990466128084
-2.35135135135135132	0.0204449080941861185
-2.34834834834834849	0.0204449080941861185
-2.34534534534534522	0.0168892719038928815
-2.3423423423423424	0.0186670899990394983
-2.33933933933933957	0.0204449080941861185
-2.33633633633633631	0.0160003628563195714
-2.33333333333333348	0.0177781809514661882
-2.33033033033033021	0.0195559990466128084
-2.32732732732732739	0.0195559990466128084
-2.32432432432432456	0.0186670899990394983
-2.3213213213213213	0.0177781809514661882
-2.31831831831831847	0.0186670899990394983
-2.3153153153153152	0.0186670899990394983
-2.31231231231231238	0.0240005442844793554
-2.30930930930930955	0.0168892719038928815
-2.30630630630630629	0.0248894533320526655
-2.30330330330330346	0.0240005442844793554
-2.30030030030030019	0.0177781809514661882
-2.29729729729729737	0.0115558176184530226
-2.29429429429429455	0.0240005442844793554
-2.29129129129129128	0.0160003628563195714
-2.28828828828828845	0.0275561804747725923
-2.28528528528528518	0.0151114538087462613
-2.28228228228228236	0.0222227261893327352
-2.27927927927927954	0.0248894533320526655
-2.27627627627627627	0.0195559990466128084
-2.27327327327327344	0.0240005442844793554
-2.27027027027027017	0.0186670899990394983
-2.26726726726726735	0.0257783623796259756
-2.26426426426426453	0.0213338171417594286
-2.26126126126126126	0.0177781809514661882
-2.25825825825825799	0.0168892719038928815
-2.25525525525525516	0.0177781809514661882
-2.25225225225225234	0.0186670899990394983
-2.24924924924924952	0.0266672714271992857
-2.24624624624624625	0.0168892719038928815
-2.24324324324324298	0.0186670899990394983
-2.24024024024024015	0.0240005442844793554
-2.23723723723723733	0.0177781809514661882
-2.23423423423423451	0.0222227261893327352
-2.23123123123123124	0.0204449080941861185
-2.22822822822822797	0.0195559990466128084
-2.22522522522522515	0.0168892719038928815
-2.22222222222222232	0.0186670899990394983
-2.2192192192192195	0.0186670899990394983
-2.21621621621621623	0.0186670899990394983
-2.21321321321321296	0.0213338171417594286
-2.21021021021021014	0.0213338171417594286
-2.20720720720720731	0.0204449080941861185
-2.20420420420420449	0.0204449080941861185
-2.20120120120120122	0.0231116352369060453
-2.19819819819819795	0.0257783623796259756
-2.19519519519519513	0.0160003628563195714
-2.1921921921921923	0.0195559990466128084
-2.18918918918918903	0.0142225447611729512
-2.18618618618618621	0.0213338171417594286
-2.18318318318318294	0.0204449080941861185
-2.18018018018018012	0.0124447266660263327
-2.17717717717717729	0.0204449080941861185
-2.17417417417417402	0.0240005442844793554
-2.1711711711711712	0.0320007257126391428
-2.16816816816816793	0.0248894533320526655
-2.16516516516516511	0.0186670899990394983
-2.16216216216216228	0.0222227261893327352
-2.15915915915915901	0.0222227261893327352
-2.15615615615615619	0.0248894533320526655
-2.15315315315315292	0.0240005442844793554
-2.1501501501501501	0.0186670899990394983
-2.14714714714714727	0.0177781809514661882
-2.144144144144144	0.0231116352369060453
-2.14114114114114118	0.0168892719038928815
-2.13813813813813791	0.0195559990466128084
-2.13513513513513509	0.0266672714271992857
-2.13213213213213226	0.0302229076174925226
-2.12912912912912899	0.0222227261893327352
-2.12612612612612617	0.0115558176184530226
-2.1231231231231229	0.0160003628563195714
-2.12012012012012008	0.0177781809514661882
-2.11711711711711725	0.0222227261893327352
-2.11411411411411398	0.0231116352369060453
-2.11111111111111116	0.0266672714271992857
-2.10810810810810789	0.0240005442844793554
-2.10510510510510507	0.0213338171417594286
-2.10210210210210224	0.0240005442844793554
-2.09909909909909898	0.0257783623796259756
-2.09609609609609615	0.0248894533320526655
-2.09309309309309288	0.0133336357135996428
-2.09009009009009006	0.0151114538087462613
-2.08708708708708723	0.0213338171417594286
-2.08408408408408397	0.00977799952330640418
-2.08108108108108114	0.0213338171417594286
-2.07807807807807787	0.0177781809514661882
-2.07507507507507505	0.0231116352369060453
-2.07207207207207222	0.0204449080941861185
-2.06906906906906896	0.0204449080941861185
-2.06606606606606613	0.0204449080941861185
-2.06306306306306286	0.0213338171417594286
-2.06006006006006004	0.0275561804747725923
-2.05705705705705721	0.0248894533320526655
-2.05405405405405395	0.0231116352369060453
-2.05105105105105112	0.0266672714271992857
-2.04804804804804785	0.0195559990466128084
-2.04504504504504503	0.0222227261893327352
-2.0420420420420422	0.0248894533320526655
-2.03903903903903894	0.0257783623796259756
-2.03603603603603611	0.0213338171417594286
-2.03303303303303284	0.0222227261893327352
-2.03003003003003002	0.0186670899990394983
-2.0270270270270272	0.0266672714271992857
-2.02402402402402393	0.0275561804747725923
-2.0210210210210211	0.0346674528553590697
-2.01801801801801783	0.0195559990466128084
-2.01501501501501501	0.0275561804747725923
-2.01201201201201219	0.0213338171417594286
-2.00900900900900892	0.0231116352369060453
-2.00600600600600609	0.0266672714271992857
-2.00300300300300282	0.0311118166650658327
-2	0.0257783623796259756
-1.99699699699699695	0.0311118166650658327
-1.99399399399399391	0.0266672714271992857
-1.99099099099099108	0.0266672714271992857
-1.98798798798798804	0.0284450895223459024
-1.98498498498498499	0.0284450895223459024
-1.98198198198198194	0.0275561804747725923
-1.9789789789789789	0.0204449080941861185
-1.97597597597597607	0.0311118166650658327
-1.97297297297297303	0.0320007257126391428
-1.96996996996996998	0.0284450895223459024
-1.96696696696696693	0.0168892719038928815
-1.96396396396396389	0.0266672714271992857
-1.96096096096096106	0.0204449080941861185
-1.95795795795795802	0.0275561804747725923
-1.95495495495495497	0.0204449080941861185
-1.95195195195195192	0.0275561804747725923
-1.94894894894894888	0.0231116352369060453
-1.94594594594594605	0.0284450895223459024
-1.94294294294294301	0.0293339985699192125
-1.93993993993993996	0.0328896347602124495
-1.93693693693693691	0.0284450895223459024
-1.93393393393393387	0.0284450895223459024
-1.93093093093093104	0.0293339985699192125
-1.927927927927928	0.0373341799980789965
-1.92492492492492495	0.0240005442844793554
-1.92192192192192191	0.0311118166650658327
-1.91891891891891886	0.0257783623796259756
-1.91591591591591603	0.0293339985699192125
-1.91291291291291299	0.0231116352369060453
-1.90990990990990994	0.0311118166650658327
-1.9069069069069069	0.0195559990466128084
-1.90390390390390385	0.0293339985699192125
-1.9009009009009008	0.0302229076174925226
-1.89789789789789798	0.0302229076174925226
-1.89489489489489493	0.0284450895223459024
-1.89189189189189189	0.0257783623796259756
-1.88888888888888884	0.0284450895223459024
-1.88588588588588579	0.0204449080941861185
-1.88288288288288297	0.0266672714271992857
-1.87987987987987992	0.0320007257126391428
-1.87687687687687688	0.0320007257126391428
-1.87387387387387383	0.0240005442844793554
-1.87087087087087078	0.0293339985699192125
-1.86786786786786796	0.0293339985699192125
-1.86486486486486491	0.0266672714271992857
-1.86186186186186187	0.0266672714271992857
-1.85885885885885882	0.0275561804747725923
-1.85585585585585577	0.0186670899990394983
-1.85285285285285295	0.0231116352369060453
-1.8498498498498499	0.0257783623796259756
-1.84684684684684686	0.0284450895223459024
-1.84384384384384381	0.0346674528553590697
-1.84084084084084076	0.0266672714271992857
-1.83783783783783794	0.0328896347602124495
-1.83483483483483489	0.0266672714271992857
-1.83183183183183185	0.0284450895223459024
-1.8288288288288288	0.0213338171417594286
-1.82582582582582575	0.0320007257126391428
-1.82282282282282293	0.0240005442844793554
-1.81981981981981988	0.0400009071407989233
-1.81681681681681684	0.0231116352369060453
-1.81381381381381379	0.0293339985699192125
-1.81081081081081074	0.0311118166650658327
-1.80780780780780792	0.0328896347602124495
-1.80480480480480487	0.0373341799980789965
-1.80180180180180183	0.033778543807785763
-1.79879879879879878	0.0328896347602124495
-1.79579579579579574	0.0293339985699192125
-1.79279279279279291	0.033778543807785763
-1.78978978978978986	0.0275561804747725923
-1.78678678678678682	0.0355563619029323763
-1.78378378378378377	0.0391119980932256167
-1.78078078078078073	0.0257783623796259756
-1.77777777777777768	0.0284450895223459024
-1.77477477477477485	0.0284450895223459024
-1.77177177177177181	0.0355563619029323763
-1.76876876876876876	0.0248894533320526655
-1.76576576576576572	0.0275561804747725923
-1.76276276276276267	0.0391119980932256167
-1.75975975975975985	0.0248894533320526655
-1.7567567567567568	0.0355563619029323763
-1.75375375375375375	0.0302229076174925226
-1.75075075075075071	0.0426676342835188571
-1.74774774774774766	0.0320007257126391428
-1.74474474474474484	0.0373341799980789965
-1.74174174174174179	0.0320007257126391428
-1.73873873873873874	0.0248894533320526655
-1.7357357357357357	0.0328896347602124495
-1.73273273273273265	0.0364452709505056899
-1.72972972972972983	0.0302229076174925226
-1.72672672672672678	0.033778543807785763
-1.72372372372372373	0.0426676342835188571
-1.72072072072072069	0.0293339985699192125
-1.71771771771771764	0.0328896347602124495
-1.71471471471471482	0.0302229076174925226
-1.71171171171171177	0.0293339985699192125
-1.70870870870870872	0.0302229076174925226
-1.70570570570570568	0.0302229076174925226
-1.70270270270270263	0.0462232704738120906
-1.69969969969969981	0.0320007257126391428
-1.69669669669669676	0.0355563619029323763
-1.69369369369369371	0.0293339985699192125
-1.69069069069069067	0.0391119980932256167
-1.68768768768768762	0.0302229076174925226
-1.6846846846846848	0.0266672714271992857
-1.68168168168168175	0.0408898161883722369
-1.6786786786786787	0.0408898161883722369
-1.67567567567567566	0.0400009071407989233
-1.67267267267267261	0.0382230890456523101
-1.66966966966966979	0.0417787252359455435
-1.66666666666666674	0.0293339985699192125
-1.66366366366366369	0.0364452709505056899
-1.66066066066066065	0.0391119980932256167
-1.6576576576576576	0.0417787252359455435
-1.65465465465465478	0.0524456338068252578
-1.65165165165165173	0.0275561804747725923
-1.64864864864864868	0.0373341799980789965
-1.64564564564564564	0.0391119980932256167
-1.64264264264264259	0.0320007257126391428
-1.63963963963963955	0.0400009071407989233
-1.63663663663663672	0.0355563619029323763
-1.63363363363363367	0.0373341799980789965
-1.63063063063063063	0.0328896347602124495
-1.62762762762762758	0.0524456338068252578
-1.62462462462462454	0.0373341799980789965
-1.62162162162162171	0.0346674528553590697
-1.61861861861861867	0.0400009071407989233
-1.61561561561561562	0.0328896347602124495
-1.61261261261261257	0.0400009071407989233
-1.60960960960960953	0.0257783623796259756
-1.6066066066066067	0.033778543807785763
-1.60360360360360366	0.0435565433310921638
-1.60060060060060061	0.0400009071407989233
-1.59759759759759756	0.0266672714271992857
-1.59459459459459452	0.0311118166650658327
-1.59159159159159169	0.0462232704738120906
-1.58858858858858865	0.0355563619029323763
-1.5855855855855856	0.0302229076174925226
-1.58258258258258255	0.0364452709505056899
-1.57957957957957951	0.0471121795213854042
-1.57657657657657668	0.0364452709505056899
-1.57357357357357364	0.0400009071407989233
-1.57057057057057059	0.0444454523786654704
-1.56756756756756754	0.0400009071407989233
-1.5645645645645645	0.0480010885689587108
-1.56156156156156167	0.0382230890456523101
-1.55855855855855863	0.049778906664105331
-1.55555555555555558	0.0391119980932256167
-1.55255255255255253	0.045334361426238784
-1.54954954954954949	0.0364452709505056899
-1.54654654654654666	0.0364452709505056899
-1.54354354354354362	0.033778543807785763
-1.54054054054054057	0.0417787252359455435
-1.53753753753753752	0.0355563619029323763
-1.53453453453453448	0.0373341799980789965
-1.53153153153153165	0.0373341799980789965
-1.52852852852852861	0.0408898161883722369
-1.52552552552552556	0.0373341799980789965
-1.52252252252252251	0.0391119980932256167
-1.51951951951951947	0.033778543807785763
-1.51651651651651642	0.0480010885689587108
-1.5135135135135136	0.0462232704738120906
-1.51051051051051055	0.0471121795213854042
-1.5075075075075075	0.0488899976165320244
-1.50450450450450446	0.0506678157116786376
-1.50150150150150141	0.0408898161883722369
-1.49849849849849859	0.0462232704738120906
-1.49549549549549554	0.0560012699971184982
-1.4924924924924925	0.0551123609495451847
-1.48948948948948945	0.0506678157116786376
-1.4864864864864864	0.0400009071407989233
-1.48348348348348358	0.0444454523786654704
-1.48048048048048053	0.0400009071407989233
-1.47747747747747749	0.0417787252359455435
-1.47447447447447444	0.045334361426238784
-1.47147147147147139	0.0480010885689587108
-1.46846846846846857	0.0586679971398384251
-1.46546546546546552	0.0426676342835188571
-1.46246246246246248	0.0364452709505056899
-1.45945945945945943	0.0426676342835188571
-1.45645645645645638	0.0524456338068252578
-1.45345345345345356	0.0524456338068252578
-1.45045045045045051	0.0408898161883722369
-1.44744744744744747	0.0471121795213854042
-1.44444444444444442	0.0524456338068252578
-1.44144144144144137	0.0506678157116786376
-1.43843843843843855	0.0471121795213854042
-1.4354354354354355	0.0488899976165320244
-1.43243243243243246	0.0435565433310921638
-1.42942942942942941	0.0382230890456523101
-1.42642642642642636	0.0488899976165320244
-1.42342342342342354	0.0364452709505056899
-1.42042042042042049	0.0604458152349850453
-1.41741741741741745	0.0480010885689587108
-1.4144144144144144	0.0551123609495451847
-1.41141141141141135	0.0524456338068252578
-1.40840840840840853	0.049778906664105331
-1.40540540540540548	0.0471121795213854042
-1.40240240240240244	0.045334361426238784
-1.39939939939939939	0.0524456338068252578
-1.39639639639639634	0.0435565433310921638
-1.3933933933933933	0.0471121795213854042
-1.39039039039039047	0.0515567247592519512
-1.38738738738738743	0.0568901790446918049
-1.38438438438438438	0.0480010885689587108
-1.38138138138138133	0.054223451901971878
-1.37837837837837829	0.0560012699971184982
-1.37537537537537546	0.0666681785679982125
-1.37237237237237242	0.0622236333301316655
-1.36936936936936937	0.0506678157116786376
-1.36636636636636633	0.0506678157116786376
-1.36336336336336328	0.0488899976165320244
-1.36036036036036045	0.0684459966631448258
-1.35735735735735741	0.0462232704738120906
-1.35435435435435436	0.0515567247592519512
-1.35135135135135132	0.0577790880922651184
-1.34834834834834827	0.0382230890456523101
-1.34534534534534544	0.0488899976165320244
-1.3423423423423424	0.0488899976165320244
-1.33933933933933935	0.0577790880922651184
-1.33633633633633631	0.0391119980932256167
-1.33333333333333326	0.0417787252359455435
-1.33033033033033044	0.0560012699971184982
-1.32732732732732739	0.0506678157116786376
-1.32432432432432434	0.0604458152349850453
-1.3213213213213213	0.0586679971398384251
-1.31831831831831825	0.0640014514252782857
-1.31531531531531543	0.0631125423777049721
-1.31231231231231238	0.0622236333301316655
-1.30930930930930933	0.0666681785679982125
-1.30630630630630629	0.0506678157116786376
-1.30330330330330324	0.0640014514252782857
-1.30030030030030042	0.0702238147582914529
-1.29729729729729737	0.0506678157116786376
-1.29429429429429432	0.0586679971398384251
-1.29129129129129128	0.0622236333301316655
-1.28828828828828823	0.0675570876155715261
-1.28528528528528541	0.0622236333301316655
-1.28228228228228236	0.0444454523786654704
-1.27927927927927931	0.0631125423777049721
-1.27627627627627627	0.0640014514252782857
-1.27327327327327322	0.0640014514252782857
-1.27027027027027017	0.054223451901971878
-1.26726726726726735	0.0551123609495451847
-1.2642642642642643	0.0720016328534380662
-1.26126126126126126	0.0755572690437313066
-1.25825825825825821	0.0640014514252782857
-1.25525525525525516	0.0755572690437313066
-1.25225225225225234	0.0773350871388779199
-1.24924924924924929	0.0524456338068252578
-1.24624624624624625	0.054223451901971878
-1.2432432432432432	0.0560012699971184982
-1.24024024024024015	0.0675570876155715261
-1.23723723723723733	0.0657792695204248989
-1.23423423423423428	0.0604458152349850453
-1.23123123123123124	0.0613347242825583519
-1.22822822822822819	0.0551123609495451847
-1.22522522522522515	0.0604458152349850453
-1.22222222222222232	0.0568901790446918049
-1.21921921921921927	0.0800018142815978467
-1.21621621621621623	0.0595569061874117317
-1.21321321321321318	0.0613347242825583519
-1.21021021021021014	0.0693349057107181393
-1.20720720720720731	0.0675570876155715261
-1.20420420420420426	0.0631125423777049721
-1.20120120120120122	0.0613347242825583519
-1.19819819819819817	0.0693349057107181393
-1.19519519519519513	0.0684459966631448258
-1.1921921921921923	0.0666681785679982125
-1.18918918918918926	0.0711127238058647526
-1.18618618618618621	0.0533345428543985714
-1.18318318318318316	0.0782239961864512334
-1.18018018018018012	0.0648903604728515854
-1.17717717717717729	0.0728905419010113798
-1.17417417417417425	0.0764461780913046202
-1.1711711711711712	0.0764461780913046202
-1.16816816816816815	0.0853352685670377142
-1.16516516516516511	0.0640014514252782857
-1.16216216216216228	0.0684459966631448258
-1.15915915915915924	0.0808907233291711603
-1.15615615615615619	0.0640014514252782857
-1.15315315315315314	0.0728905419010113798
-1.1501501501501501	0.0800018142815978467
-1.14714714714714727	0.0551123609495451847
-1.14414414414414423	0.0684459966631448258
-1.14114114114114118	0.074668359996157993
-1.13813813813813813	0.0764461780913046202
-1.13513513513513509	0.0577790880922651184
-1.13213213213213204	0.0684459966631448258
-1.12912912912912922	0.0657792695204248989
-1.12612612612612617	0.0711127238058647526
-1.12312312312312312	0.0968910861854907351
-1.12012012012012008	0.0666681785679982125
-1.11711711711711703	0.0835574504718910871
-1.11411411411411421	0.0871130866621843275
-1.11111111111111116	0.0675570876155715261
-1.10810810810810811	0.0657792695204248989
-1.10510510510510507	0.0942243590427708083
-1.10210210210210202	0.0782239961864512334
-1.0990990990990992	0.0657792695204248989
-1.09609609609609615	0.0675570876155715261
-1.0930930930930931	0.0853352685670377142
-1.09009009009009006	0.101335631423357275
-1.08708708708708701	0.0915576319000508815
-1.08408408408408419	0.0808907233291711603
-1.08108108108108114	0.0871130866621843275
-1.07807807807807809	0.0844463595194644007
-1.07507507507507505	0.0711127238058647526
-1.072072072072072	0.0817796323767444738
-1.06906906906906918	0.0826685414243177874
-1.06606606606606613	0.0897798138049042543
-1.06306306306306309	0.079112905234024547
-1.06006006006006004	0.0880019957097576411
-1.05705705705705699	0.0977799952330640487
-1.05405405405405417	0.0844463595194644007
-1.05105105105105112	0.0924465409476241812
-1.04804804804804808	0.0844463595194644007
-1.04504504504504503	0.0897798138049042543
-1.04204204204204198	0.0835574504718910871
-1.03903903903903916	0.0844463595194644007
-1.03603603603603611	0.0844463595194644007
-1.03303303303303307	0.095113268090344108
-1.03003003003003002	0.101335631423357275
-1.02702702702702697	0.0862241776146110139
-1.02402402402402415	0.0835574504718910871
-1.0210210210210211	0.104002358566077202
-1.01801801801801806	0.0800018142815978467
-1.01501501501501501	0.0888909047573309408
-1.01201201201201196	0.0906687228524775679
-1.00900900900900892	0.0808907233291711603
-1.00600600600600609	0.104002358566077202
-1.00300300300300305	0.101335631423357275
-1	0.0871130866621843275
-0.996996996996997176	0.104002358566077202
-0.993993993993993907	0.11289144904181031
-0.990990990990991083	0.095113268090344108
-0.987987987987987815	0.095113268090344108
-0.98498498498498499	0.121780539517543404
-0.981981981981982166	0.101335631423357275
-0.978978978978978898	0.0897798138049042543
-0.975975975975976073	0.0897798138049042543
-0.972972972972972805	0.103113449518503902
-0.969969969969969981	0.0986689042806373484
-0.966966966966967156	0.118224903327250164
-0.963963963963963888	0.0888909047573309408
-0.960960960960961064	0.102224540470930589
-0.957957957957957795	0.107557994756370442
-0.954954954954954971	0.107557994756370442
-0.951951951951952147	0.0835574504718910871
-0.948948948948948878	0.106669085708797143
-0.945945945945946054	0.0897798138049042543
-0.942942942942942786	0.111113630946663683
-0.939939939939939961	0.11378035808938361
-0.936936936936937137	0.107557994756370442
-0.933933933933933869	0.11378035808938361
-0.930930930930931044	0.108446903803943756
-0.927927927927927776	0.115558176184530237
-0.924924924924924952	0.104891267613650516
-0.921921921921922127	0.131558539040849798
-0.918918918918918859	0.112002539994236996
-0.915915915915916035	0.122669448565116704
-0.912912912912912766	0.112002539994236996
-0.909909909909909942	0.0942243590427708083
-0.906906906906907118	0.107557994756370442
-0.903903903903903849	0.118224903327250164
-0.900900900900901025	0.11733599427967685
-0.897897897897897757	0.119113812374823463
-0.894894894894894932	0.104002358566077202
-0.891891891891892108	0.112002539994236996
-0.88888888888888884	0.104891267613650516
-0.885885885885886015	0.115558176184530237
-0.882882882882882747	0.128002902850556571
-0.879879879879879923	0.108446903803943756
-0.876876876876877098	0.104891267613650516
-0.87387387387387383	0.121780539517543404
-0.870870870870871006	0.121780539517543404
-0.867867867867867737	0.124447266660263331
-0.864864864864864913	0.120891630469970091
-0.861861861861862089	0.121780539517543404
-0.85885885885885882	0.120891630469970091
-0.855855855855855996	0.108446903803943756
-0.852852852852852727	0.111113630946663683
-0.849849849849849903	0.135114175231143052
-0.846846846846847079	0.120002721422396777
-0.843843843843843811	0.142225447611729505
-0.840840840840840986	0.123558357612690017
-0.837837837837837718	0.119113812374823463
-0.834834834834834894	0.128891811898129871
-0.831831831831832069	0.130669629993276498
-0.828828828828828801	0.132447448088423125
-0.825825825825825977	0.124447266660263331
-0.822822822822822708	0.128891811898129871
-0.819819819819819884	0.148447810944742686
-0.816816816816816615	0.140447629516582906
-0.813813813813813791	0.141336538564156206
-0.810810810810810967	0.144003265706876132
-0.807807807807807698	0.134225266183569725
-0.804804804804804874	0.14578108380202276
-0.801801801801801606	0.143114356659302833
-0.798798798798798781	0.144892174754449432
-0.795795795795795957	0.144892174754449432
-0.792792792792792689	0.149336719992315986
-0.789789789789789864	0.123558357612690017
-0.786786786786786596	0.132447448088423125
-0.783783783783783772	0.144003265706876132
-0.780780780780780947	0.157336901420475767
-0.777777777777777679	0.15378126523018254
-0.774774774774774855	0.147558901897169359
-0.771771771771771586	0.135114175231143052
-0.768768768768768762	0.146669992849596059
-0.765765765765765938	0.141336538564156206
-0.762762762762762669	0.151114538087462613
-0.759759759759759845	0.15467017427775584
-0.756756756756756577	0.158225810468049094
-0.753753753753753752	0.130669629993276498
-0.750750750750750928	0.147558901897169359
-0.74774774774774766	0.165337082848635575
-0.744744744744744835	0.15467017427775584
-0.741741741741741567	0.167114900943782174
-0.738738738738738743	0.164448173801062247
-0.735735735735735918	0.15467017427775584
-0.73273273273273265	0.176003991419515282
-0.729729729729729826	0.167114900943782174
-0.726726726726726557	0.161781446658342321
-0.723723723723723733	0.158225810468049094
-0.720720720720720909	0.171559446181648728
-0.71771771771771764	0.19467108141855477
-0.714714714714714816	0.16267035570591562
-0.711711711711711548	0.157336901420475767
-0.708708708708708723	0.171559446181648728
-0.705705705705705899	0.161781446658342321
-0.702702702702702631	0.178670718562235209
-0.699699699699699806	0.168892719038928801
-0.696696696696696538	0.192004354275834843
-0.693693693693693714	0.200893444751567951
-0.690690690690690889	0.178670718562235209
-0.687687687687687621	0.178670718562235209
-0.684684684684684797	0.199115626656421324
-0.681681681681681528	0.183115263800101763
-0.678678678678678704	0.174226173324368655
-0.67567567567567588	0.197337808561274697
-0.672672672672672611	0.192893263323408143
-0.669669669669669787	0.172448355229222028
-0.666666666666666519	0.192004354275834843
-0.663663663663663694	0.184004172847675063
-0.66066066066066087	0.208004717132154404
-0.657657657657657602	0.171559446181648728
-0.654654654654654777	0.213338171417594286
-0.651651651651651509	0.205337989989434477
-0.648648648648648685	0.207115808084581104
-0.64564564564564586	0.177781809514661882
-0.642642642642642592	0.192004354275834843
-0.639639639639639768	0.206226899037007805
-0.636636636636636499	0.184893081895248362
-0.633633633633633675	0.20267126284671455
-0.630630630630630851	0.19467108141855477
-0.627627627627627582	0.223116170940900665
-0.624624624624624758	0.19467108141855477
-0.62162162162162149	0.198226717608848024
-0.618618618618618665	0.218671625703034139
-0.615615615615615841	0.237338715702073627
-0.612612612612612573	0.222227261893327366
-0.609609609609609748	0.238227624749646927
-0.60660660660660648	0.231116352369060474
-0.603603603603603656	0.218671625703034139
-0.600600600600600831	0.220449443798180739
-0.597597597597597563	0.232894170464207073
-0.594594594594594739	0.253339078558393216
-0.59159159159159147	0.224893989036047293
-0.588588588588588646	0.232894170464207073
-0.585585585585585822	0.231116352369060474
-0.582582582582582553	0.239116533797220254
-0.579579579579579729	0.231116352369060474
-0.576576576576576461	0.220449443798180739
-0.573573573573573636	0.267561623319566178
-0.570570570570570812	0.246227806177806735
-0.567567567567567544	0.218671625703034139
-0.564564564564564719	0.244449988082660108
-0.561561561561561451	0.240894351892366854
-0.558558558558558627	0.239116533797220254
-0.555555555555555358	0.273783986652579303
-0.552552552552552534	0.247116715225380035
-0.54954954954954971	0.243561079035086808
-0.546546546546546441	0.269339441414712777
-0.543543543543543617	0.257783623796259742
-0.540540540540540349	0.232005261416633773
-0.537537537537537524	0.264005987129272923
-0.5345345345345347	0.279117440938019157
-0.531531531531531432	0.272895077605006031
-0.528528528528528607	0.25867253284383307
-0.525525525525525339	0.272895077605006031
-0.522522522522522515	0.28445089522345901
-0.51951951951951969	0.305784712365218481
-0.516516516516516422	0.265783805224419523
-0.513513513513513598	0.264894896176846251
-0.510510510510510329	0.271117259509859376
-0.507507507507507505	0.289784349508898864
-0.504504504504504681	0.292451076651618791
-0.501501501501501412	0.291562167604045519
-0.498498498498498588	0.308451439507938407
-0.495495495495495319	0.324451802364257968
-0.492492492492492495	0.311118166650658334
-0.489489489489489671	0.2995623490322053
-0.486486486486486402	0.305784712365218481
-0.483483483483483578	0.296895621889485373
-0.48048048048048031	0.306673621412791753
-0.477477477477477485	0.354674709981750491
-0.474474474474474661	0.322673984269111314
-0.471471471471471393	0.314673802840951533
-0.468468468468468568	0.345785619506017383
-0.4654654654654653	0.337785438077857603
-0.462462462462462476	0.313784893793378261
-0.459459459459459651	0.347563437601163983
-0.456456456456456383	0.343118892363297456
-0.453453453453453559	0.33067416569727115
-0.45045045045045029	0.344896710458444056
-0.447447447447447466	0.361785982362336944
-0.444444444444444642	0.357341437124470418
-0.441441441441441373	0.360008164267190345
-0.438438438438438549	0.369786163790496725
-0.435435435435435281	0.390231071884682867
-0.432432432432432456	0.363563800457483599
-0.429429429429429632	0.342229983315724129
-0.426426426426426364	0.380453072361376432
-0.423423423423423539	0.376008527123509906
-0.420420420420420271	0.400897980455562575
-0.417417417417417447	0.376008527123509906
-0.414414414414414622	0.407120343788575756
-0.411411411411411354	0.384008708551669686
-0.40840840840840853	0.423120706644895317
-0.405405405405405261	0.411564889026442282
-0.402402402402402437	0.38934216283710954
-0.399399399399399613	0.406231434741002428
-0.396396396396396344	0.399120162360415975
-0.39339339339339352	0.416898343311882136
-0.390390390390390252	0.425787433787615244
-0.387387387387387427	0.400897980455562575
-0.384384384384384603	0.414231616169162209
-0.381381381381381335	0.418676161407028735
-0.37837837837837851	0.427565251882761843
-0.375375375375375242	0.443565614739081404
-0.372372372372372418	0.447121250929374658
-0.369369369369369593	0.464899431880840874
-0.366366366366366325	0.447121250929374658
-0.363363363363363501	0.435565433310921624
-0.360360360360360232	0.498677975688626596
-0.357357357357357408	0.465788340928414146
-0.354354354354354584	0.49245561235561347
-0.351351351351351315	0.503122520926493122
-0.348348348348348491	0.496900157593479996
-0.345345345345345223	0.480899794737160435
-0.342342342342342398	0.473788522356573927
-0.339339339339339574	0.497789066641053324
-0.336336336336336306	0.505789248069213104
-0.333333333333333481	0.496900157593479996
-0.330330330330330213	0.502233611878919906
-0.327327327327327389	0.501344702831346578
-0.324324324324324564	0.54312342806729208
-0.321321321321321296	0.549345791400305261
-0.318318318318318472	0.545790155210012062
-0.315315315315315203	0.537789973781852226
-0.312312312312312379	0.528900883306119174
-0.309309309309309555	0.518233974735239467
-0.306306306306306286	0.571568517589638003
-0.303303303303303462	0.560901609018758296
-0.300300300300300194	0.557345972828464986
-0.297297297297297369	0.549345791400305261
-0.294294294294294101	0.555568154733318442
-0.291291291291291277	0.606235970444997108
-0.288288288288288452	0.564457245209051495
-0.285285285285285184	0.621347424253743341
-0.28228228228228236	0.576901971875077857
-0.279279279279279091	0.597346879969263944
-0.276276276276276267	0.649792513776089264
-0.273273273273273443	0.63823669615763623
-0.270270270270270174	0.550234700447878589
-0.26726726726726735	0.650681422823662481
-0.264264264264264082	0.643570150443076083
-0.261261261261261257	0.667570694727555369
-0.258258258258258433	0.661348331394542299
-0.255255255255255165	0.64801469568094261
-0.25225225225225234	0.671126330917848679
-0.249249249249249072	0.662237240442115516
-0.246246246246246248	0.704904874725634456
-0.243243243243243423	0.636458878062489575
-0.240240240240240155	0.69690469329747462
-0.237237237237237331	0.697793602345047947
-0.234234234234234062	0.714682874248940836
-0.231231231231231238	0.688904511869314895
-0.228228228228228414	0.739572327580993449
-0.225225225225225145	0.709349419963500982
-0.222222222222222321	0.773350871388779226
-0.219219219219219053	0.72001632853438069
-0.216216216216216228	0.765350689960619501
-0.213213213213213404	0.746683599961579958
-0.210210210210210136	0.776017598531499209
-0.207207207207207311	0.809796142339284986
-0.204204204204204043	0.773350871388779226
-0.201201201201201219	0.817796323767444711
-0.198198198198198394	0.791129052340245442
-0.195195195195195126	0.78846232519752546
-0.192192192192192302	0.783128870912085606
-0.189189189189189033	0.820463050910164693
-0.186186186186186209	0.817796323767444711
-0.183183183183183385	0.806240506148991676
-0.180180180180180116	0.865797412336403394
-0.177177177177177292	0.826685414243177763
-0.174174174174174023	0.823129778052884564
-0.171171171171171199	0.87024195757426992
-0.168168168168168375	0.859575049003390212
-0.165165165165165106	0.895131410906322644
-0.162162162162162282	0.894242501858749317
-0.159159159159159014	0.897798138049042516
-0.156156156156156189	0.890686865668456118
-0.153153153153153365	0.88357559328786961
-0.150150150150150097	0.885353411383016264
-0.147147147147147273	0.865797412336403394
-0.144144144144144004	0.944910317570427982
-0.14114114114114118	0.933354499951974947
-0.138138138138138356	1.01335631423357286
-0.135135135135135087	0.976911043283067104
-0.132132132132132263	0.935132318047121602
-0.129129129129128994	0.985800133758800157
-0.12612612612612617	0.968021952807334052
-0.123123123123123346	0.928909954714108421
-0.120120120120120077	0.951132680903441163
-0.117117117117117253	1.01246740518599943
-0.114114114114113985	0.992911406139386665
-0.11111111111111116	0.963577407569467415
-0.108108108108108336	0.966244134712187397
-0.105105105105105068	1.00357831471026637
-0.102102102102102243	0.974244316140347233
-0.0990990990990989751	1.04891267613650507
-0.0960960960960961508	1.00624504185298624
-0.0930930930930933265	0.946688135665574637
-0.0900900900900900581	0.992911406139386665
-0.0870870870870872338	1.02757885899474566
-0.0840840840840839654	1.07024649327826471
-0.0810810810810811411	1.08269121994429085
-0.0780780780780783168	1.06313522089767809
-0.0750750750750750484	1.01513413232871952
-0.0720720720720722241	1.12980339946567643
-0.0690690690690689557	1.04713485804135864
-0.0660660660660661314	1.1049139461336237
-0.0630630630630633071	1.06757976613554462
-0.0600600600600600387	1.08269121994429085
-0.0570570570570572144	1.07646885661127767
-0.054054054054053946	1.07557994756370445
-0.0510510510510511217	1.05335722137437182
-0.0480480480480478533	1.14758158041714253
-0.045045045045045029	1.08535794708701094
-0.0420420420420422047	1.13069230851324964
-0.0390390390390389364	1.08535794708701094
-0.0360360360360361121	1.08446903803943751
-0.0330330330330328437	1.1049139461336237
-0.0300300300300300194	1.14758158041714253
-0.0270270270270271951	1.14669267136956932
-0.0240240240240239267	1.08624685613458416
-0.0210210210210211024	1.16624867041618208
-0.018018018018017834	1.16180412517831555
-0.0150150150150150097	1.1635819432734622
-0.0120120120120121854	1.10135830994333039
-0.00900900900900891699	1.15913739803559546
-0.00600600600600609269	1.14580376232199588
-0.0030030030030028243	1.16802648851132873
0	1.11113630946663688
0.0030030030030028243	1.12891449041810299
0.00600600600600609269	1.12358103613266325
0.00900900900900891699	1.16180412517831555
0.0120120120120121854	1.177804488034635
0.0150150150150150097	1.11469194565692997
0.018018018018017834	1.16002630708316889
0.0210210210210211024	1.13069230851324964
0.0240240240240239267	1.02491213185202579
0.0270270270270271951	1.11469194565692997
0.0300300300300300194	1.15558176184530237
0.0330330330330328437	1.1049139461336237
0.0360360360360361121	1.09069140137245069
0.0390390390390389364	1.06580194804039796
0.0420420420420422047	1.13424794470354295
0.045045045045045029	1.15647067089287559
0.0480480480480478533	1.08002449280157098
0.0510510510510511217	1.11113630946663688
0.054054054054053946	1.09069140137245069
0.0570570570570572144	1.05069049423165173
0.0600600600600600387	1.10135830994333039
0.063063063063062863	1.08802467422973081
0.0660660660660661314	1.02135649566173248
0.0690690690690689557	1.04980158518407851
0.0720720720720722241	1.03024558613746575
0.0750750750750750484	1.05691285756466491
0.0780780780780778727	1.02580104089959923
0.0810810810810811411	1.02046758661415926
0.0840840840840839654	1.06135740280253144
0.0870870870870872338	1.059579584707385
0.0900900900900900581	1.02580104089959923
0.0930930930930928824	1.06046849375495822
0.0960960960960961508	1.03646794947047893
0.0990990990990989751	1.06313522089767809
0.102102102102102243	1.04180140375591868
0.105105105105105068	1.04269031280349211
0.108108108108107892	0.989355769949093466
0.11111111111111116	0.963577407569467415
0.114114114114113985	0.985800133758800157
0.117117117117117253	1.05335722137437182
0.120120120120120077	1.03202340423261241
0.123123123123122902	0.92268759138109524
0.12612612612612617	1.0009115875675465
0.129129129129128994	0.914687409952935404
0.132132132132132263	0.926243227571388439
0.135135135135135087	0.900464865191762498
0.138138138138137911	0.962688498521894198
0.14114114114114118	0.917354137095655386
0.144144144144144004	0.944021408522854655
0.147147147147147273	0.907576137572349007
0.150150150150150097	0.934243408999548275
0.153153153153152921	0.908465046619922334
0.156156156156156189	0.890686865668456118
0.159159159159159014	0.818685232815018038
0.162162162162162282	0.880019957097576411
0.165165165165165106	0.877353229954856428
0.168168168168167931	0.876464320907283101
0.171171171171171199	0.866686321383976721
0.174174174174174023	0.832907777576190944
0.177177177177177292	0.854241594717950359
0.180180180180180116	0.853352685670377142
0.18318318318318294	0.879131048050003083
0.186186186186186209	0.810685051386858202
0.189189189189189033	0.830241050433471073
0.192192192192192302	0.79201796138781877
0.195195195195195126	0.810685051386858202
0.19819819819819795	0.774239780436352554
0.201201201201201219	0.776906507579072425
0.204204204204204043	0.787573416149952243
0.207207207207207311	0.772461962341205899
0.210210210210210136	0.74579469091400663
0.213213213213213404	0.719127419486807362
0.216216216216216228	0.719127419486807362
0.219219219219219053	0.740461236628566777
0.222222222222222321	0.756461599484886338
0.225225225225225145	0.715571783296514163
0.228228228228228414	0.752017054247019812
0.231231231231231238	0.718238510439234035
0.234234234234234062	0.705793783773207672
0.237237237237237331	0.68712669377416824
0.240240240240240155	0.709349419963500982
0.243243243243243423	0.716460692344087491
0.246246246246246248	0.701349238535341146
0.249249249249249072	0.695126875202327965
0.25225225225225234	0.725349782819820543
0.255255255255255165	0.676459785203288533
0.258258258258258433	0.636458878062489575
0.261261261261261257	0.661348331394542299
0.264264264264264082	0.639125605205209557
0.26726726726726735	0.591124516636250763
0.270270270270270174	0.576901971875077857
0.273273273273273443	0.577790880922651184
0.276276276276276267	0.608013788540143651
0.279279279279279091	0.61512506092073016
0.28228228228228236	0.589346698541104219
0.285285285285285184	0.614236151873156833
0.288288288288288452	0.567123972351771477
0.291291291291291277	0.616902879015876815
0.294294294294294101	0.591124516636250763
0.297297297297297369	0.569790699494491348
0.300300300300300194	0.568901790446918021
0.303303303303303462	0.571568517589638003
0.306306306306306286	0.573346335684784658
0.309309309309309111	0.569790699494491348
0.312312312312312379	0.555568154733318442
0.315315315315315203	0.542234519019718753
0.318318318318318472	0.537789973781852226
0.321321321321321296	0.49423343045076007
0.32432432432432412	0.529789792353692501
0.327327327327327389	0.544012337114865407
0.330330330330330213	0.518233974735239467
0.333333333333333481	0.536901064734278899
0.336336336336336306	0.496900157593479996
0.33933933933933913	0.512900520449799613
0.342342342342342398	0.482677612832307035
0.345345345345345223	0.482677612832307035
0.348348348348348491	0.489788885212893543
0.351351351351351315	0.47912197664201378
0.35435435435435414	0.469343977118707401
0.357357357357357408	0.472010704261427327
0.360360360360360232	0.471121795213854
0.363363363363363501	0.448010159976947986
0.366366366366366325	0.485344339975026962
0.369369369369369149	0.423120706644895317
0.372372372372372418	0.418676161407028735
0.375375375375375242	0.446232341881801331
0.37837837837837851	0.424009615692468644
0.381381381381381335	0.462232704738120947
0.384384384384384159	0.442676705691508132
0.387387387387387427	0.437343251406068279
0.390390390390390252	0.456899250452681094
0.39339339339339352	0.403564707598282502
0.396396396396396344	0.392008889979829467
0.399399399399399169	0.416009434264308808
0.402402402402402437	0.415120525216735536
0.405405405405405261	0.378675254266229833
0.40840840840840853	0.383119799504096359
0.411411411411411354	0.387564344741962941
0.414414414414414178	0.37156398188564338
0.417417417417417447	0.37956416331380316
0.420420420420420271	0.362674891409910272
0.423423423423423539	0.38934216283710954
0.426426426426426364	0.369786163790496725
0.429429429429429188	0.388453253789536213
0.432432432432432456	0.344896710458444056
0.435435435435435281	0.357341437124470418
0.438438438438438549	0.334229801887564348
0.441441441441441373	0.344896710458444056
0.444444444444444198	0.326229620459404568
0.447447447447447466	0.357341437124470418
0.45045045045045029	0.360008164267190345
0.453453453453453559	0.324451802364257968
0.456456456456456383	0.349341255696310637
0.459459459459459651	0.33867434712543093
0.462462462462462476	0.337785438077857603
0.4654654654654653	0.323562893316684641
0.468468468468468568	0.300451258079778627
0.471471471471471393	0.343118892363297456
0.474474474474474661	0.319118348078818115
0.477477477477477485	0.336896529030284275
0.48048048048048031	0.326229620459404568
0.483483483483483578	0.332451983792417749
0.486486486486486402	0.282673077128312411
0.489489489489489671	0.33067416569727115
0.492492492492492495	0.283561986175885739
0.495495495495495319	0.304895803317645153
0.498498498498498588	0.253339078558393216
0.501501501501501412	0.288006531413752265
0.504504504504504681	0.300451258079778627
0.507507507507507505	0.300451258079778627
0.510510510510510329	0.278228531890445885
0.513513513513513598	0.279117440938019157
0.516516516516516422	0.265783805224419523
0.51951951951951969	0.293339985699192118
0.522522522522522515	0.274672895700152631
0.525525525525525339	0.272006168557432704
0.528528528528528607	0.281784168080739084
0.531531531531531432	0.288895440461325592
0.5345345345345347	0.264005987129272923
0.537537537537537524	0.272006168557432704
0.540540540540540349	0.280006349985592484
0.543543543543543617	0.268450532367139449
0.546546546546546441	0.255116896653539815
0.54954954954954971	0.253339078558393216
0.552552552552552534	0.2346719885593537
0.555555555555555358	0.237338715702073627
0.558558558558558627	0.243561079035086808
0.561561561561561451	0.250672351415673289
0.564564564564564719	0.233783079511780401
0.567567567567567544	0.254227987605966488
0.570570570570570368	0.274672895700152631
0.573573573573573636	0.271117259509859376
0.576576576576576461	0.248005624272953334
0.579579579579579729	0.252450169510819888
0.582582582582582553	0.22667180713119392
0.585585585585585378	0.232894170464207073
0.588588588588588646	0.252450169510819888
0.59159159159159147	0.248894533320526662
0.594594594594594739	0.227560716178767219
0.597597597597597563	0.231116352369060474
0.600600600600600387	0.238227624749646927
0.603603603603603656	0.239116533797220254
0.60660660660660648	0.236449806654500327
0.609609609609609748	0.238227624749646927
0.612612612612612573	0.212449262370020958
0.615615615615615397	0.235560897606927
0.618618618618618665	0.241783260939940181
0.62162162162162149	0.198226717608848024
0.624624624624624758	0.209782535227301031
0.627627627627627582	0.205337989989434477
0.630630630630630407	0.211560353322447658
0.633633633633633675	0.222227261893327366
0.636636636636636499	0.192893263323408143
0.639639639639639768	0.195559990466128097
0.642642642642642592	0.210671444274874359
0.645645645645645416	0.212449262370020958
0.648648648648648685	0.180448536657381836
0.651651651651651509	0.192004354275834843
0.654654654654654777	0.168003809991355502
0.657657657657657602	0.186670899990394989
0.660660660660660426	0.192893263323408143
0.663663663663663694	0.198226717608848024
0.666666666666666519	0.190226536180688216
0.669669669669669787	0.190226536180688216
0.672672672672672611	0.178670718562235209
0.675675675675675436	0.199115626656421324
0.678678678678678704	0.183115263800101763
0.681681681681681528	0.197337808561274697
0.684684684684684797	0.183115263800101763
0.687687687687687621	0.167114900943782174
0.690690690690690445	0.175115082371941955
0.693693693693693714	0.167114900943782174
0.696696696696696538	0.164448173801062247
0.699699699699699806	0.184893081895248362
0.702702702702702631	0.170670537134075428
0.705705705705705455	0.167114900943782174
0.708708708708708723	0.160892537610769021
0.711711711711711548	0.177781809514661882
0.714714714714714816	0.178670718562235209
0.71771771771771764	0.184004172847675063
0.720720720720720909	0.200893444751567951
0.723723723723723733	0.166225991896208874
0.726726726726726557	0.168003809991355502
0.729729729729729826	0.169781628086502101
0.73273273273273265	0.161781446658342321
0.735735735735735918	0.171559446181648728
0.738738738738738743	0.149336719992315986
0.741741741741741567	0.15289235618260924
0.744744744744744835	0.166225991896208874
0.74774774774774766	0.169781628086502101
0.750750750750750928	0.160892537610769021
0.753753753753753752	0.155559083325329167
0.756756756756756577	0.160003628563195693
0.759759759759759845	0.15289235618260924
0.762762762762762669	0.141336538564156206
0.765765765765765938	0.172448355229222028
0.768768768768768762	0.138669811421436279
0.771771771771771586	0.137780902373862979
0.774774774774774855	0.169781628086502101
0.777777777777777679	0.14578108380202276
0.780780780780780947	0.134225266183569725
0.783783783783783772	0.143114356659302833
0.786786786786786596	0.152003447135035913
0.789789789789789864	0.149336719992315986
0.792792792792792689	0.15467017427775584
0.795795795795795957	0.131558539040849798
0.798798798798798781	0.137780902373862979
0.801801801801801606	0.15467017427775584
0.804804804804804874	0.104002358566077202
0.807807807807807698	0.149336719992315986
0.810810810810810967	0.133336357135996425
0.813813813813813791	0.155559083325329167
0.816816816816816615	0.142225447611729505
0.819819819819819884	0.132447448088423125
0.822822822822822708	0.115558176184530237
0.825825825825825977	0.107557994756370442
0.828828828828828801	0.143114356659302833
0.831831831831831625	0.126225084755409944
0.834834834834834894	0.152003447135035913
0.837837837837837718	0.132447448088423125
0.840840840840840986	0.118224903327250164
0.843843843843843811	0.148447810944742686
0.846846846846846635	0.135114175231143052
0.849849849849849903	0.125336175707836645
0.852852852852852727	0.129780720945703171
0.855855855855855996	0.133336357135996425
0.85885885885885882	0.115558176184530237
0.861861861861861644	0.125336175707836645
0.864864864864864913	0.127113993802983244
0.867867867867867737	0.120002721422396777
0.870870870870871006	0.120002721422396777
0.87387387387387383	0.119113812374823463
0.876876876876876654	0.127113993802983244
0.879879879879879923	0.11733599427967685
0.882882882882882747	0.0968910861854907351
0.885885885885886015	0.127113993802983244
0.88888888888888884	0.105780176661223829
0.891891891891891664	0.134225266183569725
0.894894894894894932	0.112002539994236996
0.897897897897897757	0.125336175707836645
0.900900900900901025	0.105780176661223829
0.903903903903903849	0.120002721422396777
0.906906906906906674	0.104002358566077202
0.909909909909909942	0.103113449518503902
0.912912912912912766	0.115558176184530237
0.915915915915916035	0.099557813328210662
0.918918918918918859	0.110224721899090369
0.921921921921921683	0.105780176661223829
0.924924924924924952	0.11733599427967685
0.927927927927927776	0.104891267613650516
0.930930930930931044	0.114669267136956923
0.933933933933933869	0.107557994756370442
0.936936936936936693	0.0826685414243177874
0.939939939939939961	0.102224540470930589
0.942942942942942786	0.104002358566077202
0.945945945945946054	0.116447085232103537
0.948948948948948878	0.107557994756370442
0.951951951951951703	0.099557813328210662
0.954954954954954971	0.0942243590427708083
0.957957957957957795	0.0942243590427708083
0.960960960960961064	0.105780176661223829
0.963963963963963888	0.111113630946663683
0.966966966966966712	0.105780176661223829
0.969969969969969981	0.099557813328210662
0.972972972972972805	0.0933354499951974947
0.975975975975976073	0.112002539994236996
0.978978978978978898	0.106669085708797143
0.981981981981982166	0.0853352685670377142
0.98498498498498499	0.102224540470930589
0.987987987987987815	0.0897798138049042543
0.990990990990991083	0.0977799952330640487
0.993993993993993907	0.103113449518503902
0.996996996996997176	0.0933354499951974947
1	0.100446722375783976
1.00300300300300282	0.0737794509485846794
1.00600600600600565	0.0817796323767444738
1.00900900900900936	0.0986689042806373484
1.01201201201201219	0.0942243590427708083
1.01501501501501501	0.0942243590427708083
1.01801801801801783	0.0862241776146110139
1.02102102102102066	0.0924465409476241812
1.02402402402402437	0.0871130866621843275
1.0270270270270272	0.0942243590427708083
1.03003003003003002	0.0657792695204248989
1.03303303303303284	0.0960021771379174216
1.03603603603603567	0.0560012699971184982
1.03903903903903938	0.0924465409476241812
1.0420420420420422	0.0808907233291711603
1.04504504504504503	0.0844463595194644007
1.04804804804804785	0.0862241776146110139
1.05105105105105068	0.0826685414243177874
1.05405405405405439	0.0986689042806373484
1.05705705705705721	0.0924465409476241812
1.06006006006006004	0.0817796323767444738
1.06306306306306286	0.0915576319000508815
1.06606606606606569	0.0835574504718910871
1.0690690690690694	0.0835574504718910871
1.07207207207207222	0.074668359996157993
1.07507507507507505	0.0737794509485846794
1.07807807807807787	0.0666681785679982125
1.0810810810810807	0.0515567247592519512
1.08408408408408441	0.0853352685670377142
1.08708708708708723	0.0773350871388779199
1.09009009009009006	0.0640014514252782857
1.09309309309309288	0.0711127238058647526
1.09609609609609571	0.0737794509485846794
1.09909909909909942	0.0684459966631448258
1.10210210210210224	0.0862241776146110139
1.10510510510510507	0.0702238147582914529
1.10810810810810789	0.0808907233291711603
1.11111111111111072	0.0737794509485846794
1.11411411411411443	0.0675570876155715261
1.11711711711711725	0.0675570876155715261
1.12012012012012008	0.0817796323767444738
1.1231231231231229	0.0720016328534380662
1.12612612612612573	0.0720016328534380662
1.12912912912912944	0.0693349057107181393
1.13213213213213226	0.0773350871388779199
1.13513513513513509	0.0755572690437313066
1.13813813813813791	0.0871130866621843275
1.14114114114114074	0.0844463595194644007
1.14414414414414445	0.0773350871388779199
1.14714714714714727	0.0808907233291711603
1.1501501501501501	0.0684459966631448258
1.15315315315315292	0.0613347242825583519
1.15615615615615575	0.0728905419010113798
1.15915915915915946	0.0640014514252782857
1.16216216216216228	0.0666681785679982125
1.16516516516516511	0.0657792695204248989
1.16816816816816793	0.0764461780913046202
1.17117117117117076	0.0826685414243177874
1.17417417417417447	0.0622236333301316655
1.17717717717717729	0.0595569061874117317
1.18018018018018012	0.0711127238058647526
1.18318318318318294	0.0728905419010113798
1.18618618618618576	0.0595569061874117317
1.18918918918918948	0.0675570876155715261
1.1921921921921923	0.0720016328534380662
1.19519519519519513	0.0853352685670377142
1.19819819819819795	0.0684459966631448258
1.20120120120120077	0.0711127238058647526
1.20420420420420449	0.0666681785679982125
1.20720720720720731	0.0640014514252782857
1.21021021021021014	0.0595569061874117317
1.21321321321321296	0.0897798138049042543
1.21621621621621578	0.0595569061874117317
1.2192192192192195	0.0622236333301316655
1.22222222222222232	0.074668359996157993
1.22522522522522515	0.0586679971398384251
1.22822822822822797	0.0755572690437313066
1.23123123123123079	0.0737794509485846794
1.23423423423423451	0.0648903604728515854
1.23723723723723733	0.0480010885689587108
1.24024024024024015	0.0586679971398384251
1.24324324324324298	0.0631125423777049721
1.2462462462462458	0.0586679971398384251
1.24924924924924952	0.0693349057107181393
1.25225225225225234	0.0631125423777049721
1.25525525525525516	0.0631125423777049721
1.25825825825825799	0.0604458152349850453
1.26126126126126081	0.0577790880922651184
1.26426426426426453	0.0640014514252782857
1.26726726726726735	0.0631125423777049721
1.27027027027027017	0.0586679971398384251
1.273273273273273	0.0471121795213854042
1.27627627627627582	0.074668359996157993
1.27927927927927954	0.0506678157116786376
1.28228228228228236	0.0586679971398384251
1.28528528528528518	0.0577790880922651184
1.28828828828828801	0.049778906664105331
1.29129129129129083	0.0595569061874117317
1.29429429429429455	0.0640014514252782857
1.29729729729729737	0.0524456338068252578
1.30030030030030019	0.0622236333301316655
1.30330330330330302	0.0613347242825583519
1.30630630630630584	0.0604458152349850453
1.30930930930930955	0.0488899976165320244
1.31231231231231238	0.0586679971398384251
1.3153153153153152	0.0560012699971184982
1.31831831831831803	0.0560012699971184982
1.32132132132132085	0.0577790880922651184
1.32432432432432456	0.0551123609495451847
1.32732732732732739	0.0524456338068252578
1.33033033033033021	0.0506678157116786376
1.33333333333333304	0.054223451901971878
1.33633633633633586	0.0648903604728515854
1.33933933933933957	0.0524456338068252578
1.3423423423423424	0.045334361426238784
1.34534534534534522	0.0480010885689587108
1.34834834834834805	0.0595569061874117317
1.35135135135135087	0.0622236333301316655
1.35435435435435458	0.0524456338068252578
1.35735735735735741	0.0604458152349850453
1.36036036036036023	0.0524456338068252578
1.36336336336336306	0.0533345428543985714
1.36636636636636677	0.0524456338068252578
1.36936936936936959	0.0444454523786654704
1.37237237237237242	0.0604458152349850453
1.37537537537537524	0.0346674528553590697
1.37837837837837807	0.0577790880922651184
1.38138138138138178	0.054223451901971878
1.3843843843843846	0.0640014514252782857
1.38738738738738743	0.0471121795213854042
1.39039039039039025	0.0533345428543985714
1.39339339339339308	0.0391119980932256167
1.39639639639639679	0.0568901790446918049
1.39939939939939961	0.0444454523786654704
1.40240240240240244	0.0408898161883722369
1.40540540540540526	0.0480010885689587108
1.40840840840840809	0.0551123609495451847
1.4114114114114118	0.054223451901971878
1.41441441441441462	0.049778906664105331
1.41741741741741745	0.0684459966631448258
1.42042042042042027	0.0568901790446918049
1.4234234234234231	0.0462232704738120906
1.42642642642642681	0.045334361426238784
1.42942942942942963	0.0400009071407989233
1.43243243243243246	0.0391119980932256167
1.43543543543543528	0.0613347242825583519
1.43843843843843811	0.0560012699971184982
1.44144144144144182	0.0435565433310921638
1.44444444444444464	0.0462232704738120906
1.44744744744744747	0.0471121795213854042
1.45045045045045029	0.0382230890456523101
1.45345345345345311	0.0568901790446918049
1.45645645645645683	0.0480010885689587108
1.45945945945945965	0.0480010885689587108
1.46246246246246248	0.0408898161883722369
1.4654654654654653	0.0435565433310921638
1.46846846846846812	0.049778906664105331
1.47147147147147184	0.0426676342835188571
1.47447447447447466	0.0426676342835188571
1.47747747747747749	0.0533345428543985714
1.48048048048048031	0.0462232704738120906
1.48348348348348313	0.0417787252359455435
1.48648648648648685	0.0480010885689587108
1.48948948948948967	0.0346674528553590697
1.4924924924924925	0.0382230890456523101
1.49549549549549532	0.0408898161883722369
1.49849849849849814	0.0435565433310921638
1.50150150150150186	0.0400009071407989233
1.50450450450450468	0.0408898161883722369
1.5075075075075075	0.0391119980932256167
1.51051051051051033	0.0426676342835188571
1.51351351351351315	0.0346674528553590697
1.51651651651651687	0.0444454523786654704
1.51951951951951969	0.0391119980932256167
1.52252252252252251	0.0480010885689587108
1.52552552552552534	0.0364452709505056899
1.52852852852852816	0.0417787252359455435
1.53153153153153188	0.0488899976165320244
1.5345345345345347	0.0426676342835188571
1.53753753753753752	0.0400009071407989233
1.54054054054054035	0.0533345428543985714
1.54354354354354317	0.0346674528553590697
1.54654654654654689	0.0400009071407989233
1.54954954954954971	0.0435565433310921638
1.55255255255255253	0.054223451901971878
1.55555555555555536	0.0435565433310921638
1.55855855855855818	0.0444454523786654704
1.56156156156156189	0.0444454523786654704
1.56456456456456472	0.0391119980932256167
1.56756756756756754	0.0426676342835188571
1.57057057057057037	0.0373341799980789965
1.57357357357357319	0.0426676342835188571
1.5765765765765769	0.0346674528553590697
1.57957957957957973	0.0391119980932256167
1.58258258258258255	0.0515567247592519512
1.58558558558558538	0.0426676342835188571
1.5885885885885882	0.045334361426238784
1.59159159159159191	0.045334361426238784
1.59459459459459474	0.0400009071407989233
1.59759759759759756	0.0382230890456523101
1.60060060060060039	0.0328896347602124495
1.60360360360360321	0.0462232704738120906
1.60660660660660692	0.0524456338068252578
1.60960960960960975	0.0328896347602124495
1.61261261261261257	0.0391119980932256167
1.6156156156156154	0.033778543807785763
1.61861861861861822	0.0320007257126391428
1.62162162162162193	0.0400009071407989233
1.62462462462462476	0.0355563619029323763
1.62762762762762758	0.0266672714271992857
1.63063063063063041	0.0355563619029323763
1.63363363363363323	0.0328896347602124495
1.63663663663663694	0.0426676342835188571
1.63963963963963977	0.0417787252359455435
1.64264264264264259	0.0435565433310921638
1.64564564564564542	0.033778543807785763
1.64864864864864824	0.0355563619029323763
1.65165165165165195	0.0444454523786654704
1.65465465465465478	0.0328896347602124495
1.6576576576576576	0.0222227261893327352
1.66066066066066043	0.0364452709505056899
1.66366366366366325	0.0435565433310921638
1.66666666666666696	0.0275561804747725923
1.66966966966966979	0.0328896347602124495
1.67267267267267261	0.0355563619029323763
1.67567567567567544	0.0444454523786654704
1.67867867867867826	0.0391119980932256167
1.68168168168168197	0.0275561804747725923
1.6846846846846848	0.0293339985699192125
1.68768768768768762	0.0248894533320526655
1.69069069069069045	0.0320007257126391428
1.69369369369369327	0.0266672714271992857
1.69669669669669698	0.0355563619029323763
1.69969969969969981	0.0284450895223459024
1.70270270270270263	0.0364452709505056899
1.70570570570570545	0.0302229076174925226
1.70870870870870828	0.0373341799980789965
1.71171171171171199	0.0248894533320526655
1.71471471471471482	0.0346674528553590697
1.71771771771771764	0.0320007257126391428
1.72072072072072046	0.0364452709505056899
1.72372372372372329	0.0400009071407989233
1.726726726726727	0.0328896347602124495
1.72972972972972983	0.0320007257126391428
1.73273273273273265	0.0275561804747725923
1.73573573573573547	0.0248894533320526655
1.7387387387387383	0.0328896347602124495
1.74174174174174201	0.0391119980932256167
1.74474474474474484	0.0302229076174925226
1.74774774774774766	0.033778543807785763
1.75075075075075048	0.0275561804747725923
1.75375375375375331	0.0346674528553590697
1.75675675675675702	0.0311118166650658327
1.75975975975975985	0.033778543807785763
1.76276276276276267	0.0284450895223459024
1.76576576576576549	0.0275561804747725923
1.76876876876876832	0.0328896347602124495
1.77177177177177203	0.0266672714271992857
1.77477477477477485	0.0435565433310921638
1.77777777777777768	0.0275561804747725923
1.7807807807807805	0.0266672714271992857
1.78378378378378333	0.0364452709505056899
1.78678678678678704	0.0355563619029323763
1.78978978978978986	0.0240005442844793554
1.79279279279279269	0.0400009071407989233
1.79579579579579551	0.0302229076174925226
1.79879879879879834	0.0275561804747725923
1.80180180180180205	0.0346674528553590697
1.80480480480480487	0.0444454523786654704
1.8078078078078077	0.0275561804747725923
1.81081081081081052	0.0364452709505056899
1.81381381381381335	0.0240005442844793554
1.81681681681681706	0.0257783623796259756
1.81981981981981988	0.0435565433310921638
1.82282282282282271	0.0311118166650658327
1.82582582582582553	0.0302229076174925226
1.82882882882882836	0.0257783623796259756
1.83183183183183207	0.0355563619029323763
1.83483483483483489	0.0302229076174925226
1.83783783783783772	0.0328896347602124495
1.84084084084084054	0.0320007257126391428
1.84384384384384337	0.0408898161883722369
1.84684684684684708	0.0142225447611729512
1.8498498498498499	0.0266672714271992857
1.85285285285285273	0.0284450895223459024
1.85585585585585555	0.0213338171417594286
1.85885885885885838	0.0266672714271992857
1.86186186186186209	0.0293339985699192125
1.86486486486486491	0.0204449080941861185
1.86786786786786774	0.0186670899990394983
1.87087087087087056	0.0311118166650658327
1.87387387387387427	0.0257783623796259756
1.8768768768768771	0.0257783623796259756
1.87987987987987992	0.033778543807785763
1.88288288288288275	0.0266672714271992857
1.88588588588588557	0.0177781809514661882
1.88888888888888928	0.0266672714271992857
1.89189189189189211	0.0231116352369060453
1.89489489489489493	0.0293339985699192125
1.89789789789789776	0.0266672714271992857
1.90090090090090058	0.0275561804747725923
1.90390390390390429	0.0231116352369060453
1.90690690690690712	0.0293339985699192125
1.90990990990990994	0.0311118166650658327
1.91291291291291277	0.0284450895223459024
1.91591591591591559	0.0355563619029323763
1.9189189189189193	0.0266672714271992857
1.92192192192192213	0.0240005442844793554
1.92492492492492495	0.0231116352369060453
1.92792792792792778	0.0231116352369060453
1.9309309309309306	0.0248894533320526655
1.93393393393393431	0.0311118166650658327
1.93693693693693714	0.0284450895223459024
1.93993993993993996	0.0213338171417594286
1.94294294294294279	0.0222227261893327352
1.94594594594594561	0.0213338171417594286
1.94894894894894932	0.0302229076174925226
1.95195195195195215	0.0222227261893327352
1.95495495495495497	0.0311118166650658327
1.9579579579579578	0.0240005442844793554
1.96096096096096062	0.0293339985699192125
1.96396396396396433	0.0195559990466128084
1.96696696696696716	0.0275561804747725923
1.96996996996996998	0.0311118166650658327
1.9729729729729728	0.0186670899990394983
1.97597597597597563	0.0320007257126391428
1.97897897897897934	0.0213338171417594286
1.98198198198198217	0.0320007257126391428
1.98498498498498499	0.0186670899990394983
1.98798798798798781	0.0142225447611729512
1.99099099099099064	0.0195559990466128084
1.99399399399399435	0.0320007257126391428
1.99699699699699718	0.0248894533320526655
2	0.0240005442844793554
2.00300300300300282	0.0284450895223459024
2.00600600600600565	0.0213338171417594286
2.00900900900900936	0.0160003628563195714
2.01201201201201219	0.0231116352369060453
2.01501501501501501	0.0248894533320526655
2.01801801801801783	0.0311118166650658327
2.02102102102102066	0.0311118166650658327
2.02402402402402437	0.0302229076174925226
2.0270270270270272	0.0293339985699192125
2.03003003003003002	0.0231116352369060453
2.03303303303303284	0.0240005442844793554
2.03603603603603567	0.0186670899990394983
2.03903903903903938	0.0302229076174925226
2.0420420420420422	0.0195559990466128084
2.04504504504504503	0.0248894533320526655
2.04804804804804785	0.0204449080941861185
2.05105105105105068	0.0186670899990394983
2.05405405405405439	0.0302229076174925226
2.05705705705705721	0.0240005442844793554
2.06006006006006004	0.0284450895223459024
2.06306306306306286	0.0168892719038928815
2.06606606606606569	0.0204449080941861185
2.0690690690690694	0.0275561804747725923
2.07207207207207222	0.0204449080941861185
2.07507507507507505	0.0204449080941861185
2.07807807807807787	0.0248894533320526655
2.0810810810810807	0.0231116352369060453
2.08408408408408441	0.0257783623796259756
2.08708708708708723	0.0257783623796259756
2.09009009009009006	0.0275561804747725923
2.09309309309309288	0.0168892719038928815
2.09609609609609571	0.0320007257126391428
2.09909909909909942	0.0231116352369060453
2.10210210210210224	0.0195559990466128084
2.10510510510510507	0.0133336357135996428
2.10810810810810789	0.0195559990466128084
2.11111111111111072	0.0186670899990394983
2.11411411411411443	0.0311118166650658327
2.11711711711711725	0.0213338171417594286
2.12012012012012008	0.0177781809514661882
2.1231231231231229	0.0213338171417594286
2.12612612612612573	0.0195559990466128084
2.12912912912912944	0.0186670899990394983
2.13213213213213226	0.0213338171417594286
2.13513513513513509	0.0248894533320526655
2.13813813813813791	0.0186670899990394983
2.14114114114114074	0.0302229076174925226
2.14414414414414445	0.0177781809514661882
2.14714714714714727	0.0177781809514661882
2.1501501501501501	0.0293339985699192125
2.15315315315315292	0.0186670899990394983
2.15615615615615575	0.0240005442844793554
2.15915915915915946	0.0248894533320526655
2.16216216216216228	0.0204449080941861185
2.16516516516516511	0.0124447266660263327
2.16816816816816793	0.0195559990466128084
2.17117117117117076	0.0257783623796259756
2.17417417417417447	0.0257783623796259756
2.17717717717717729	0.0266672714271992857
2.18018018018018012	0.00888909047573309408
2.18318318318318294	0.0275561804747725923
2.18618618618618576	0.0231116352369060453
2.18918918918918948	0.0186670899990394983
2.1921921921921923	0.0257783623796259756
2.19519519519519513	0.0177781809514661882
2.19819819819819795	0.0213338171417594286
2.20120120120120077	0.0240005442844793554
2.20420420420420449	0.0222227261893327352
2.20720720720720731	0.0186670899990394983
2.21021021021021014	0.0195559990466128084
2.21321321321321296	0.0222227261893327352
2.21621621621621578	0.0231116352369060453
2.2192192192192195	0.0222227261893327352
2.22222222222222232	0.0186670899990394983
2.22522522522522515	0.0133336357135996428
2.22822822822822797	0.0248894533320526655
2.23123123123123079	0.0186670899990394983
2.23423423423423451	0.0168892719038928815
2.23723723723723733	0.0168892719038928815
2.24024024024024015	0.0266672714271992857
2.24324324324324298	0.0177781809514661882
2.2462462462462458	0.0115558176184530226
2.24924924924924952	0.0302229076174925226
2.25225225225225234	0.0204449080941861185
2.25525525525525516	0.0186670899990394983
2.25825825825825799	0.0151114538087462613
2.26126126126126081	0.0248894533320526655
2.26426426426426453	0.0275561804747725923
2.26726726726726735	0.0186670899990394983
2.27027027027027017	0.0160003628563195714
2.273273273273273	0.0222227261893327352
2.27627627627627582	0.0195559990466128084
2.27927927927927954	0.0142225447611729512
2.28228228228228236	0.0186670899990394983
2.28528528528528518	0.0204449080941861185
2.28828828828828801	0.0266672714271992857
2.29129129129129083	0.0204449080941861185
2.29429429429429455	0.0168892719038928815
2.29729729729729737	0.0168892719038928815
2.30030030030030019	0.0115558176184530226
2.30330330330330302	0.0168892719038928815
2.30630630630630584	0.0186670899990394983
2.30930930930930955	0.0142225447611729512
2.31231231231231238	0.0222227261893327352
2.3153153153153152	0.0151114538087462613
2.31831831831831803	0.0142225447611729512
2.32132132132132085	0.0151114538087462613
2.32432432432432456	0.0151114538087462613
2.32732732732732739	0.0186670899990394983
2.33033033033033021	0.0195559990466128084
2.33333333333333304	0.0231116352369060453
2.33633633633633586	0.0168892719038928815
2.33933933933933957	0.0168892719038928815
2.3423423423423424	0.0115558176184530226
2.34534534534534522	0.0204449080941861185
2.34834834834834805	0.0142225447611729512
2.35135135135135087	0.0213338171417594286
2.35435435435435458	0.0231116352369060453
2.35735735735735741	0.0177781809514661882
2.36036036036036023	0.0124447266660263327
2.36336336336336306	0.0186670899990394983
2.36636636636636588	0.0213338171417594286
2.36936936936936959	0.0231116352369060453
2.37237237237237242	0.0124447266660263327
2.37537537537537524	0.0124447266660263327
2.37837837837837807	0.0195559990466128084
2.38138138138138089	0.0240005442844793554
2.3843843843843846	0.0186670899990394983
2.38738738738738743	0.0142225447611729512
2.39039039039039025	0.0142225447611729512
2.39339339339339308	0.0248894533320526655
2.39639639639639679	0.0240005442844793554
2.39939939939939961	0.0168892719038928815
2.40240240240240244	0.00888909047573309408
2.40540540540540526	0.0115558176184530226
2.40840840840840809	0.0115558176184530226
2.4114114114114118	0.0133336357135996428
2.41441441441441462	0.0106669085708797143
2.41741741741741745	0.0133336357135996428
2.42042042042042027	0.0151114538087462613
2.4234234234234231	0.0177781809514661882
2.42642642642642681	0.0142225447611729512
2.42942942942942963	0.0213338171417594286
2.43243243243243246	0.0186670899990394983
2.43543543543543528	0.0142225447611729512
2.43843843843843811	0.0160003628563195714
2.44144144144144182	0.0195559990466128084
2.44444444444444464	0.0115558176184530226
2.44744744744744747	0.0195559990466128084
2.45045045045045029	0.0195559990466128084
2.45345345345345311	0.0151114538087462613
2.45645645645645683	0.0115558176184530226
2.45945945945945965	0.0186670899990394983
2.46246246246246248	0.0177781809514661882
2.4654654654654653	0.0168892719038928815
2.46846846846846812	0.0133336357135996428
2.47147147147147184	0.0142225447611729512
2.47447447447447466	0.0186670899990394983
2.47747747747747749	0.0124447266660263327
2.48048048048048031	0.0222227261893327352
2.48348348348348313	0.0195559990466128084
2.48648648648648685	0.0106669085708797143
2.48948948948948967	0.0124447266660263327
2.4924924924924925	0.0160003628563195714
2.49549549549549532	0.0168892719038928815
2.49849849849849814	0.0257783623796259756
2.50150150150150186	0.0160003628563195714
2.50450450450450468	0.0151114538087462613
2.5075075075075075	0.0142225447611729512
2.51051051051051033	0.0115558176184530226
2.51351351351351315	0.0222227261893327352
2.51651651651651687	0.0124447266660263327
2.51951951951951969	0.0142225447611729512
2.52252252252252251	0.0142225447611729512
2.52552552552552534	0.0160003628563195714
2.52852852852852816	0.0133336357135996428
2.53153153153153188	0.0142225447611729512
2.5345345345345347	0.0168892719038928815
2.53753753753753752	0.0168892719038928815
2.54054054054054035	0.0222227261893327352
2.54354354354354317	0.0160003628563195714
2.54654654654654689	0.0186670899990394983
2.54954954954954971	0.0133336357135996428
2.55255255255255253	0.0204449080941861185
2.55555555555555536	0.0168892719038928815
2.55855855855855818	0.0115558176184530226
2.56156156156156189	0.0106669085708797143
2.56456456456456472	0.0115558176184530226
2.56756756756756754	0.0151114538087462613
2.57057057057057037	0.0124447266660263327
2.57357357357357319	0.0142225447611729512
2.5765765765765769	0.0177781809514661882
2.57957957957957973	0.0151114538087462613
2.58258258258258255	0.0133336357135996428
2.58558558558558538	0.0133336357135996428
2.5885885885885882	0.0195559990466128084
2.59159159159159191	0.0160003628563195714
2.59459459459459474	0.0142225447611729512
2.59759759759759756	0.0142225447611729512
2.60060060060060039	0.0177781809514661882
2.60360360360360321	0.0168892719038928815
2.60660660660660692	0.00888909047573309408
2.60960960960960975	0.0142225447611729512
2.61261261261261257	0.0168892719038928815
2.6156156156156154	0.0124447266660263327
2.61861861861861822	0.0186670899990394983
2.62162162162162193	0.0222227261893327352
2.62462462462462476	0.0142225447611729512
2.62762762762762758	0.0124447266660263327
2.63063063063063041	0.0204449080941861185
2.63363363363363323	0.0195559990466128084
2.63663663663663694	0.0142225447611729512
2.63963963963963977	0.0106669085708797143
2.64264264264264259	0.0160003628563195714
2.64564564564564542	0.0115558176184530226
2.64864864864864824	0.00533345428543985714
2.65165165165165195	0.0124447266660263327
2.65465465465465478	0.0142225447611729512
2.6576576576576576	0.0168892719038928815
2.66066066066066043	0.0186670899990394983
2.66366366366366325	0.0106669085708797143
2.66666666666666696	0.0124447266660263327
2.66966966966966979	0.0151114538087462613
2.67267267267267261	0.0106669085708797143
2.67567567567567544	0.0106669085708797143
2.67867867867867826	0.0124447266660263327
2.68168168168168197	0.0133336357135996428
2.6846846846846848	0.0115558176184530226
2.68768768768768762	0.0142225447611729512
2.69069069069069045	0.0133336357135996428
2.69369369369369327	0.0160003628563195714
2.69669669669669698	0.0115558176184530226
2.69969969969969981	0.0160003628563195714
2.70270270270270263	0.0168892719038928815
2.70570570570570545	0.00888909047573309408
2.70870870870870828	0.0160003628563195714
2.71171171171171199	0.0213338171417594286
2.71471471471471482	0.0204449080941861185
2.71771771771771764	0.0142225447611729512
2.72072072072072046	0.0124447266660263327
2.72372372372372329	0.0142225447611729512
2.726726726726727	0.0160003628563195714
2.72972972972972983	0.00977799952330640418
2.73273273273273265	0.0160003628563195714
2.73573573573573547	0.0106669085708797143
2.7387387387387383	0.0124447266660263327
2.74174174174174201	0.0115558176184530226
2.74474474474474484	0.0168892719038928815
2.74774774774774766	0.0124447266660263327
2.75075075075075048	0.00977799952330640418
2.75375375375375331	0.00888909047573309408
2.75675675675675702	0.00800018142815978571
2.75975975975975985	0.0106669085708797143
2.76276276276276267	0.0133336357135996428
2.76576576576576549	0.0142225447611729512
2.76876876876876832	0.0133336357135996428
2.77177177177177203	0.0115558176184530226
2.77477477477477485	0.00888909047573309408
2.77777777777777768	0.0133336357135996428
2.7807807807807805	0.0142225447611729512
2.78378378378378333	0.0160003628563195714
2.78678678678678704	0.00711127238058647561
2.78978978978978986	0.00711127238058647561
2.79279279279279269	0.0106669085708797143
2.79579579579579551	0.0142225447611729512
2.79879879879879834	0.00977799952330640418
2.80180180180180205	0.00800018142815978571
2.80480480480480487	0.0115558176184530226
2.8078078078078077	0.00888909047573309408
2.81081081081081052	0.0115558176184530226
2.81381381381381335	0.0115558176184530226
2.81681681681681706	0.0133336357135996428
2.81981981981981988	0.0133336357135996428
2.82282282282282271	0.0160003628563195714
2.82582582582582553	0.00977799952330640418
2.82882882882882836	0.0124447266660263327
2.83183183183183207	0.0168892719038928815
2.83483483483483489	0.0151114538087462613
2.83783783783783772	0.00888909047573309408
2.84084084084084054	0.0115558176184530226
2.84384384384384337	0.00888909047573309408
2.84684684684684708	0.0133336357135996428
2.8498498498498499	0.0133336357135996428
2.85285285285285273	0.00711127238058647561
2.85585585585585555	0.0177781809514661882
2.85885885885885838	0.0168892719038928815
2.86186186186186209	0.0160003628563195714
2.86486486486486491	0.0142225447611729512
2.86786786786786774	0.0106669085708797143
2.87087087087087056	0.00977799952330640418
2.87387387387387339	0.0115558176184530226
2.8768768768768771	0.00977799952330640418
2.87987987987987992	0.0106669085708797143
2.88288288288288275	0.0213338171417594286
2.88588588588588557	0.0160003628563195714
2.8888888888888884	0.0124447266660263327
2.89189189189189211	0.0106669085708797143
2.89489489489489493	0.0133336357135996428
2.89789789789789776	0.0133336357135996428
2.90090090090090058	0.0195559990466128084
2.90390390390390429	0.0142225447611729512
2.90690690690690712	0.00977799952330640418
2.90990990990990994	0.0115558176184530226
2.91291291291291277	0.0115558176184530226
2.91591591591591559	0.00977799952330640418
2.9189189189189193	0.00711127238058647561
2.92192192192192213	0.0142225447611729512
2.92492492492492495	0.0168892719038928815
2.92792792792792778	0.00977799952330640418
2.9309309309309306	0.0133336357135996428
2.93393393393393431	0.00800018142815978571
2.93693693693693714	0.0115558176184530226
2.93993993993993996	0.0115558176184530226
2.94294294294294279	0.0115558176184530226
2.94594594594594561	0.0106669085708797143
2.94894894894894932	0.0124447266660263327
2.95195195195195215	0.00977799952330640418
2.95495495495495497	0.0115558176184530226
2.9579579579579578	0.0124447266660263327
2.96096096096096062	0.0106669085708797143
2.96396396396396433	0.0124447266660263327
2.96696696696696716	0.0168892719038928815
2.96996996996996998	0.0133336357135996428
2.9729729729729728	0.0133336357135996428
2.97597597597597563	0.0160003628563195714
2.97897897897897934	0.00711127238058647561
2.98198198198198217	0.0124447266660263327
2.98498498498498499	0.0115558176184530226
2.98798798798798781	0.0133336357135996428
2.99099099099099064	0.00977799952330640418
2.99399399399399435	0.0133336357135996428
2.99699699699699718	0.0142225447611729512
3	0.00800018142815978571
