-3	0.0178983093658755428
-2.99699699699699718	0.0150722605186320354
-2.99399399399399391	0.0216663744955335504
-2.99099099099099108	0.0178983093658755428
-2.98798798798798781	0.0226083907779480522
-2.98498498498498499	0.0301445210372640708
-2.98198198198198217	0.0178983093658755428
-2.9789789789789789	0.0141302442362175335
-2.97597597597597607	0.0141302442362175335
-2.9729729729729728	0.024492423342777056
-2.96996996996996998	0.0160142768010465356
-2.96696696696696716	0.0235504070603625541
-2.96396396396396389	0.0178983093658755428
-2.96096096096096106	0.0197823419307045466
-2.9579579579579578	0.0113041953889740261
-2.95495495495495497	0.0226083907779480522
-2.95195195195195215	0.0197823419307045466
-2.94894894894894888	0.0216663744955335504
-2.94594594594594605	0.0207243582131190485
-2.94294294294294279	0.0197823419307045466
-2.93993993993993996	0.0226083907779480522
-2.93693693693693714	0.0160142768010465356
-2.93393393393393387	0.0226083907779480522
-2.93093093093093104	0.0188403256482900447
-2.92792792792792778	0.0188403256482900447
-2.92492492492492495	0.0178983093658755428
-2.92192192192192213	0.0150722605186320354
-2.91891891891891886	0.0216663744955335504
-2.91591591591591603	0.0188403256482900447
-2.91291291291291277	0.0178983093658755428
-2.90990990990990994	0.0197823419307045466
-2.90690690690690712	0.0160142768010465356
-2.90390390390390385	0.0188403256482900447
-2.90090090090090102	0.0160142768010465356
-2.89789789789789776	0.0226083907779480522
-2.89489489489489493	0.0169562930834610409
-2.89189189189189211	0.0160142768010465356
-2.88888888888888884	0.0226083907779480522
-2.88588588588588602	0.0216663744955335504
-2.88288288288288275	0.024492423342777056
-2.87987987987987992	0.012246211671388528
-2.8768768768768771	0.0273184721900205651
-2.87387387387387383	0.0226083907779480522
-2.87087087087087101	0.0188403256482900447
-2.86786786786786774	0.0141302442362175335
-2.86486486486486491	0.0141302442362175335
-2.86186186186186209	0.0188403256482900447
-2.85885885885885882	0.0160142768010465356
-2.855855855855856	0.0207243582131190485
-2.85285285285285273	0.0197823419307045466
-2.8498498498498499	0.0207243582131190485
-2.84684684684684708	0.0178983093658755428
-2.84384384384384381	0.0273184721900205651
-2.84084084084084099	0.0197823419307045466
-2.83783783783783772	0.0226083907779480522
-2.83483483483483489	0.0160142768010465356
-2.83183183183183207	0.0310865373196785727
-2.8288288288288288	0.028260488472435067
-2.82582582582582598	0.0178983093658755428
-2.82282282282282271	0.0178983093658755428
-2.81981981981981988	0.0235504070603625541
-2.81681681681681662	0.0216663744955335504
-2.81381381381381379	0.0160142768010465356
-2.81081081081081097	0.0188403256482900447
-2.8078078078078077	0.0226083907779480522
-2.80480480480480487	0.0197823419307045466
-2.80180180180180161	0.0150722605186320354
-2.79879879879879878	0.0216663744955335504
-2.79579579579579596	0.0216663744955335504
-2.79279279279279269	0.0320285536020930711
-2.78978978978978986	0.0235504070603625541
-2.7867867867867866	0.024492423342777056
-2.78378378378378377	0.012246211671388528
-2.78078078078078095	0.0197823419307045466
-2.77777777777777768	0.0178983093658755428
-2.77477477477477485	0.0235504070603625541
-2.77177177177177159	0.0197823419307045466
-2.76876876876876876	0.0226083907779480522
-2.76576576576576594	0.0160142768010465356
-2.76276276276276267	0.0197823419307045466
-2.75975975975975985	0.0197823419307045466
-2.75675675675675658	0.0197823419307045466
-2.75375375375375375	0.0301445210372640708
-2.75075075075075093	0.0320285536020930711
-2.74774774774774766	0.0169562930834610409
-2.74474474474474484	0.0226083907779480522
-2.74174174174174157	0.0169562930834610409
-2.73873873873873874	0.0226083907779480522
-2.73573573573573592	0.0160142768010465356
-2.73273273273273265	0.0254344396251915579
-2.72972972972972983	0.024492423342777056
-2.72672672672672656	0.0273184721900205651
-2.72372372372372373	0.0178983093658755428
-2.72072072072072091	0.028260488472435067
-2.71771771771771764	0.0254344396251915579
-2.71471471471471482	0.0226083907779480522
-2.71171171171171155	0.0169562930834610409
-2.70870870870870872	0.024492423342777056
-2.7057057057057059	0.0216663744955335504
-2.70270270270270263	0.0207243582131190485
-2.69969969969969981	0.0178983093658755428
-2.69669669669669654	0.0207243582131190485
-2.69369369369369371	0.028260488472435067
-2.69069069069069045	0.0178983093658755428
-2.68768768768768762	0.0273184721900205651
-2.6846846846846848	0.028260488472435067
-2.68168168168168153	0.0216663744955335504
-2.6786786786786787	0.028260488472435067
-2.67567567567567544	0.0216663744955335504
-2.67267267267267261	0.0188403256482900447
-2.66966966966966979	0.0169562930834610409
-2.66666666666666652	0.0216663744955335504
-2.66366366366366369	0.0386226675789945878
-2.66066066066066043	0.0339125861669220818
-2.6576576576576576	0.024492423342777056
-2.65465465465465478	0.024492423342777056
-2.65165165165165151	0.0263764559076060598
-2.64864864864864868	0.0329705698845075765
-2.64564564564564542	0.0263764559076060598
-2.64264264264264259	0.0235504070603625541
-2.63963963963963977	0.0263764559076060598
-2.6366366366366365	0.0235504070603625541
-2.63363363363363367	0.028260488472435067
-2.63063063063063041	0.0301445210372640708
-2.62762762762762758	0.028260488472435067
-2.62462462462462476	0.024492423342777056
-2.62162162162162149	0.0263764559076060598
-2.61861861861861867	0.0216663744955335504
-2.6156156156156154	0.024492423342777056
-2.61261261261261257	0.024492423342777056
-2.60960960960960975	0.0310865373196785727
-2.60660660660660648	0.0178983093658755428
-2.60360360360360366	0.0160142768010465356
-2.60060060060060039	0.0292025047548495689
-2.59759759759759756	0.0216663744955335504
-2.59459459459459474	0.024492423342777056
-2.59159159159159147	0.0207243582131190485
-2.58858858858858865	0.0207243582131190485
-2.58558558558558538	0.0339125861669220818
-2.58258258258258255	0.0320285536020930711
-2.57957957957957973	0.0263764559076060598
-2.57657657657657646	0.028260488472435067
-2.57357357357357364	0.0226083907779480522
-2.57057057057057037	0.0197823419307045466
-2.56756756756756754	0.0216663744955335504
-2.56456456456456472	0.0235504070603625541
-2.56156156156156145	0.028260488472435067
-2.55855855855855863	0.0263764559076060598
-2.55555555555555536	0.0226083907779480522
-2.55255255255255253	0.028260488472435067
-2.54954954954954971	0.0235504070603625541
-2.54654654654654644	0.028260488472435067
-2.54354354354354362	0.0226083907779480522
-2.54054054054054035	0.0207243582131190485
-2.53753753753753752	0.0254344396251915579
-2.5345345345345347	0.024492423342777056
-2.53153153153153143	0.0273184721900205651
-2.52852852852852861	0.0329705698845075765
-2.52552552552552534	0.024492423342777056
-2.52252252252252251	0.0263764559076060598
-2.51951951951951969	0.0292025047548495689
-2.51651651651651642	0.0216663744955335504
-2.5135135135135136	0.0263764559076060598
-2.51051051051051033	0.0348546024493365802
-2.5075075075075075	0.0320285536020930711
-2.50450450450450468	0.0292025047548495689
-2.50150150150150141	0.0226083907779480522
-2.49849849849849859	0.0339125861669220818
-2.49549549549549532	0.0226083907779480522
-2.4924924924924925	0.0292025047548495689
-2.48948948948948967	0.0263764559076060598
-2.4864864864864864	0.0226083907779480522
-2.48348348348348358	0.0329705698845075765
-2.48048048048048031	0.0292025047548495689
-2.47747747747747749	0.0292025047548495689
-2.47447447447447466	0.028260488472435067
-2.47147147147147139	0.0376806512965800894
-2.46846846846846857	0.0273184721900205651
-2.4654654654654653	0.0235504070603625541
-2.46246246246246248	0.0301445210372640708
-2.45945945945945965	0.0178983093658755428
-2.45645645645645638	0.0254344396251915579
-2.45345345345345356	0.0235504070603625541
-2.45045045045045029	0.0310865373196785727
-2.44744744744744747	0.0235504070603625541
-2.44444444444444464	0.0320285536020930711
-2.44144144144144137	0.0310865373196785727
-2.43843843843843855	0.0386226675789945878
-2.43543543543543528	0.0320285536020930711
-2.43243243243243246	0.028260488472435067
-2.42942942942942963	0.0254344396251915579
-2.42642642642642636	0.0348546024493365802
-2.42342342342342354	0.028260488472435067
-2.42042042042042027	0.0263764559076060598
-2.41741741741741745	0.0263764559076060598
-2.41441441441441462	0.024492423342777056
-2.41141141141141135	0.028260488472435067
-2.40840840840840853	0.0329705698845075765
-2.40540540540540526	0.0339125861669220818
-2.40240240240240244	0.0263764559076060598
-2.39939939939939961	0.0329705698845075765
-2.39639639639639634	0.0301445210372640708
-2.39339339339339352	0.0357966187317510856
-2.39039039039039025	0.0339125861669220818
-2.38738738738738743	0.0292025047548495689
-2.3843843843843846	0.0226083907779480522
-2.38138138138138133	0.0263764559076060598
-2.37837837837837851	0.0263764559076060598
-2.37537537537537524	0.0226083907779480522
-2.37237237237237242	0.0376806512965800894
-2.36936936936936959	0.028260488472435067
-2.36636636636636633	0.028260488472435067
-2.3633633633633635	0.028260488472435067
-2.36036036036036023	0.0131882279538030299
-2.35735735735735741	0.0263764559076060598
-2.35435435435435458	0.0348546024493365802
-2.35135135135135132	0.0226083907779480522
-2.34834834834834849	0.0310865373196785727
-2.34534534534534522	0.0226083907779480522
-2.3423423423423424	0.024492423342777056
-2.33933933933933957	0.0292025047548495689
-2.33633633633633631	0.036738635014165584
-2.33333333333333348	0.028260488472435067
-2.33033033033033021	0.0320285536020930711
-2.32732732732732739	0.0339125861669220818
-2.32432432432432456	0.0235504070603625541
-2.3213213213213213	0.0310865373196785727
-2.31831831831831847	0.0216663744955335504
-2.3153153153153152	0.0461587978383106098
-2.31231231231231238	0.0320285536020930711
-2.30930930930930955	0.0320285536020930711
-2.30630630630630629	0.0273184721900205651
-2.30330330330330346	0.0329705698845075765
-2.30030030030030019	0.0320285536020930711
-2.29729729729729737	0.0301445210372640708
-2.29429429429429455	0.0273184721900205651
-2.29129129129129128	0.0386226675789945878
-2.28828828828828845	0.0301445210372640708
-2.28528528528528518	0.0357966187317510856
-2.28228228228228236	0.0348546024493365802
-2.27927927927927954	0.0386226675789945878
-2.27627627627627627	0.0310865373196785727
-2.27327327327327344	0.0320285536020930711
-2.27027027027027017	0.024492423342777056
-2.26726726726726735	0.0423907327086525954
-2.26426426426426453	0.028260488472435067
-2.26126126126126126	0.0405067001438235916
-2.25825825825825799	0.0329705698845075765
-2.25525525525525516	0.0263764559076060598
-2.25225225225225234	0.0292025047548495689
-2.24924924924924952	0.0433327489910671007
-2.24624624624624625	0.0357966187317510856
-2.24324324324324298	0.0339125861669220818
-2.24024024024024015	0.0301445210372640708
-2.23723723723723733	0.0226083907779480522
-2.23423423423423451	0.0386226675789945878
-2.23123123123123124	0.036738635014165584
-2.22822822822822797	0.0395646838614090932
-2.22522522522522515	0.024492423342777056
-2.22222222222222232	0.0433327489910671007
-2.2192192192192195	0.0348546024493365802
-2.21621621621621623	0.0292025047548495689
-2.21321321321321296	0.0310865373196785727
-2.21021021021021014	0.0226083907779480522
-2.20720720720720731	0.036738635014165584
-2.20420420420420449	0.0273184721900205651
-2.20120120120120122	0.0414487164262380969
-2.19819819819819795	0.0348546024493365802
-2.19519519519519513	0.036738635014165584
-2.1921921921921923	0.0357966187317510856
-2.18918918918918903	0.0339125861669220818
-2.18618618618618621	0.0320285536020930711
-2.18318318318318294	0.0254344396251915579
-2.18018018018018012	0.0395646838614090932
-2.17717717717717729	0.0310865373196785727
-2.17417417417417402	0.0310865373196785727
-2.1711711711711712	0.0423907327086525954
-2.16816816816816793	0.0405067001438235916
-2.16516516516516511	0.0301445210372640708
-2.16216216216216228	0.0357966187317510856
-2.15915915915915901	0.0348546024493365802
-2.15615615615615619	0.0405067001438235916
-2.15315315315315292	0.036738635014165584
-2.1501501501501501	0.0207243582131190485
-2.14714714714714727	0.0310865373196785727
-2.144144144144144	0.0329705698845075765
-2.14114114114114118	0.0423907327086525954
-2.13813813813813791	0.0348546024493365802
-2.13513513513513509	0.0273184721900205651
-2.13213213213213226	0.0357966187317510856
-2.12912912912912899	0.0376806512965800894
-2.12612612612612617	0.0386226675789945878
-2.1231231231231229	0.0301445210372640708
-2.12012012012012008	0.0423907327086525954
-2.11711711711711725	0.0471008141207251083
-2.11411411411411398	0.0263764559076060598
-2.11111111111111116	0.036738635014165584
-2.10810810810810789	0.0301445210372640708
-2.10510510510510507	0.0376806512965800894
-2.10210210210210224	0.0414487164262380969
-2.09909909909909898	0.0452167815558961045
-2.09609609609609615	0.0301445210372640708
-2.09309309309309288	0.0414487164262380969
-2.09009009009009006	0.0386226675789945878
-2.08708708708708723	0.0357966187317510856
-2.08408408408408397	0.0254344396251915579
-2.08108108108108114	0.0339125861669220818
-2.07807807807807787	0.0433327489910671007
-2.07507507507507505	0.036738635014165584
-2.07207207207207222	0.0442747652734816061
-2.06906906906906896	0.0376806512965800894
-2.06606606606606613	0.0310865373196785727
-2.06306306306306286	0.0320285536020930711
-2.06006006006006004	0.0414487164262380969
-2.05705705705705721	0.0480428304031396136
-2.05405405405405395	0.0376806512965800894
-2.05105105105105112	0.0348546024493365802
-2.04804804804804785	0.0386226675789945878
-2.04504504504504503	0.028260488472435067
-2.0420420420420422	0.0423907327086525954
-2.03903903903903894	0.0405067001438235916
-2.03603603603603611	0.0273184721900205651
-2.03303303303303284	0.036738635014165584
-2.03003003003003002	0.0433327489910671007
-2.0270270270270272	0.0405067001438235916
-2.02402402402402393	0.028260488472435067
-2.0210210210210211	0.0405067001438235916
-2.01801801801801783	0.0461587978383106098
-2.01501501501501501	0.0508688792503831158
-2.01201201201201219	0.0423907327086525954
-2.00900900900900892	0.0461587978383106098
-2.00600600600600609	0.0386226675789945878
-2.00300300300300282	0.0329705698845075765
-2	0.036738635014165584
-1.99699699699699695	0.0405067001438235916
-1.99399399399399391	0.0433327489910671007
-1.99099099099099108	0.0499268629679686174
-1.98798798798798804	0.0329705698845075765
-1.98498498498498499	0.036738635014165584
-1.98198198198198194	0.0461587978383106098
-1.9789789789789789	0.0386226675789945878
-1.97597597597597607	0.0414487164262380969
-1.97297297297297303	0.0395646838614090932
-1.96996996996996998	0.0357966187317510856
-1.96696696696696693	0.036738635014165584
-1.96396396396396389	0.0414487164262380969
-1.96096096096096106	0.0414487164262380969
-1.95795795795795802	0.0442747652734816061
-1.95495495495495497	0.0433327489910671007
-1.95195195195195192	0.0461587978383106098
-1.94894894894894888	0.0348546024493365802
-1.94594594594594605	0.0357966187317510856
-1.94294294294294301	0.0508688792503831158
-1.93993993993993996	0.0499268629679686174
-1.93693693693693691	0.0395646838614090932
-1.93393393393393387	0.0433327489910671007
-1.93093093093093104	0.0301445210372640708
-1.927927927927928	0.028260488472435067
-1.92492492492492495	0.0395646838614090932
-1.92192192192192191	0.0508688792503831158
-1.91891891891891886	0.0499268629679686174
-1.91591591591591603	0.0442747652734816061
-1.91291291291291299	0.0414487164262380969
-1.90990990990990994	0.0536949280976266249
-1.9069069069069069	0.0518108955327976212
-1.90390390390390385	0.0405067001438235916
-1.9009009009009008	0.0461587978383106098
-1.89789789789789798	0.0386226675789945878
-1.89489489489489493	0.0555789606624556287
-1.89189189189189189	0.0376806512965800894
-1.88888888888888884	0.0395646838614090932
-1.88588588588588579	0.0461587978383106098
-1.88288288288288297	0.0508688792503831158
-1.87987987987987992	0.0452167815558961045
-1.87687687687687688	0.0518108955327976212
-1.87387387387387383	0.0292025047548495689
-1.87087087087087078	0.0348546024493365802
-1.86786786786786796	0.0348546024493365802
-1.86486486486486491	0.0433327489910671007
-1.86186186186186187	0.0452167815558961045
-1.85885885885885882	0.036738635014165584
-1.85585585585585577	0.0376806512965800894
-1.85285285285285295	0.0433327489910671007
-1.8498498498498499	0.0414487164262380969
-1.84684684684684686	0.048984846685554112
-1.84384384384384381	0.0405067001438235916
-1.84084084084084076	0.0423907327086525954
-1.83783783783783794	0.0527529118152121196
-1.83483483483483489	0.0555789606624556287
-1.83183183183183185	0.0414487164262380969
-1.8288288288288288	0.0471008141207251083
-1.82582582582582575	0.0508688792503831158
-1.82282282282282293	0.0508688792503831158
-1.81981981981981988	0.0452167815558961045
-1.81681681681681684	0.0508688792503831158
-1.81381381381381379	0.0423907327086525954
-1.81081081081081074	0.0527529118152121196
-1.80780780780780792	0.048984846685554112
-1.80480480480480487	0.0423907327086525954
-1.80180180180180183	0.0433327489910671007
-1.79879879879879878	0.0461587978383106098
-1.79579579579579574	0.0461587978383106098
-1.79279279279279291	0.0499268629679686174
-1.78978978978978986	0.0461587978383106098
-1.78678678678678682	0.048984846685554112
-1.78378378378378377	0.0433327489910671007
-1.78078078078078073	0.0715932374635021712
-1.77777777777777768	0.0480428304031396136
-1.77477477477477485	0.0405067001438235916
-1.77177177177177181	0.0518108955327976212
-1.76876876876876876	0.0499268629679686174
-1.76576576576576572	0.0461587978383106098
-1.76276276276276267	0.0536949280976266249
-1.75975975975975985	0.0555789606624556287
-1.7567567567567568	0.0659411397690151529
-1.75375375375375375	0.0518108955327976212
-1.75075075075075071	0.0433327489910671007
-1.74774774774774766	0.0584050095096991378
-1.74474474474474484	0.0471008141207251083
-1.74174174174174179	0.0527529118152121196
-1.73873873873873874	0.048984846685554112
-1.7357357357357357	0.0527529118152121196
-1.73273273273273265	0.0527529118152121196
-1.72972972972972983	0.0414487164262380969
-1.72672672672672678	0.0508688792503831158
-1.72372372372372373	0.0423907327086525954
-1.72072072072072069	0.0574629932272846325
-1.71771771771771764	0.0584050095096991378
-1.71471471471471482	0.0555789606624556287
-1.71171171171171177	0.0668831560514296514
-1.70870870870870872	0.0461587978383106098
-1.70570570570570568	0.0593470257921136363
-1.70270270270270263	0.0471008141207251083
-1.69969969969969981	0.0405067001438235916
-1.69669669669669676	0.0518108955327976212
-1.69369369369369371	0.0546369443800411303
-1.69069069069069067	0.0433327489910671007
-1.68768768768768762	0.0527529118152121196
-1.6846846846846848	0.0527529118152121196
-1.68168168168168175	0.0508688792503831158
-1.6786786786786787	0.0687671886162586621
-1.67567567567567566	0.0555789606624556287
-1.67267267267267261	0.0395646838614090932
-1.66966966966966979	0.0678251723338441637
-1.66666666666666674	0.0546369443800411303
-1.66366366366366369	0.0527529118152121196
-1.66066066066066065	0.048984846685554112
-1.6576576576576576	0.0546369443800411303
-1.65465465465465478	0.0687671886162586621
-1.65165165165165173	0.0480428304031396136
-1.64864864864864868	0.0584050095096991378
-1.64564564564564564	0.036738635014165584
-1.64264264264264259	0.0433327489910671007
-1.63963963963963955	0.06123105835694264
-1.63663663663663672	0.0442747652734816061
-1.63363363363363367	0.0584050095096991378
-1.63063063063063063	0.0584050095096991378
-1.62762762762762758	0.0584050095096991378
-1.62462462462462454	0.048984846685554112
-1.62162162162162171	0.0536949280976266249
-1.61861861861861867	0.0659411397690151529
-1.61561561561561562	0.0649991234866006545
-1.61261261261261257	0.0527529118152121196
-1.60960960960960953	0.0574629932272846325
-1.6066066066066067	0.0668831560514296514
-1.60360360360360366	0.0574629932272846325
-1.60060060060060061	0.0527529118152121196
-1.59759759759759756	0.0527529118152121196
-1.59459459459459452	0.0584050095096991378
-1.59159159159159169	0.0602890420745281416
-1.58858858858858865	0.0631150909217716438
-1.5855855855855856	0.0565209769448701341
-1.58258258258258255	0.0640571072041861422
-1.57957957957957951	0.0593470257921136363
-1.57657657657657668	0.0508688792503831158
-1.57357357357357364	0.0546369443800411303
-1.57057057057057059	0.0546369443800411303
-1.56756756756756754	0.0631150909217716438
-1.5645645645645645	0.0640571072041861422
-1.56156156156156167	0.0593470257921136363
-1.55855855855855863	0.0536949280976266249
-1.55555555555555558	0.0668831560514296514
-1.55255255255255253	0.0555789606624556287
-1.54954954954954949	0.0621730746393571454
-1.54654654654654666	0.06123105835694264
-1.54354354354354362	0.0508688792503831158
-1.54054054054054057	0.048984846685554112
-1.53753753753753752	0.0706512211810876589
-1.53453453453453448	0.0649991234866006545
-1.53153153153153165	0.0649991234866006545
-1.52852852852852861	0.0621730746393571454
-1.52552552552552556	0.0574629932272846325
-1.52252252252252251	0.0800713840052326847
-1.51951951951951947	0.0546369443800411303
-1.51651651651651642	0.0640571072041861422
-1.5135135135135136	0.0706512211810876589
-1.51051051051051055	0.0706512211810876589
-1.5075075075075075	0.0640571072041861422
-1.50450450450450446	0.0744192863107456665
-1.50150150150150141	0.0593470257921136363
-1.49849849849849859	0.0574629932272846325
-1.49549549549549554	0.0725352537459166696
-1.4924924924924925	0.0706512211810876589
-1.48948948948948945	0.0555789606624556287
-1.4864864864864864	0.0763033188755746772
-1.48348348348348358	0.0697092048986731605
-1.48048048048048053	0.0659411397690151529
-1.47747747747747749	0.0621730746393571454
-1.47447447447447444	0.0649991234866006545
-1.47147147147147139	0.0584050095096991378
-1.46846846846846857	0.06123105835694264
-1.46546546546546552	0.0772453351579891756
-1.46246246246246248	0.0753613025931601788
-1.45945945945945943	0.0706512211810876589
-1.45645645645645638	0.0659411397690151529
-1.45345345345345356	0.0923175956766212197
-1.45045045045045051	0.0621730746393571454
-1.44744744744744747	0.0772453351579891756
-1.44444444444444442	0.0697092048986731605
-1.44144144144144137	0.0697092048986731605
-1.43843843843843855	0.0593470257921136363
-1.4354354354354355	0.0791293677228181863
-1.43243243243243246	0.0687671886162586621
-1.42942942942942941	0.0659411397690151529
-1.42642642642642636	0.0659411397690151529
-1.42342342342342354	0.0810134002876471832
-1.42042042042042049	0.0828974328524761939
-1.41741741741741745	0.0744192863107456665
-1.4144144144144144	0.0687671886162586621
-1.41141141141141135	0.0659411397690151529
-1.40840840840840853	0.0697092048986731605
-1.40540540540540548	0.0744192863107456665
-1.40240240240240244	0.0744192863107456665
-1.39939939939939939	0.0668831560514296514
-1.39639639639639634	0.0791293677228181863
-1.3933933933933933	0.0668831560514296514
-1.39039039039039047	0.0678251723338441637
-1.38738738738738743	0.0791293677228181863
-1.38438438438438438	0.0828974328524761939
-1.38138138138138133	0.0715932374635021712
-1.37837837837837829	0.0791293677228181863
-1.37537537537537546	0.0753613025931601788
-1.37237237237237242	0.0725352537459166696
-1.36936936936936937	0.0725352537459166696
-1.36636636636636633	0.0800713840052326847
-1.36336336336336328	0.0866654979821342014
-1.36036036036036045	0.0781873514404036879
-1.35735735735735741	0.0838394491348906923
-1.35435435435435436	0.0800713840052326847
-1.35135135135135132	0.0894915468293777105
-1.34834834834834827	0.0715932374635021712
-1.34534534534534544	0.0876075142645486998
-1.3423423423423424	0.0819554165700616954
-1.33933933933933935	0.0574629932272846325
-1.33633633633633631	0.0781873514404036879
-1.33333333333333326	0.0828974328524761939
-1.33033033033033044	0.102679774783180744
-1.32732732732732739	0.0819554165700616954
-1.32432432432432434	0.0753613025931601788
-1.3213213213213213	0.0800713840052326847
-1.31831831831831825	0.0772453351579891756
-1.31531531531531543	0.0781873514404036879
-1.31231231231231238	0.0715932374635021712
-1.30930930930930933	0.085723481699719703
-1.30630630630630629	0.0819554165700616954
-1.30330330330330324	0.090433563111792209
-1.30030030030030042	0.06123105835694264
-1.29729729729729737	0.0734772700283311681
-1.29429429429429432	0.0960856608062792272
-1.29129129129129128	0.0791293677228181863
-1.28828828828828823	0.0866654979821342014
-1.28528528528528541	0.085723481699719703
-1.28228228228228236	0.0876075142645486998
-1.27927927927927931	0.0744192863107456665
-1.27627627627627627	0.0744192863107456665
-1.27327327327327322	0.111157921324911257
-1.27027027027027017	0.0800713840052326847
-1.26726726726726735	0.0631150909217716438
-1.2642642642642643	0.0753613025931601788
-1.26126126126126126	0.0838394491348906923
-1.25825825825825821	0.0913755793942067074
-1.25525525525525516	0.0744192863107456665
-1.25225225225225234	0.0725352537459166696
-1.24924924924924929	0.0960856608062792272
-1.24624624624624625	0.0876075142645486998
-1.2432432432432432	0.0828974328524761939
-1.24024024024024015	0.0885495305469632121
-1.23723723723723733	0.0932596119590357181
-1.23423423423423428	0.0894915468293777105
-1.23123123123123124	0.0810134002876471832
-1.22822822822822819	0.0998537259359372348
-1.22522522522522515	0.0932596119590357181
-1.22222222222222232	0.0781873514404036879
-1.21921921921921927	0.085723481699719703
-1.21621621621621623	0.0998537259359372348
-1.21321321321321318	0.0781873514404036879
-1.21021021021021014	0.085723481699719703
-1.20720720720720731	0.0979696933711082241
-1.20420420420420426	0.104563807348009741
-1.20120120120120122	0.0970276770886937256
-1.19819819819819817	0.0810134002876471832
-1.19519519519519513	0.0998537259359372348
-1.1921921921921923	0.101737758500766232
-1.18918918918918926	0.0970276770886937256
-1.18618618618618621	0.0923175956766212197
-1.18318318318318316	0.0998537259359372348
-1.18018018018018012	0.0876075142645486998
-1.17717717717717729	0.0970276770886937256
-1.17417417417417425	0.111157921324911257
-1.1711711711711712	0.108331872477667748
-1.16816816816816815	0.109273888760082261
-1.16516516516516511	0.0932596119590357181
-1.16216216216216228	0.102679774783180744
-1.15915915915915924	0.0942016282414502165
-1.15615615615615619	0.0913755793942067074
-1.15315315315315314	0.0923175956766212197
-1.1501501501501501	0.103621791065595242
-1.14714714714714727	0.108331872477667748
-1.14414414414414423	0.0960856608062792272
-1.14114114114114118	0.0847814654173051907
-1.13813813813813813	0.0942016282414502165
-1.13513513513513509	0.0989117096535227364
-1.13213213213213204	0.0819554165700616954
-1.12912912912912922	0.116810019019398276
-1.12612612612612617	0.105505823630424239
-1.12312312312312312	0.0876075142645486998
-1.12012012012012008	0.114925986454569265
-1.11711711711711703	0.0989117096535227364
-1.11411411411411421	0.0942016282414502165
-1.11111111111111116	0.0951436445238647149
-1.10810810810810811	0.123404132996299792
-1.10510510510510507	0.115868002736983763
-1.10210210210210202	0.101737758500766232
-1.0990990990990992	0.111157921324911257
-1.09609609609609615	0.118694051584227273
-1.0930930930930931	0.0998537259359372348
-1.09009009009009006	0.102679774783180744
-1.08708708708708701	0.102679774783180744
-1.08408408408408419	0.123404132996299792
-1.08108108108108114	0.108331872477667748
-1.07807807807807809	0.120578084149056283
-1.07507507507507505	0.0998537259359372348
-1.072072072072072	0.133766312102859303
-1.06906906906906918	0.121520100431470782
-1.06606606606606613	0.116810019019398276
-1.06306306306306309	0.131882279538030306
-1.06006006006006004	0.115868002736983763
-1.05705705705705699	0.118694051584227273
-1.05405405405405417	0.108331872477667748
-1.05105105105105112	0.0960856608062792272
-1.04804804804804808	0.104563807348009741
-1.04504504504504503	0.138476393514931823
-1.04204204204204198	0.114925986454569265
-1.03903903903903916	0.115868002736983763
-1.03603603603603611	0.126230181843543288
-1.03303303303303307	0.142244458644589844
-1.03003003003003002	0.115868002736983763
-1.02702702702702697	0.0923175956766212197
-1.02402402402402415	0.123404132996299792
-1.0210210210210211	0.113983970172154767
-1.01801801801801806	0.123404132996299792
-1.01501501501501501	0.127172198125957786
-1.01201201201201196	0.131882279538030306
-1.00900900900900892	0.112099937607325756
-1.00600600600600609	0.112099937607325756
-1.00300300300300305	0.123404132996299792
-1	0.136592360950102826
-0.996996996996997176	0.129056230690786811
-0.993993993993993907	0.142244458644589844
-0.990990990990991083	0.126230181843543288
-0.987987987987987815	0.126230181843543288
-0.98498498498498499	0.113983970172154767
-0.981981981981982166	0.113983970172154767
-0.978978978978978898	0.121520100431470782
-0.975975975975976073	0.118694051584227273
-0.972972972972972805	0.137534377232517324
-0.969969969969969981	0.115868002736983763
-0.966966966966967156	0.132824295820444804
-0.963963963963963888	0.147896556339076835
-0.960960960960961064	0.128114214408372284
-0.957957957957957795	0.137534377232517324
-0.954954954954954971	0.128114214408372284
-0.951951951951952147	0.113983970172154767
-0.948948948948948878	0.125288165561128789
-0.945945945945946054	0.139418409797346321
-0.942942942942942786	0.142244458644589844
-0.939939939939939961	0.146954540056662336
-0.936936936936937137	0.129056230690786811
-0.933933933933933869	0.148838572621491333
-0.930930930930931044	0.145070507491833339
-0.927927927927927776	0.144128491209418841
-0.924924924924924952	0.128114214408372284
-0.921921921921922127	0.128114214408372284
-0.918918918918918859	0.149780588903905859
-0.915915915915916035	0.152606637751149354
-0.912912912912912766	0.113983970172154767
-0.909909909909909942	0.149780588903905859
-0.906906906906907118	0.137534377232517324
-0.903903903903903849	0.140360426079760819
-0.900900900900901025	0.129998246973201309
-0.897897897897897757	0.168620914552195883
-0.894894894894894932	0.154490670315978351
-0.891891891891892108	0.129998246973201309
-0.88888888888888884	0.146012523774247838
-0.885885885885886015	0.137534377232517324
-0.882882882882882747	0.161084784292879868
-0.879879879879879923	0.158258735445636373
-0.876876876876877098	0.147896556339076835
-0.87387387387387383	0.15543268659839285
-0.870870870870871006	0.145070507491833339
-0.867867867867867737	0.149780588903905859
-0.864864864864864913	0.162968816857708865
-0.861861861861862089	0.164852849422537889
-0.85885885885885882	0.159200751728050871
-0.855855855855855996	0.163910833140123391
-0.852852852852852727	0.169562930834610381
-0.849849849849849903	0.151664621468734856
-0.846846846846847079	0.160142768010465369
-0.843843843843843811	0.162026800575294366
-0.840840840840840986	0.181809142505998916
-0.837837837837837718	0.130940263255615807
-0.834834834834834894	0.172388979681853904
-0.831831831831832069	0.166736881987366886
-0.828828828828828801	0.157316719163221874
-0.825825825825825977	0.154490670315978351
-0.822822822822822708	0.171446963399439406
-0.819819819819819884	0.170504947117024908
-0.816816816816816615	0.162968816857708865
-0.813813813813813791	0.176157044811511898
-0.810810810810810967	0.157316719163221874
-0.807807807807807698	0.182751158788413415
-0.804804804804804874	0.187461240200485935
-0.801801801801801606	0.171446963399439406
-0.798798798798798781	0.186519223918071436
-0.795795795795795957	0.180867126223584418
-0.792792792792792689	0.204417533283946962
-0.789789789789789864	0.168620914552195883
-0.786786786786786596	0.171446963399439406
-0.783783783783783772	0.177099061093926424
-0.780780780780780947	0.178041077376340923
-0.777777777777777679	0.174273012246682901
-0.774774774774774855	0.187461240200485935
-0.771771771771771586	0.17992510994116992
-0.768768768768768762	0.178041077376340923
-0.765765765765765938	0.172388979681853904
-0.762762762762762669	0.166736881987366886
-0.759759759759759845	0.186519223918071436
-0.756756756756756577	0.188403256482900433
-0.753753753753753752	0.174273012246682901
-0.750750750750750928	0.19970745187187447
-0.74774774774774766	0.202533500719117965
-0.744744744744744835	0.209127614696019481
-0.741741741741741567	0.173330995964268403
-0.738738738738738743	0.183693175070827913
-0.735735735735735918	0.19499737045980195
-0.73273273273273265	0.192171321612558454
-0.729729729729729826	0.194055354177387451
-0.726726726726726557	0.182751158788413415
-0.723723723723723733	0.186519223918071436
-0.720720720720720909	0.181809142505998916
-0.71771771771771764	0.201591484436703466
-0.714714714714714816	0.191229305330143956
-0.711711711711711548	0.206301565848775986
-0.708708708708708723	0.202533500719117965
-0.705705705705705899	0.222315842649822515
-0.702702702702702631	0.213837696108092001
-0.699699699699699806	0.21006963097843398
-0.696696696696696538	0.207243582131190485
-0.693693693693693714	0.192171321612558454
-0.690690690690690889	0.212895679825677503
-0.687687687687687621	0.213837696108092001
-0.684684684684684797	0.246808265992599585
-0.681681681681681528	0.236446086886040047
-0.678678678678678704	0.230793989191553028
-0.67567567567567588	0.211011647260848478
-0.672672672672672611	0.21948979380257902
-0.669669669669669787	0.216663744955335497
-0.666666666666666519	0.227025924061895035
-0.663663663663663694	0.206301565848775986
-0.66066066066066087	0.263764559076060612
-0.657657657657657602	0.274126738182620122
-0.654654654654654777	0.207243582131190485
-0.651651651651651509	0.256228428816744569
-0.648648648648648685	0.253402379969501101
-0.64564564564564586	0.235504070603625548
-0.642642642642642592	0.232678021756382053
-0.639639639639639768	0.250576331122257578
-0.636636636636636499	0.258112461381573621
-0.633633633633633675	0.265648591640889609
-0.630630630630630851	0.253402379969501101
-0.627627627627627582	0.245866249710185059
-0.624624624624624758	0.254344396251915572
-0.62162162162162149	0.259996493946402618
-0.618618618618618665	0.22985197290913853
-0.615615615615615841	0.250576331122257578
-0.612612612612612573	0.257170445099159095
-0.609609609609609748	0.277894803312278171
-0.60660660660660648	0.247750282275014083
-0.603603603603603656	0.290141014983666679
-0.600600600600600831	0.255286412534330098
-0.597597597597597563	0.264706575358475138
-0.594594594594594739	0.280720852159521639
-0.59159159159159147	0.267532624205718605
-0.588588588588588646	0.277894803312278171
-0.585585585585585822	0.291083031266081149
-0.582582582582582553	0.279778835877107168
-0.579579579579579729	0.278836819594692642
-0.576576576576576461	0.284488917289179688
-0.573573573573573636	0.271300689335376655
-0.570570570570570812	0.311807389479200225
-0.567567567567567544	0.267532624205718605
-0.564564564564564719	0.289198998701252152
-0.561561561561561451	0.301445210372640715
-0.558558558558558627	0.297677145242982666
-0.555555555555555358	0.294851096395739198
-0.552552552552552534	0.298619161525397192
-0.54954954954954971	0.306155291784713235
-0.546546546546546441	0.318401503456101742
-0.543543543543543617	0.336299812821977295
-0.540540540540540349	0.318401503456101742
-0.537537537537537524	0.340067877951635289
-0.5345345345345347	0.311807389479200225
-0.531531531531531432	0.348546024493365802
-0.528528528528528607	0.327821666280246782
-0.525525525525525339	0.309923356914371229
-0.522522522522522515	0.354198122187852849
-0.51951951951951969	0.327821666280246782
-0.516516516516516422	0.362676268729583362
-0.513513513513513598	0.341009894234049815
-0.510510510510510329	0.350430057058194799
-0.507507507507507505	0.366444333859241356
-0.504504504504504681	0.324053601150588733
-0.501501501501501412	0.332531747692319246
-0.498498498498498588	0.341951910516464286
-0.495495495495495319	0.410719099132722976
-0.492492492492492495	0.368328366424070353
-0.489489489489489671	0.337241829104391766
-0.486486486486486402	0.396588854896505416
-0.483483483483483578	0.403182968873406933
-0.48048048048048031	0.38057457809545886
-0.477477477477477485	0.330647715127490249
-0.474474474474474661	0.383400626942702383
-0.471471471471471393	0.383400626942702383
-0.468468468468468568	0.398472887461334413
-0.4654654654654653	0.432385473628256523
-0.462462462462462476	0.387168692072360376
-0.459459459459459651	0.413545147979966443
-0.456456456456456383	0.417313213109624492
-0.453453453453453559	0.423907327086526009
-0.45045045045045029	0.376806512965800866
-0.447447447447447466	0.434269506193085519
-0.444444444444444642	0.431443457345841996
-0.441441441441441373	0.457819913253448063
-0.438438438438438549	0.414487164262380969
-0.435435435435435281	0.45028378299413202
-0.432432432432432456	0.486080401725883127
-0.429429429429429632	0.436153538757914516
-0.426426426426426364	0.462529994665520583
-0.423423423423423539	0.48984846685554112
-0.420420420420420271	0.451225799276546546
-0.417417417417417447	0.43521152247549999
-0.414414414414414622	0.516224922763147243
-0.411411411411411354	0.51905097161039071
-0.40840840840840853	0.503978711091758624
-0.405405405405405261	0.531297183281779217
-0.402402402402402437	0.47948628774898161
-0.399399399399399613	0.476660238901738087
-0.396396396396396344	0.49361653198519917
-0.39339339339339352	0.517166939045561658
-0.390390390390390252	0.49455854826761364
-0.387387387387387427	0.512456857633489138
-0.384384384384384603	0.49455854826761364
-0.381381381381381335	0.556731622906970758
-0.37837837837837851	0.506804759939002203
-0.375375375375375242	0.53318121584660827
-0.372372372372372418	0.513398873915903664
-0.369369369369369593	0.52376105302246323
-0.366366366366366325	0.583108078814576825
-0.363363363363363501	0.56332573688387233
-0.360360360360360232	0.57745598112008989
-0.357357357357357408	0.584050095096991351
-0.354354354354354584	0.595354290485965332
-0.351351351351351315	0.60760050215735395
-0.348348348348348491	0.614194616134255411
-0.345345345345345223	0.616078648699084463
-0.342342342342342398	0.606658485874939424
-0.339339339339339574	0.59818033933320891
-0.336336336336336306	0.621730746393571398
-0.333333333333333481	0.660353413972566083
-0.330330330330330213	0.640571072041861478
-0.327327327327327389	0.608542518439768365
-0.324324324324324564	0.643397120889104945
-0.321321321321321296	0.682961804750514045
-0.318318318318318472	0.678251723338441526
-0.315315315315315203	0.658469381407737031
-0.312312312312312379	0.705570195528462119
-0.309309309309309555	0.690497935009830144
-0.306306306306306286	0.701802130398804125
-0.303303303303303462	0.703686162963633177
-0.300300300300300194	0.675425674491198058
-0.297297297297297369	0.72158447232950873
-0.294294294294294101	0.740424797977798699
-0.291291291291291277	0.714990358352607158
-0.288288288288288452	0.753613025931601732
-0.285285285285285184	0.765859237602990239
-0.28228228228228236	0.786583595816109371
-0.279279279279279091	0.750786977084358265
-0.276276276276276267	0.841220540196150446
-0.273273273273273443	0.775279400427135279
-0.270270270270270174	0.834626426219248985
-0.26726726726726735	0.775279400427135279
-0.264264264264264082	0.846872637890637492
-0.261261261261261257	0.863828930974098519
-0.258258258258258433	0.84027852391373592
-0.255255255255255165	0.851582719302710012
-0.25225225225225234	0.851582719302710012
-0.249249249249249072	0.869481028668585565
-0.246246246246246248	0.878901191492730494
-0.243243243243243423	0.873249093798243559
-0.240240240240240155	0.942016282414502193
-0.237237237237237331	0.927886038178284633
-0.234234234234234062	0.906219663682751086
-0.231231231231231238	1.0098414547483463
-0.228228228228228414	0.947668380108989239
-0.225225225225225145	0.99853725935937232
-0.222222222222222321	0.967450722039693733
-0.219219219219219053	0.975928868581424247
-0.216216216216216228	1.02773976411422185
-0.213213213213213404	0.992885161664885274
-0.210210210210210136	0.992885161664885274
-0.207207207207207311	1.00230532448903031
-0.204204204204204043	1.00418935705385937
-0.201201201201201219	1.0098414547483463
-0.198198198198198394	1.02114565013732039
-0.195195195195195126	1.15962204365225219
-0.192192192192192302	1.0569422688690715
-0.189189189189189033	1.07860864336460494
-0.186186186186186209	1.12194139235567203
-0.183183183183183385	1.1200573597908432
-0.180180180180180116	1.11534727837877057
-0.177177177177177292	1.12853550633257371
-0.174174174174174023	1.13324558774464612
-0.171171171171171199	1.19730269494883235
-0.168168168168168375	1.18976656468951636
-0.165165165165165106	1.1681001901939827
-0.162162162162162282	1.19070858097193066
-0.159159159159159014	1.20389680892573381
-0.156156156156156189	1.18694051584227278
-0.153153153153153365	1.18788253212468731
-0.150150150150150097	1.03244984552629449
-0.147147147147147273	0.958030559215548694
-0.144144144144144004	0.90527764740033656
-0.14114114114114118	0.856292800714782532
-0.138138138138138356	0.784699563251280319
-0.135135135135135087	0.770569319015062759
-0.132132132132132263	0.720642456047094204
-0.129129129129128994	0.771511335297477285
-0.12612612612612617	0.736656732848140705
-0.123123123123123346	0.690497935009830144
-0.120120120120120077	0.639629055759446952
-0.117117117117117253	0.619846713828742457
-0.114114114114113985	0.591586225356307338
-0.11111111111111116	0.552963557777312764
-0.108108108108108336	0.518108955327976184
-0.105105105105105068	0.512456857633489138
-0.102102102102102243	0.445573701582059556
-0.0990990990990989751	0.43992160388757251
-0.0960960960960961508	0.413545147979966443
-0.0930930930930933265	0.393762806049261893
-0.0900900900900900581	0.407893050285479453
-0.0870870870870872338	0.350430057058194799
-0.0840840840840839654	0.335357796539562769
-0.0810810810810811411	0.332531747692319246
-0.0780780780780783168	0.291083031266081149
-0.0750750750750750484	0.246808265992599585
-0.0720720720720722241	0.261880526511231615
-0.0690690690690689557	0.238330119450869043
-0.0660660660660661314	0.2147797123905065
-0.0630630630630633071	0.195939386742216448
-0.0600600600600600387	0.204417533283946962
-0.0570570570570572144	0.176157044811511898
-0.054054054054053946	0.156374702880807376
-0.0510510510510511217	0.157316719163221874
-0.0480480480480478533	0.151664621468734856
-0.045045045045045029	0.120578084149056283
-0.0420420420420422047	0.120578084149056283
-0.0390390390390389364	0.10738985619525325
-0.0360360360360361121	0.0763033188755746772
-0.0330330330330328437	0.0932596119590357181
-0.0300300300300300194	0.0668831560514296514
-0.0270270270270271951	0.0593470257921136363
-0.0240240240240239267	0.0508688792503831158
-0.0210210210210211024	0.0555789606624556287
-0.018018018018017834	0.036738635014165584
-0.0150150150150150097	0.0273184721900205651
-0.0120120120120121854	0.0226083907779480522
-0.00900900900900891699	0.0160142768010465356
-0.00600600600600609269	0.00376806512965800885
-0.0030030030030028243	0.00282604884724350653
0	0.000942016282414502213
0.0030030030030028243	0.00282604884724350653
0.00600600600600609269	0.0075361302593160177
0.00900900900900891699	0.00942016282414502235
0.0120120120120121854	0.0169562930834610409
0.0150150150150150097	0.0226083907779480522
0.018018018018017834	0.0461587978383106098
0.0210210210210211024	0.0423907327086525954
0.0240240240240239267	0.0471008141207251083
0.0270270270270271951	0.0602890420745281416
0.0300300300300300194	0.06123105835694264
0.0330330330330328437	0.0819554165700616954
0.0360360360360361121	0.103621791065595242
0.0390390390390389364	0.0819554165700616954
0.0420420420420422047	0.108331872477667748
0.045045045045045029	0.135650344667688327
0.0480480480480478533	0.152606637751149354
0.0510510510510511217	0.170504947117024908
0.054054054054053946	0.172388979681853904
0.0570570570570572144	0.213837696108092001
0.0600600600600600387	0.177099061093926424
0.063063063063062863	0.218547777520164521
0.0660660660660661314	0.228909956626724032
0.0690690690690689557	0.22985197290913853
0.0720720720720722241	0.243982217145356062
0.0750750750750750484	0.303329242937469712
0.0780780780780778727	0.305213275502298709
0.0810810810810811411	0.296735128960568195
0.0840840840840839654	0.333473763974733772
0.0870870870870872338	0.391878773484432896
0.0900900900900900581	0.350430057058194799
0.0930930930930928824	0.355140138470267319
0.0960960960960961508	0.406009017720650456
0.0990990990990989751	0.423907327086526009
0.102102102102102243	0.46441402723034958
0.105105105105105068	0.49926862967968616
0.108108108108107892	0.52376105302246323
0.11111111111111116	0.55861565547179981
0.114114114114113985	0.565209769448701271
0.117117117117117253	0.597238323050794384
0.120120120120120077	0.610426551004597417
0.123123123123122902	0.666005511667053018
0.12612612612612617	0.67730970705602711
0.129129129129128994	0.787525612098523786
0.132132132132132263	0.719700439764679678
0.135135135135135087	0.763033188755746772
0.138138138138137911	0.833684409936834458
0.14114114114114118	0.901509582270678567
0.144144144144144004	0.861002882126855051
0.147147147147147273	0.984407015123154761
0.150150150150150097	1.03150782924387996
0.153153153153152921	1.13418760402706065
0.156156156156156189	1.21614302059712243
0.159159159159159014	1.22650519970368177
0.162162162162162282	1.15114389711052167
0.165165165165165106	1.1681001901939827
0.168168168168167931	1.1841144669950292
0.171171171171171199	1.20295479264331928
0.174174174174174023	1.19541866238400329
0.177177177177177292	1.15679599480500861
0.180180180180180116	1.12476744120291561
0.18318318318318294	1.11534727837877057
0.186186186186186209	1.03244984552629449
0.189189189189189033	1.10027501786013859
0.192192192192192302	1.09273888760082261
0.195195195195195126	1.07766662708219041
0.19819819819819795	1.03621791065595237
0.201201201201201219	1.07389856195253253
0.204204204204204043	1.06165235028114391
0.207207207207207311	1.03998597578561047
0.210210210210210136	1.03715992693836689
0.213213213213213404	1.00701540590110294
0.216216216216216228	0.976870884863838773
0.219219219219219053	0.964624673192450266
0.222222222222222321	0.98911709653522728
0.225225225225225145	0.972160803451766253
0.228228228228228414	0.999479275641786846
0.231231231231231238	0.8751331263630725
0.234234234234234062	0.904335631117922145
0.237237237237237331	0.877959175210316078
0.240240240240240155	0.912813777659652659
0.243243243243243423	0.86571296353892746
0.246246246246246248	0.893031435728948053
0.249249249249249072	0.901509582270678567
0.25225225225225234	0.871365061233414506
0.255255255255255165	0.845930621608222966
0.258258258258258433	0.848756670455466433
0.261261261261261257	0.826148279677518471
0.264264264264264082	0.808249970311642918
0.26726726726726735	0.849698686737880959
0.270270270270270174	0.805423921464399339
0.273273273273273443	0.819554165700616899
0.276276276276276267	0.774337384144720753
0.279279279279279091	0.754555042214016258
0.28228228228228236	0.789409644663352839
0.285285285285285184	0.754555042214016258
0.288288288288288452	0.781873514404036851
0.291291291291291277	0.719700439764679678
0.294294294294294101	0.719700439764679678
0.297297297297297369	0.766801253885404765
0.300300300300300194	0.727236570023995665
0.303303303303303462	0.702744146681218651
0.306306306306306286	0.711222293222949165
0.309309309309309111	0.688613902445001091
0.312312312312312379	0.68201978846809963
0.315315315315315203	0.662237446537395025
0.318318318318318472	0.710280276940534638
0.321321321321321296	0.680135755903270578
0.32432432432432412	0.604774453310110371
0.327327327327327389	0.639629055759446952
0.330330330330330213	0.633034941782545491
0.333333333333333481	0.640571072041861478
0.336336336336336306	0.603832437027695956
0.33933933933933913	0.633034941782545491
0.342342342342342398	0.626440827805643918
0.345345345345345223	0.621730746393571398
0.348348348348348491	0.578397997402504305
0.351351351351351315	0.552963557777312764
0.35435435435435414	0.587818160226649344
0.357357357357357408	0.588760176509063871
0.360360360360360232	0.53318121584660827
0.363363363363363501	0.559557671754214336
0.366366366366366325	0.560499688036628751
0.369369369369369149	0.552021541494898238
0.372372372372372418	0.588760176509063871
0.375375375375375242	0.561441704319043278
0.37837837837837851	0.522819036740048704
0.381381381381381335	0.503978711091758624
0.384384384384384159	0.498326613397271634
0.387387387387387427	0.530355166999364691
0.390390390390390252	0.51434089019831819
0.39339339339339352	0.487022418008297653
0.396396396396396344	0.52847113443453575
0.399399399399399169	0.541659362388338783
0.402402402402402437	0.480428304031396136
0.405405405405405261	0.500210645962100631
0.40840840840840853	0.503978711091758624
0.411411411411411354	0.500210645962100631
0.414414414414414178	0.472892173772080093
0.417417417417417447	0.49361653198519917
0.420420420420420271	0.482312336596225133
0.423423423423423539	0.431443457345841996
0.426426426426426364	0.457819913253448063
0.429429429429429188	0.4691241086424221
0.432432432432432456	0.436153538757914516
0.435435435435435281	0.471008141207251096
0.438438438438438549	0.467240076077593103
0.441441441441441373	0.437095555040329042
0.444444444444444198	0.471008141207251096
0.447447447447447466	0.41542918054479544
0.45045045045045029	0.410719099132722976
0.453453453453453559	0.416371196827209966
0.456456456456456383	0.399414903743748939
0.459459459459459651	0.38057457809545886
0.462462462462462476	0.38528465950753138
0.4654654654654653	0.397530871178919942
0.468468468468468568	0.393762806049261893
0.471471471471471393	0.422965310804111483
0.474474474474474661	0.36550231757682683
0.477477477477477485	0.427675392216184003
0.48048048048048031	0.407893050285479453
0.483483483483483578	0.42013926195686796
0.486486486486486402	0.379632561813044389
0.489489489489489671	0.373980464118557343
0.492492492492492495	0.376806512965800866
0.495495495495495319	0.386226675789945906
0.498498498498498588	0.373980464118557343
0.501501501501501412	0.377748529248215392
0.504504504504504681	0.350430057058194799
0.507507507507507505	0.379632561813044389
0.510510510510510329	0.348546024493365802
0.513513513513513598	0.343835943081293283
0.516516516516516422	0.360792236164754365
0.51951951951951969	0.340067877951635289
0.522522522522522515	0.346661991928536806
0.525525525525525339	0.326879649997832256
0.528528528528528607	0.334415780257148298
0.531531531531531432	0.329705698845075779
0.5345345345345347	0.320285536020930739
0.537537537537537524	0.308039324349542232
0.540540540540540349	0.327821666280246782
0.543543543543543617	0.310865373196785699
0.546546546546546441	0.329705698845075779
0.54954954954954971	0.330647715127490249
0.552552552552552534	0.295793112678153669
0.555555555555555358	0.305213275502298709
0.558558558558558627	0.292967063830910202
0.561561561561561451	0.309923356914371229
0.564564564564564719	0.257170445099159095
0.567567567567567544	0.275068754465034648
0.570570570570570368	0.271300689335376655
0.573573573573573636	0.276010770747449119
0.576576576576576461	0.262822542793646086
0.579579579579579729	0.277894803312278171
0.582582582582582553	0.276952787029863645
0.585585585585585378	0.306155291784713235
0.588588588588588646	0.270358673052962128
0.59159159159159147	0.292025047548495675
0.594594594594594739	0.274126738182620122
0.597597597597597563	0.273184721900205651
0.600600600600600387	0.269416656770547602
0.603603603603603656	0.278836819594692642
0.60660660660660648	0.279778835877107168
0.609609609609609748	0.243982217145356062
0.612612612612612573	0.254344396251915572
0.615615615615615397	0.255286412534330098
0.618618618618618665	0.273184721900205651
0.62162162162162149	0.220431810084993518
0.624624624624624758	0.258112461381573621
0.627627627627627582	0.22985197290913853
0.630630630630630407	0.227967940344309533
0.633633633633633675	0.24492423342777056
0.636636636636636499	0.248692298557428582
0.639639639639639768	0.212895679825677503
0.642642642642642592	0.24492423342777056
0.645645645645645416	0.275068754465034648
0.648648648648648685	0.251518347404672105
0.651651651651651509	0.22985197290913853
0.654654654654654777	0.216663744955335497
0.657657657657657602	0.220431810084993518
0.660660660660660426	0.23456205432121105
0.663663663663663694	0.24963431483984308
0.666666666666666519	0.213837696108092001
0.669669669669669787	0.237388103168454545
0.672672672672672611	0.227967940344309533
0.675675675675675436	0.226083907779480536
0.678678678678678704	0.213837696108092001
0.681681681681681528	0.213837696108092001
0.684684684684684797	0.187461240200485935
0.687687687687687621	0.218547777520164521
0.690690690690690445	0.24963431483984308
0.693693693693693714	0.215721728672920998
0.696696696696696538	0.230793989191553028
0.699699699699699806	0.233620038038796551
0.702702702702702631	0.187461240200485935
0.705705705705705455	0.206301565848775986
0.708708708708708723	0.198765435589459971
0.711711711711711548	0.198765435589459971
0.714714714714714816	0.206301565848775986
0.71771771771771764	0.1752150285290974
0.720720720720720909	0.211953663543263005
0.723723723723723733	0.183693175070827913
0.726726726726726557	0.19970745187187447
0.729729729729729826	0.180867126223584418
0.73273273273273265	0.205359549566361488
0.735735735735735918	0.178041077376340923
0.738738738738738743	0.202533500719117965
0.741741741741741567	0.203475517001532463
0.744744744744744835	0.193113337894972953
0.74774774774774766	0.195939386742216448
0.750750750750750928	0.19499737045980195
0.753753753753753752	0.184635191353242439
0.756756756756756577	0.165794865704952388
0.759759759759759845	0.162968816857708865
0.762762762762762669	0.17992510994116992
0.765765765765765938	0.170504947117024908
0.768768768768768762	0.17992510994116992
0.771771771771771586	0.186519223918071436
0.774774774774774855	0.165794865704952388
0.777777777777777679	0.174273012246682901
0.780780780780780947	0.170504947117024908
0.783783783783783772	0.188403256482900433
0.786786786786786596	0.180867126223584418
0.789789789789789864	0.183693175070827913
0.792792792792792689	0.172388979681853904
0.795795795795795957	0.170504947117024908
0.798798798798798781	0.178983093658755421
0.801801801801801606	0.161084784292879868
0.804804804804804874	0.160142768010465369
0.807807807807807698	0.168620914552195883
0.810810810810810967	0.183693175070827913
0.813813813813813791	0.159200751728050871
0.816816816816816615	0.162968816857708865
0.819819819819819884	0.124346149278714291
0.822822822822822708	0.162968816857708865
0.825825825825825977	0.156374702880807376
0.828828828828828801	0.154490670315978351
0.831831831831831625	0.173330995964268403
0.834834834834834894	0.167678898269781385
0.837837837837837718	0.150722605186320358
0.840840840840840986	0.165794865704952388
0.843843843843843811	0.161084784292879868
0.846846846846846635	0.160142768010465369
0.849849849849849903	0.164852849422537889
0.852852852852852727	0.15543268659839285
0.855855855855855996	0.137534377232517324
0.85885885885885882	0.156374702880807376
0.861861861861861644	0.131882279538030306
0.864864864864864913	0.145070507491833339
0.867867867867867737	0.159200751728050871
0.870870870870871006	0.172388979681853904
0.87387387387387383	0.151664621468734856
0.876876876876876654	0.144128491209418841
0.879879879879879923	0.146012523774247838
0.882882882882882747	0.146012523774247838
0.885885885885886015	0.159200751728050871
0.88888888888888884	0.172388979681853904
0.891891891891891664	0.140360426079760819
0.894894894894894932	0.158258735445636373
0.897897897897897757	0.139418409797346321
0.900900900900901025	0.150722605186320358
0.903903903903903849	0.133766312102859303
0.906906906906906674	0.142244458644589844
0.909909909909909942	0.126230181843543288
0.912912912912912766	0.160142768010465369
0.915915915915916035	0.136592360950102826
0.918918918918918859	0.143186474927004342
0.921921921921921683	0.160142768010465369
0.924924924924924952	0.142244458644589844
0.927927927927927776	0.143186474927004342
0.930930930930931044	0.149780588903905859
0.933933933933933869	0.126230181843543288
0.936936936936936693	0.129998246973201309
0.939939939939939961	0.130940263255615807
0.942942942942942786	0.129998246973201309
0.945945945945946054	0.130940263255615807
0.948948948948948878	0.12246211671388528
0.951951951951951703	0.135650344667688327
0.954954954954954971	0.139418409797346321
0.957957957957957795	0.143186474927004342
0.960960960960961064	0.119636067866641771
0.963963963963963888	0.123404132996299792
0.966966966966966712	0.120578084149056283
0.969969969969969981	0.163910833140123391
0.972972972972972805	0.146012523774247838
0.975975975975976073	0.121520100431470782
0.978978978978978898	0.101737758500766232
0.981981981981982166	0.137534377232517324
0.98498498498498499	0.133766312102859303
0.987987987987987815	0.121520100431470782
0.990990990990991083	0.124346149278714291
0.993993993993993907	0.123404132996299792
0.996996996996997176	0.127172198125957786
1	0.113983970172154767
1.00300300300300282	0.120578084149056283
1.00600600600600565	0.114925986454569265
1.00900900900900936	0.12246211671388528
1.01201201201201219	0.103621791065595242
1.01501501501501501	0.129056230690786811
1.01801801801801783	0.128114214408372284
1.02102102102102066	0.12246211671388528
1.02402402402402437	0.114925986454569265
1.0270270270270272	0.112099937607325756
1.03003003003003002	0.102679774783180744
1.03303303303303284	0.10738985619525325
1.03603603603603567	0.126230181843543288
1.03903903903903938	0.104563807348009741
1.0420420420420422	0.116810019019398276
1.04504504504504503	0.118694051584227273
1.04804804804804785	0.113041953889740268
1.05105105105105068	0.0932596119590357181
1.05405405405405439	0.116810019019398276
1.05705705705705721	0.101737758500766232
1.06006006006006004	0.0989117096535227364
1.06306306306306286	0.124346149278714291
1.06606606606606569	0.102679774783180744
1.0690690690690694	0.10738985619525325
1.07207207207207222	0.0970276770886937256
1.07507507507507505	0.121520100431470782
1.07807807807807787	0.114925986454569265
1.0810810810810807	0.0979696933711082241
1.08408408408408441	0.118694051584227273
1.08708708708708723	0.113041953889740268
1.09009009009009006	0.113983970172154767
1.09309309309309288	0.0960856608062792272
1.09609609609609571	0.110215905042496759
1.09909909909909942	0.10738985619525325
1.10210210210210224	0.113041953889740268
1.10510510510510507	0.106447839912838751
1.10810810810810789	0.117752035301812774
1.11111111111111072	0.117752035301812774
1.11411411411411443	0.113983970172154767
1.11711711711711725	0.10738985619525325
1.12012012012012008	0.0885495305469632121
1.1231231231231229	0.0979696933711082241
1.12612612612612573	0.113983970172154767
1.12912912912912944	0.0876075142645486998
1.13213213213213226	0.109273888760082261
1.13513513513513509	0.10738985619525325
1.13813813813813791	0.100795742218351733
1.14114114114114074	0.12246211671388528
1.14414414414414445	0.085723481699719703
1.14714714714714727	0.104563807348009741
1.1501501501501501	0.090433563111792209
1.15315315315315292	0.0960856608062792272
1.15615615615615575	0.100795742218351733
1.15915915915915946	0.0932596119590357181
1.16216216216216228	0.0913755793942067074
1.16516516516516511	0.0942016282414502165
1.16816816816816793	0.102679774783180744
1.17117117117117076	0.101737758500766232
1.17417417417417447	0.090433563111792209
1.17717717717717729	0.0819554165700616954
1.18018018018018012	0.0989117096535227364
1.18318318318318294	0.0998537259359372348
1.18618618618618576	0.0923175956766212197
1.18918918918918948	0.103621791065595242
1.1921921921921923	0.0866654979821342014
1.19519519519519513	0.0979696933711082241
1.19819819819819795	0.103621791065595242
1.20120120120120077	0.0970276770886937256
1.20420420420420449	0.0734772700283311681
1.20720720720720731	0.0810134002876471832
1.21021021021021014	0.085723481699719703
1.21321321321321296	0.0866654979821342014
1.21621621621621578	0.104563807348009741
1.2192192192192195	0.0885495305469632121
1.22222222222222232	0.0800713840052326847
1.22522522522522515	0.0960856608062792272
1.22822822822822797	0.0951436445238647149
1.23123123123123079	0.100795742218351733
1.23423423423423451	0.0998537259359372348
1.23723723723723733	0.0885495305469632121
1.24024024024024015	0.10738985619525325
1.24324324324324298	0.0979696933711082241
1.2462462462462458	0.0970276770886937256
1.24924924924924952	0.0866654979821342014
1.25225225225225234	0.0800713840052326847
1.25525525525525516	0.0979696933711082241
1.25825825825825799	0.085723481699719703
1.26126126126126081	0.0876075142645486998
1.26426426426426453	0.0989117096535227364
1.26726726726726735	0.0819554165700616954
1.27027027027027017	0.085723481699719703
1.273273273273273	0.0932596119590357181
1.27627627627627582	0.0781873514404036879
1.27927927927927954	0.0810134002876471832
1.28228228228228236	0.0772453351579891756
1.28528528528528518	0.0847814654173051907
1.28828828828828801	0.0819554165700616954
1.29129129129129083	0.0942016282414502165
1.29429429429429455	0.0923175956766212197
1.29729729729729737	0.0725352537459166696
1.30030030030030019	0.0979696933711082241
1.30330330330330302	0.0706512211810876589
1.30630630630630584	0.0697092048986731605
1.30930930930930955	0.0828974328524761939
1.31231231231231238	0.0753613025931601788
1.3153153153153152	0.0810134002876471832
1.31831831831831803	0.0687671886162586621
1.32132132132132085	0.0847814654173051907
1.32432432432432456	0.0819554165700616954
1.32732732732732739	0.0866654979821342014
1.33033033033033021	0.0894915468293777105
1.33333333333333304	0.0819554165700616954
1.33633633633633586	0.0819554165700616954
1.33933933933933957	0.0819554165700616954
1.3423423423423424	0.0876075142645486998
1.34534534534534522	0.0763033188755746772
1.34834834834834805	0.0659411397690151529
1.35135135135135087	0.0725352537459166696
1.35435435435435458	0.0697092048986731605
1.35735735735735741	0.0725352537459166696
1.36036036036036023	0.06123105835694264
1.36336336336336306	0.0800713840052326847
1.36636636636636677	0.0791293677228181863
1.36936936936936959	0.0631150909217716438
1.37237237237237242	0.0715932374635021712
1.37537537537537524	0.0744192863107456665
1.37837837837837807	0.0800713840052326847
1.38138138138138178	0.0668831560514296514
1.3843843843843846	0.0828974328524761939
1.38738738738738743	0.0866654979821342014
1.39039039039039025	0.0810134002876471832
1.39339339339339308	0.0894915468293777105
1.39639639639639679	0.0697092048986731605
1.39939939939939961	0.0772453351579891756
1.40240240240240244	0.0649991234866006545
1.40540540540540526	0.0649991234866006545
1.40840840840840809	0.0828974328524761939
1.4114114114114118	0.0913755793942067074
1.41441441441441462	0.0772453351579891756
1.41741741741741745	0.0668831560514296514
1.42042042042042027	0.0866654979821342014
1.4234234234234231	0.0697092048986731605
1.42642642642642681	0.0584050095096991378
1.42942942942942963	0.0847814654173051907
1.43243243243243246	0.0678251723338441637
1.43543543543543528	0.0678251723338441637
1.43843843843843811	0.0668831560514296514
1.44144144144144182	0.0659411397690151529
1.44444444444444464	0.0838394491348906923
1.44744744744744747	0.0819554165700616954
1.45045045045045029	0.0555789606624556287
1.45345345345345311	0.0687671886162586621
1.45645645645645683	0.0678251723338441637
1.45945945945945965	0.0659411397690151529
1.46246246246246248	0.0763033188755746772
1.4654654654654653	0.0659411397690151529
1.46846846846846812	0.0536949280976266249
1.47147147147147184	0.0668831560514296514
1.47447447447447466	0.0649991234866006545
1.47747747747747749	0.0715932374635021712
1.48048048048048031	0.0631150909217716438
1.48348348348348313	0.0584050095096991378
1.48648648648648685	0.0649991234866006545
1.48948948948948967	0.0640571072041861422
1.4924924924924925	0.0800713840052326847
1.49549549549549532	0.0649991234866006545
1.49849849849849814	0.0659411397690151529
1.50150150150150186	0.0697092048986731605
1.50450450450450468	0.0649991234866006545
1.5075075075075075	0.0697092048986731605
1.51051051051051033	0.0452167815558961045
1.51351351351351315	0.0649991234866006545
1.51651651651651687	0.0706512211810876589
1.51951951951951969	0.0659411397690151529
1.52252252252252251	0.0800713840052326847
1.52552552552552534	0.0546369443800411303
1.52852852852852816	0.0565209769448701341
1.53153153153153188	0.0621730746393571454
1.5345345345345347	0.06123105835694264
1.53753753753753752	0.0565209769448701341
1.54054054054054035	0.0631150909217716438
1.54354354354354317	0.0527529118152121196
1.54654654654654689	0.0527529118152121196
1.54954954954954971	0.0631150909217716438
1.55255255255255253	0.06123105835694264
1.55555555555555536	0.0602890420745281416
1.55855855855855818	0.0518108955327976212
1.56156156156156189	0.0584050095096991378
1.56456456456456472	0.06123105835694264
1.56756756756756754	0.0508688792503831158
1.57057057057057037	0.0725352537459166696
1.57357357357357319	0.0659411397690151529
1.5765765765765769	0.0527529118152121196
1.57957957957957973	0.0819554165700616954
1.58258258258258255	0.0584050095096991378
1.58558558558558538	0.0584050095096991378
1.5885885885885882	0.0593470257921136363
1.59159159159159191	0.0602890420745281416
1.59459459459459474	0.0649991234866006545
1.59759759759759756	0.0536949280976266249
1.60060060060060039	0.0518108955327976212
1.60360360360360321	0.0565209769448701341
1.60660660660660692	0.0574629932272846325
1.60960960960960975	0.0565209769448701341
1.61261261261261257	0.06123105835694264
1.6156156156156154	0.0602890420745281416
1.61861861861861822	0.048984846685554112
1.62162162162162193	0.0499268629679686174
1.62462462462462476	0.0565209769448701341
1.62762762762762758	0.0452167815558961045
1.63063063063063041	0.0621730746393571454
1.63363363363363323	0.0527529118152121196
1.63663663663663694	0.0480428304031396136
1.63963963963963977	0.0536949280976266249
1.64264264264264259	0.0518108955327976212
1.64564564564564542	0.0499268629679686174
1.64864864864864824	0.0536949280976266249
1.65165165165165195	0.0395646838614090932
1.65465465465465478	0.0565209769448701341
1.6576576576576576	0.0546369443800411303
1.66066066066066043	0.0555789606624556287
1.66366366366366325	0.0640571072041861422
1.66666666666666696	0.0433327489910671007
1.66966966966966979	0.0405067001438235916
1.67267267267267261	0.0621730746393571454
1.67567567567567544	0.0414487164262380969
1.67867867867867826	0.0659411397690151529
1.68168168168168197	0.0499268629679686174
1.6846846846846848	0.0452167815558961045
1.68768768768768762	0.0621730746393571454
1.69069069069069045	0.0584050095096991378
1.69369369369369327	0.0536949280976266249
1.69669669669669698	0.0471008141207251083
1.69969969969969981	0.0565209769448701341
1.70270270270270263	0.048984846685554112
1.70570570570570545	0.0565209769448701341
1.70870870870870828	0.0565209769448701341
1.71171171171171199	0.0593470257921136363
1.71471471471471482	0.0546369443800411303
1.71771771771771764	0.0621730746393571454
1.72072072072072046	0.0442747652734816061
1.72372372372372329	0.0565209769448701341
1.726726726726727	0.0480428304031396136
1.72972972972972983	0.0574629932272846325
1.73273273273273265	0.0546369443800411303
1.73573573573573547	0.0442747652734816061
1.7387387387387383	0.0405067001438235916
1.74174174174174201	0.0536949280976266249
1.74474474474474484	0.0480428304031396136
1.74774774774774766	0.0536949280976266249
1.75075075075075048	0.0499268629679686174
1.75375375375375331	0.0527529118152121196
1.75675675675675702	0.0508688792503831158
1.75975975975975985	0.0499268629679686174
1.76276276276276267	0.0555789606624556287
1.76576576576576549	0.0518108955327976212
1.76876876876876832	0.0310865373196785727
1.77177177177177203	0.0471008141207251083
1.77477477477477485	0.0395646838614090932
1.77777777777777768	0.0461587978383106098
1.7807807807807805	0.0584050095096991378
1.78378378378378333	0.0536949280976266249
1.78678678678678704	0.0508688792503831158
1.78978978978978986	0.0357966187317510856
1.79279279279279269	0.0499268629679686174
1.79579579579579551	0.048984846685554112
1.79879879879879834	0.0433327489910671007
1.80180180180180205	0.0574629932272846325
1.80480480480480487	0.0480428304031396136
1.8078078078078077	0.0471008141207251083
1.81081081081081052	0.0480428304031396136
1.81381381381381335	0.0480428304031396136
1.81681681681681706	0.0480428304031396136
1.81981981981981988	0.0452167815558961045
1.82282282282282271	0.0527529118152121196
1.82582582582582553	0.0376806512965800894
1.82882882882882836	0.0423907327086525954
1.83183183183183207	0.0433327489910671007
1.83483483483483489	0.0593470257921136363
1.83783783783783772	0.0631150909217716438
1.84084084084084054	0.048984846685554112
1.84384384384384337	0.0593470257921136363
1.84684684684684708	0.0452167815558961045
1.8498498498498499	0.0433327489910671007
1.85285285285285273	0.0452167815558961045
1.85585585585585555	0.048984846685554112
1.85885885885885838	0.0423907327086525954
1.86186186186186209	0.0480428304031396136
1.86486486486486491	0.0348546024493365802
1.86786786786786774	0.0433327489910671007
1.87087087087087056	0.0518108955327976212
1.87387387387387427	0.0471008141207251083
1.8768768768768771	0.0357966187317510856
1.87987987987987992	0.0405067001438235916
1.88288288288288275	0.0405067001438235916
1.88588588588588557	0.0433327489910671007
1.88888888888888928	0.0461587978383106098
1.89189189189189211	0.0423907327086525954
1.89489489489489493	0.0376806512965800894
1.89789789789789776	0.0471008141207251083
1.90090090090090058	0.0395646838614090932
1.90390390390390429	0.0405067001438235916
1.90690690690690712	0.036738635014165584
1.90990990990990994	0.0348546024493365802
1.91291291291291277	0.0395646838614090932
1.91591591591591559	0.0414487164262380969
1.9189189189189193	0.0584050095096991378
1.92192192192192213	0.0395646838614090932
1.92492492492492495	0.0527529118152121196
1.92792792792792778	0.0442747652734816061
1.9309309309309306	0.0405067001438235916
1.93393393393393431	0.0357966187317510856
1.93693693693693714	0.0357966187317510856
1.93993993993993996	0.0442747652734816061
1.94294294294294279	0.0452167815558961045
1.94594594594594561	0.0480428304031396136
1.94894894894894932	0.0471008141207251083
1.95195195195195215	0.0631150909217716438
1.95495495495495497	0.0499268629679686174
1.9579579579579578	0.0301445210372640708
1.96096096096096062	0.0536949280976266249
1.96396396396396433	0.0405067001438235916
1.96696696696696716	0.0357966187317510856
1.96996996996996998	0.0405067001438235916
1.9729729729729728	0.0386226675789945878
1.97597597597597563	0.0357966187317510856
1.97897897897897934	0.0376806512965800894
1.98198198198198217	0.0433327489910671007
1.98498498498498499	0.0414487164262380969
1.98798798798798781	0.0329705698845075765
1.99099099099099064	0.0461587978383106098
1.99399399399399435	0.0499268629679686174
1.99699699699699718	0.0423907327086525954
2	0.0471008141207251083
2.00300300300300282	0.0386226675789945878
2.00600600600600565	0.0320285536020930711
2.00900900900900936	0.0329705698845075765
2.01201201201201219	0.0395646838614090932
2.01501501501501501	0.0310865373196785727
2.01801801801801783	0.0423907327086525954
2.02102102102102066	0.0348546024493365802
2.02402402402402437	0.0471008141207251083
2.0270270270270272	0.0310865373196785727
2.03003003003003002	0.0348546024493365802
2.03303303303303284	0.0395646838614090932
2.03603603603603567	0.0405067001438235916
2.03903903903903938	0.0405067001438235916
2.0420420420420422	0.0386226675789945878
2.04504504504504503	0.0310865373196785727
2.04804804804804785	0.0414487164262380969
2.05105105105105068	0.0386226675789945878
2.05405405405405439	0.0348546024493365802
2.05705705705705721	0.0273184721900205651
2.06006006006006004	0.0386226675789945878
2.06306306306306286	0.0329705698845075765
2.06606606606606569	0.0508688792503831158
2.0690690690690694	0.036738635014165584
2.07207207207207222	0.0263764559076060598
2.07507507507507505	0.048984846685554112
2.07807807807807787	0.0348546024493365802
2.0810810810810807	0.036738635014165584
2.08408408408408441	0.0320285536020930711
2.08708708708708723	0.036738635014165584
2.09009009009009006	0.036738635014165584
2.09309309309309288	0.0273184721900205651
2.09609609609609571	0.0414487164262380969
2.09909909909909942	0.0273184721900205651
2.10210210210210224	0.0574629932272846325
2.10510510510510507	0.0339125861669220818
2.10810810810810789	0.0395646838614090932
2.11111111111111072	0.0348546024493365802
2.11411411411411443	0.0480428304031396136
2.11711711711711725	0.0310865373196785727
2.12012012012012008	0.0357966187317510856
2.1231231231231229	0.0433327489910671007
2.12612612612612573	0.0348546024493365802
2.12912912912912944	0.0386226675789945878
2.13213213213213226	0.0433327489910671007
2.13513513513513509	0.0329705698845075765
2.13813813813813791	0.0357966187317510856
2.14114114114114074	0.0386226675789945878
2.14414414414414445	0.0461587978383106098
2.14714714714714727	0.0273184721900205651
2.1501501501501501	0.0348546024493365802
2.15315315315315292	0.0461587978383106098
2.15615615615615575	0.0254344396251915579
2.15915915915915946	0.0527529118152121196
2.16216216216216228	0.0480428304031396136
2.16516516516516511	0.0339125861669220818
2.16816816816816793	0.0339125861669220818
2.17117117117117076	0.0348546024493365802
2.17417417417417447	0.0263764559076060598
2.17717717717717729	0.0329705698845075765
2.18018018018018012	0.0376806512965800894
2.18318318318318294	0.0357966187317510856
2.18618618618618576	0.036738635014165584
2.18918918918918948	0.0310865373196785727
2.1921921921921923	0.0254344396251915579
2.19519519519519513	0.0386226675789945878
2.19819819819819795	0.0273184721900205651
2.20120120120120077	0.0113041953889740261
2.20420420420420449	0.0348546024493365802
2.20720720720720731	0.0395646838614090932
2.21021021021021014	0.0357966187317510856
2.21321321321321296	0.0254344396251915579
2.21621621621621578	0.0310865373196785727
2.2192192192192195	0.036738635014165584
2.22222222222222232	0.0414487164262380969
2.22522522522522515	0.036738635014165584
2.22822822822822797	0.0339125861669220818
2.23123123123123079	0.0339125861669220818
2.23423423423423451	0.0357966187317510856
2.23723723723723733	0.0329705698845075765
2.24024024024024015	0.036738635014165584
2.24324324324324298	0.0405067001438235916
2.2462462462462458	0.0273184721900205651
2.24924924924924952	0.0339125861669220818
2.25225225225225234	0.0414487164262380969
2.25525525525525516	0.0386226675789945878
2.25825825825825799	0.0301445210372640708
2.26126126126126081	0.0310865373196785727
2.26426426426426453	0.0339125861669220818
2.26726726726726735	0.0301445210372640708
2.27027027027027017	0.0348546024493365802
2.273273273273273	0.0310865373196785727
2.27627627627627582	0.0442747652734816061
2.27927927927927954	0.0310865373196785727
2.28228228228228236	0.0292025047548495689
2.28528528528528518	0.0329705698845075765
2.28828828828828801	0.0292025047548495689
2.29129129129129083	0.028260488472435067
2.29429429429429455	0.024492423342777056
2.29729729729729737	0.0329705698845075765
2.30030030030030019	0.0301445210372640708
2.30330330330330302	0.0320285536020930711
2.30630630630630584	0.0348546024493365802
2.30930930930930955	0.036738635014165584
2.31231231231231238	0.0254344396251915579
2.3153153153153152	0.0339125861669220818
2.31831831831831803	0.0329705698845075765
2.32132132132132085	0.0169562930834610409
2.32432432432432456	0.0292025047548495689
2.32732732732732739	0.028260488472435067
2.33033033033033021	0.0310865373196785727
2.33333333333333304	0.0235504070603625541
2.33633633633633586	0.0273184721900205651
2.33933933933933957	0.0414487164262380969
2.3423423423423424	0.024492423342777056
2.34534534534534522	0.036738635014165584
2.34834834834834805	0.0263764559076060598
2.35135135135135087	0.0320285536020930711
2.35435435435435458	0.0273184721900205651
2.35735735735735741	0.0329705698845075765
2.36036036036036023	0.0386226675789945878
2.36336336336336306	0.0329705698845075765
2.36636636636636588	0.0254344396251915579
2.36936936936936959	0.0329705698845075765
2.37237237237237242	0.0263764559076060598
2.37537537537537524	0.0207243582131190485
2.37837837837837807	0.0320285536020930711
2.38138138138138089	0.0150722605186320354
2.3843843843843846	0.0339125861669220818
2.38738738738738743	0.0301445210372640708
2.39039039039039025	0.0188403256482900447
2.39339339339339308	0.0263764559076060598
2.39639639639639679	0.0329705698845075765
2.39939939939939961	0.0339125861669220818
2.40240240240240244	0.0310865373196785727
2.40540540540540526	0.0207243582131190485
2.40840840840840809	0.0235504070603625541
2.4114114114114118	0.0292025047548495689
2.41441441441441462	0.0216663744955335504
2.41741741741741745	0.0273184721900205651
2.42042042042042027	0.0226083907779480522
2.4234234234234231	0.0254344396251915579
2.42642642642642681	0.0320285536020930711
2.42942942942942963	0.0339125861669220818
2.43243243243243246	0.0235504070603625541
2.43543543543543528	0.0405067001438235916
2.43843843843843811	0.0310865373196785727
2.44144144144144182	0.028260488472435067
2.44444444444444464	0.0273184721900205651
2.44744744744744747	0.028260488472435067
2.45045045045045029	0.0348546024493365802
2.45345345345345311	0.0329705698845075765
2.45645645645645683	0.0263764559076060598
2.45945945945945965	0.0188403256482900447
2.46246246246246248	0.0216663744955335504
2.4654654654654653	0.0348546024493365802
2.46846846846846812	0.024492423342777056
2.47147147147147184	0.0263764559076060598
2.47447447447447466	0.028260488472435067
2.47747747747747749	0.0235504070603625541
2.48048048048048031	0.0207243582131190485
2.48348348348348313	0.0320285536020930711
2.48648648648648685	0.028260488472435067
2.48948948948948967	0.024492423342777056
2.4924924924924925	0.024492423342777056
2.49549549549549532	0.0216663744955335504
2.49849849849849814	0.0226083907779480522
2.50150150150150186	0.0310865373196785727
2.50450450450450468	0.028260488472435067
2.5075075075075075	0.0160142768010465356
2.51051051051051033	0.0207243582131190485
2.51351351351351315	0.0329705698845075765
2.51651651651651687	0.0301445210372640708
2.51951951951951969	0.0197823419307045466
2.52252252252252251	0.0320285536020930711
2.52552552552552534	0.0197823419307045466
2.52852852852852816	0.0339125861669220818
2.53153153153153188	0.0226083907779480522
2.5345345345345347	0.024492423342777056
2.53753753753753752	0.0254344396251915579
2.54054054054054035	0.0178983093658755428
2.54354354354354317	0.0178983093658755428
2.54654654654654689	0.0169562930834610409
2.54954954954954971	0.0254344396251915579
2.55255255255255253	0.028260488472435067
2.55555555555555536	0.0310865373196785727
2.55855855855855818	0.0310865373196785727
2.56156156156156189	0.0329705698845075765
2.56456456456456472	0.0301445210372640708
2.56756756756756754	0.024492423342777056
2.57057057057057037	0.0263764559076060598
2.57357357357357319	0.024492423342777056
2.5765765765765769	0.0339125861669220818
2.57957957957957973	0.0226083907779480522
2.58258258258258255	0.0292025047548495689
2.58558558558558538	0.0207243582131190485
2.5885885885885882	0.0197823419307045466
2.59159159159159191	0.024492423342777056
2.59459459459459474	0.0310865373196785727
2.59759759759759756	0.0226083907779480522
2.60060060060060039	0.0273184721900205651
2.60360360360360321	0.0216663744955335504
2.60660660660660692	0.0131882279538030299
2.60960960960960975	0.0197823419307045466
2.61261261261261257	0.0329705698845075765
2.6156156156156154	0.0273184721900205651
2.61861861861861822	0.0263764559076060598
2.62162162162162193	0.0178983093658755428
2.62462462462462476	0.0169562930834610409
2.62762762762762758	0.0216663744955335504
2.63063063063063041	0.0254344396251915579
2.63363363363363323	0.0320285536020930711
2.63663663663663694	0.0263764559076060598
2.63963963963963977	0.0320285536020930711
2.64264264264264259	0.0226083907779480522
2.64564564564564542	0.0254344396251915579
2.64864864864864824	0.0178983093658755428
2.65165165165165195	0.0207243582131190485
2.65465465465465478	0.0207243582131190485
2.6576576576576576	0.0169562930834610409
2.66066066066066043	0.0216663744955335504
2.66366366366366325	0.0188403256482900447
2.66666666666666696	0.0320285536020930711
2.66966966966966979	0.0216663744955335504
2.67267267267267261	0.0207243582131190485
2.67567567567567544	0.0273184721900205651
2.67867867867867826	0.0235504070603625541
2.68168168168168197	0.0207243582131190485
2.6846846846846848	0.0357966187317510856
2.68768768768768762	0.0235504070603625541
2.69069069069069045	0.0254344396251915579
2.69369369369369327	0.0169562930834610409
2.69669669669669698	0.0301445210372640708
2.69969969969969981	0.0339125861669220818
2.70270270270270263	0.0263764559076060598
2.70570570570570545	0.0263764559076060598
2.70870870870870828	0.0226083907779480522
2.71171171171171199	0.0292025047548495689
2.71471471471471482	0.0254344396251915579
2.71771771771771764	0.0207243582131190485
2.72072072072072046	0.0292025047548495689
2.72372372372372329	0.0188403256482900447
2.726726726726727	0.0197823419307045466
2.72972972972972983	0.0169562930834610409
2.73273273273273265	0.0254344396251915579
2.73573573573573547	0.0235504070603625541
2.7387387387387383	0.028260488472435067
2.74174174174174201	0.0197823419307045466
2.74474474474474484	0.0263764559076060598
2.74774774774774766	0.0235504070603625541
2.75075075075075048	0.0160142768010465356
2.75375375375375331	0.0178983093658755428
2.75675675675675702	0.0226083907779480522
2.75975975975975985	0.0216663744955335504
2.76276276276276267	0.0188403256482900447
2.76576576576576549	0.0178983093658755428
2.76876876876876832	0.028260488472435067
2.77177177177177203	0.0216663744955335504
2.77477477477477485	0.0273184721900205651
2.77777777777777768	0.0207243582131190485
2.7807807807807805	0.0226083907779480522
2.78378378378378333	0.0254344396251915579
2.78678678678678704	0.0188403256482900447
2.78978978978978986	0.0141302442362175335
2.79279279279279269	0.0235504070603625541
2.79579579579579551	0.0301445210372640708
2.79879879879879834	0.0216663744955335504
2.80180180180180205	0.0188403256482900447
2.80480480480480487	0.0263764559076060598
2.8078078078078077	0.0197823419307045466
2.81081081081081052	0.0141302442362175335
2.81381381381381335	0.0103621791065595242
2.81681681681681706	0.0226083907779480522
2.81981981981981988	0.0178983093658755428
2.82282282282282271	0.0207243582131190485
2.82582582582582553	0.0273184721900205651
2.82882882882882836	0.0131882279538030299
2.83183183183183207	0.0197823419307045466
2.83483483483483489	0.0263764559076060598
2.83783783783783772	0.0235504070603625541
2.84084084084084054	0.0273184721900205651
2.84384384384384337	0.0235504070603625541
2.84684684684684708	0.0216663744955335504
2.8498498498498499	0.024492423342777056
2.85285285285285273	0.0320285536020930711
2.85585585585585555	0.0150722605186320354
2.85885885885885838	0.0216663744955335504
2.86186186186186209	0.0301445210372640708
2.86486486486486491	0.012246211671388528
2.86786786786786774	0.024492423342777056
2.87087087087087056	0.0235504070603625541
2.87387387387387339	0.0273184721900205651
2.8768768768768771	0.024492423342777056
2.87987987987987992	0.0216663744955335504
2.88288288288288275	0.0254344396251915579
2.88588588588588557	0.0310865373196785727
2.8888888888888884	0.0207243582131190485
2.89189189189189211	0.024492423342777056
2.89489489489489493	0.0169562930834610409
2.89789789789789776	0.0235504070603625541
2.90090090090090058	0.0188403256482900447
2.90390390390390429	0.012246211671388528
2.90690690690690712	0.0216663744955335504
2.90990990990990994	0.0292025047548495689
2.91291291291291277	0.0188403256482900447
2.91591591591591559	0.0188403256482900447
2.9189189189189193	0.0226083907779480522
2.92192192192192213	0.028260488472435067
2.92492492492492495	0.0197823419307045466
2.92792792792792778	0.0141302442362175335
2.9309309309309306	0.0188403256482900447
2.93393393393393431	0.0273184721900205651
2.93693693693693714	0.0141302442362175335
2.93993993993993996	0.0273184721900205651
2.94294294294294279	0.0273184721900205651
2.94594594594594561	0.024492423342777056
2.94894894894894932	0.0150722605186320354
2.95195195195195215	0.0216663744955335504
2.95495495495495497	0.0160142768010465356
2.9579579579579578	0.0226083907779480522
2.96096096096096062	0.0150722605186320354
2.96396396396396433	0.0178983093658755428
2.96696696696696716	0.0207243582131190485
2.96996996996996998	0.0160142768010465356
2.9729729729729728	0.0160142768010465356
2.97597597597597563	0.0188403256482900447
2.97897897897897934	0.024492423342777056
2.98198198198198217	0.0263764559076060598
2.98498498498498499	0.0141302442362175335
2.98798798798798781	0.024492423342777056
2.99099099099099064	0.0150722605186320354
2.99399399399399435	0.024492423342777056
2.99699699699699718	0.0226083907779480522
3	0.0329705698845075765
