-3	0.0915379800688625872
-2.99400000000000022	0.0923373657419451627
-2.98799999999999999	0.0931460546118242361
-2.98200000000000021	0.0939607475957092569
-2.97599999999999998	0.094777310748060159
-2.9700000000000002	0.0955916540080597593
-2.96399999999999997	0.0964006108149041974
-2.95800000000000018	0.0972025361293923085
-2.95199999999999996	0.0979974847087273088
-2.94600000000000017	0.098787006415395881
-2.93999999999999995	0.0995736987888738573
-2.93400000000000016	0.100360660678821587
-2.92799999999999994	0.101150939929604111
-2.92200000000000015	0.101947029177911777
-2.91599999999999993	0.102750466219301451
-2.91000000000000014	0.103561609619186951
-2.90399999999999991	0.104379635878707827
-2.89800000000000013	0.105202735785035598
-2.8919999999999999	0.106028425083623173
-2.88600000000000012	0.106853878387505402
-2.87999999999999989	0.107676247996458571
-2.87400000000000011	0.108493000863408545
-2.86799999999999988	0.109302337476912287
-2.8620000000000001	0.110103697031279479
-2.85599999999999987	0.110898217809960314
-2.85000000000000009	0.111688911046839784
-2.84399999999999986	0.112480339212449043
-2.83800000000000008	0.113277790699017597
-2.83199999999999985	0.114086203462346172
-2.82600000000000007	0.114909230627998557
-2.81999999999999984	0.115748745512150905
-2.81400000000000006	0.116604818952786571
-2.80799999999999983	0.117475980669756772
-2.80200000000000005	0.118359565825482432
-2.79599999999999982	0.119252121768452096
-2.79000000000000004	0.120150011851459862
-2.78399999999999981	0.121050301849166764
-2.77800000000000002	0.121951741719303869
-2.7719999999999998	0.122855395910505691
-2.76600000000000001	0.123764499263263439
-2.75999999999999979	0.124683464204510555
-2.754	0.125616419264820478
-2.74800000000000022	0.126565923571848954
-2.74199999999999999	0.127532406931506553
-2.73599999999999977	0.128514495663923534
-2.72999999999999998	0.129509950760628545
-2.7240000000000002	0.130516704904979436
-2.71799999999999997	0.131533514865222134
-2.71199999999999974	0.132559979137168188
-2.70599999999999996	0.133595972746639841
-2.70000000000000018	0.13464078086358014
-2.69399999999999995	0.135692300021730605
-2.68800000000000017	0.136746641616745435
-2.68199999999999994	0.137798339756744714
-2.67600000000000016	0.138841125085783279
-2.66999999999999993	0.13986896345130434
-2.66400000000000015	0.140876968318446705
-2.65799999999999992	0.141861940953817045
-2.65200000000000014	0.142822503530727563
-2.64599999999999991	0.143758927379323442
-2.64000000000000012	0.144672859424197248
-2.6339999999999999	0.145567198744854631
-2.62800000000000011	0.146446212438853252
-2.62199999999999989	0.147315630126251595
-2.6160000000000001	0.148182264892891047
-2.60999999999999988	0.149052933348263833
-2.60400000000000009	0.149932934162625153
-2.59799999999999986	0.150824736639365548
-2.59200000000000008	0.151727570287555069
-2.58599999999999985	0.152638211336082186
-2.58000000000000007	0.153552607087825393
-2.57399999999999984	0.154467488288237448
-2.56800000000000006	0.155381172393517397
-2.56199999999999983	0.156293352829403071
-2.55600000000000005	0.157204360006399729
-2.54999999999999982	0.158114627657846285
-2.54400000000000004	0.159024741754314802
-2.53799999999999981	0.159935867827415007
-2.53200000000000003	0.160850110087787046
-2.5259999999999998	0.161770603512728872
-2.52000000000000002	0.162701463729771345
-2.51400000000000023	0.163647691005446932
-2.50800000000000001	0.164614804406520654
-2.50199999999999978	0.165607795158479343
-2.496	0.166629289641149453
-2.49000000000000021	0.167677542261566753
-2.48399999999999999	0.168745440047471218
-2.47799999999999976	0.169821372371078333
-2.47199999999999998	0.170891666410341481
-2.46600000000000019	0.171943345992360441
-2.45999999999999996	0.172966066877473013
-2.45399999999999974	0.173952906372139809
-2.44799999999999995	0.174900314501293869
-2.44200000000000017	0.175807546398927289
-2.43599999999999994	0.176675783748025145
-2.42999999999999972	0.177507401927706476
-2.42399999999999993	0.178305923956750295
-2.41800000000000015	0.179076485569802824
-2.41199999999999992	0.179825827945012673
-2.40600000000000014	0.180561083977152259
-2.39999999999999991	0.181287643849185637
-2.39400000000000013	0.182007003008436391
-2.3879999999999999	0.182715427116712459
-2.38200000000000012	0.183404083358444131
-2.37599999999999989	0.18406114211513519
-2.37000000000000011	0.184675755041776163
-2.36399999999999988	0.185242647829321316
-2.3580000000000001	0.185765121397115235
-2.35199999999999987	0.186254475751539528
-2.34600000000000009	0.186725466347595542
-2.33999999999999986	0.187189585322798641
-2.33400000000000007	0.18764926232085799
-2.32799999999999985	0.188095574429407358
-2.32200000000000006	0.188510405540828679
-2.31599999999999984	0.188872479318896308
-2.31000000000000005	0.189165516264422906
-2.30399999999999983	0.189385512134157941
-2.29800000000000004	0.189543618624816779
-2.29199999999999982	0.189662949839111222
-2.28600000000000003	0.189771143782951013
-2.28000000000000025	0.189892550436216806
-2.27400000000000002	0.19004315919312445
-2.26799999999999979	0.190229407261435585
-2.26200000000000001	0.190450182424494241
-2.25600000000000023	0.190700065250753503
-2.25	0.190971822408019909
-2.24399999999999977	0.191257310551128296
-2.23799999999999999	0.191547190051284372
-2.23200000000000021	0.191830672722014567
-2.22599999999999998	0.192096783780022262
-2.21999999999999975	0.192337594289564373
-2.21399999999999997	0.192551756482082698
-2.20800000000000018	0.192745529196303167
-2.20199999999999996	0.192930034426760433
-2.19599999999999973	0.193116416707798083
-2.18999999999999995	0.193311776611373026
-2.18400000000000016	0.193517361615021477
-2.17799999999999994	0.193728675129813455
-2.17199999999999971	0.193936607844688524
-2.16599999999999993	0.194129052193685092
-2.16000000000000014	0.194292699265805863
-2.15399999999999991	0.194414239105903663
-2.14800000000000013	0.194480087993896961
-2.1419999999999999	0.194475833581651408
-2.13600000000000012	0.194388477481823085
-2.12999999999999989	0.194211852548494213
-2.12400000000000011	0.193950746290021181
-2.11799999999999988	0.193619185061659843
-2.1120000000000001	0.193233495678856393
-2.10599999999999987	0.19280517600619923
-2.10000000000000009	0.192338351021496407
-2.09399999999999986	0.191832728642063188
-2.08800000000000008	0.191288831673101956
-2.08199999999999985	0.190711120636370662
-2.07600000000000007	0.190107141434914362
-2.06999999999999984	0.189484422667172581
-2.06400000000000006	0.188848599080959467
-2.05799999999999983	0.188204944515275724
-2.05200000000000005	0.187561895098836223
-2.04599999999999982	0.186932401325175634
-2.04000000000000004	0.186330353519102154
-2.03399999999999981	0.185764182357499003
-2.02800000000000002	0.185233085438576417
-2.02200000000000024	0.18472900793994837
-2.01600000000000001	0.184241929128393989
-2.00999999999999979	0.183763908975133755
-2.004	0.183290393136429614
-1.998	0.182820165672781837
-1.99199999999999999	0.182354685892647722
-1.98599999999999999	0.18189609967399642
-1.97999999999999998	0.181443753983400818
-1.97399999999999998	0.180990860095715606
-1.96799999999999997	0.180524348283089969
-1.96199999999999997	0.180029023874149569
-1.95599999999999996	0.179492693545377641
-1.94999999999999996	0.178908865389186739
-1.94399999999999995	0.178277716436304023
-1.93799999999999994	0.177606810626017908
-1.93199999999999994	0.176910286526441973
-1.92599999999999993	0.176204413761929357
-1.91999999999999993	0.175500504079157182
-1.91399999999999992	0.174800200598388578
-1.90799999999999992	0.174097535490065597
-1.90199999999999991	0.173386156851490808
-1.89599999999999991	0.172665765620928918
-1.8899999999999999	0.171942730361841573
-1.8839999999999999	0.171224463553917627
-1.87799999999999989	0.170512813813471248
-1.87199999999999989	0.169802580390678637
-1.86599999999999988	0.169085262100192341
-1.85999999999999988	0.168353342877658713
-1.85399999999999987	0.167602688153589863
-1.84799999999999986	0.16683363022551928
-1.84200000000000008	0.166049745898610879
-1.83600000000000008	0.16525356637696656
-1.83000000000000007	0.164442869115480506
-1.82400000000000007	0.16361188789774575
-1.81800000000000006	0.162757723089781731
-1.81200000000000006	0.161888670501228821
-1.80600000000000005	0.161027370578335577
-1.80000000000000004	0.160201891502338656
-1.79400000000000004	0.159429389214705619
-1.78800000000000003	0.158706857963402254
-1.78200000000000003	0.158015578498820919
-1.77600000000000002	0.157331702157557207
-1.77000000000000002	0.156633667919222369
-1.76400000000000001	0.155904863796552468
-1.75800000000000001	0.15513539396274037
-1.752	0.154325608792580643
-1.746	0.153487631913856448
-1.73999999999999999	0.152639013587828221
-1.73399999999999999	0.15179112515523896
-1.72799999999999998	0.150942946280909596
-1.72199999999999998	0.150086552569727638
-1.71599999999999997	0.149218813224007735
-1.70999999999999996	0.148348169442441669
-1.70399999999999996	0.147492772348914919
-1.69799999999999995	0.146675167089456465
-1.69199999999999995	0.145914277887946559
-1.68599999999999994	0.145213644800343933
-1.67999999999999994	0.144556117428713576
-1.67399999999999993	0.143914524530486143
-1.66799999999999993	0.14327096192725533
-1.66199999999999992	0.142628751619865962
-1.65599999999999992	0.142007726853495164
-1.64999999999999991	0.141427031530900693
-1.64399999999999991	0.140891139232097756
-1.6379999999999999	0.140389809627291418
-1.6319999999999999	0.139905636919369247
-1.62599999999999989	0.139420401377534753
-1.61999999999999988	0.138920344511147376
-1.61399999999999988	0.138399749935479294
-1.60799999999999987	0.137859382297210148
-1.60199999999999987	0.1373007369011367
-1.59599999999999986	0.136720435022282871
-1.59000000000000008	0.136109115749597581
-1.58400000000000007	0.135456930668597431
-1.57800000000000007	0.134761524637894758
-1.57200000000000006	0.134032763421880224
-1.56600000000000006	0.133292547979296544
-1.56000000000000005	0.132568420265263748
-1.55400000000000005	0.131880996526773236
-1.54800000000000004	0.131233080676227326
-1.54200000000000004	0.130612547181637534
-1.53600000000000003	0.130006186544277202
-1.53000000000000003	0.129406982415484345
-1.52400000000000002	0.128813750282601558
-1.51800000000000002	0.128232668823507284
-1.51200000000000001	0.127673382556965503
-1.50600000000000001	0.127136570862937393
-1.5	0.126606349758716819
-1.49399999999999999	0.126057646327146389
-1.48799999999999999	0.125472843724466293
-1.48199999999999998	0.124853283684823846
-1.47599999999999998	0.124219293551653051
-1.46999999999999997	0.123599052145051583
-1.46399999999999997	0.123013097364479504
-1.45799999999999996	0.122465682282330707
-1.45199999999999996	0.121945056588023654
-1.44599999999999995	0.121429927785085601
-1.43999999999999995	0.120895231721139612
-1.43399999999999994	0.120311035820944059
-1.42799999999999994	0.11965124596450169
-1.42199999999999993	0.11892035292591871
-1.41599999999999993	0.118161638115854575
-1.40999999999999992	0.117431465008004235
-1.40399999999999991	0.116771310828434546
-1.39799999999999991	0.116196065056673722
-1.3919999999999999	0.11569343982710896
-1.3859999999999999	0.115231251970282458
-1.37999999999999989	0.114771162118064443
-1.37399999999999989	0.114277689752929068
-1.36799999999999988	0.113726362845721879
-1.36199999999999988	0.113118691029678128
-1.35599999999999987	0.112487344852189114
-1.34999999999999987	0.111882892421887273
-1.34399999999999986	0.11134684121662991
-1.33799999999999986	0.11088988316337578
-1.33200000000000007	0.110500620496587279
-1.32600000000000007	0.110161717136065998
-1.32000000000000006	0.109844609256700157
-1.31400000000000006	0.109510220703588373
-1.30800000000000005	0.10913049521019702
-1.30200000000000005	0.108708472728023697
-1.29600000000000004	0.108271150104350941
-1.29000000000000004	0.107837130083428184
-1.28400000000000003	0.107403990419888379
-1.27800000000000002	0.10696221013619972
-1.27200000000000002	0.106504054216347732
-1.26600000000000001	0.106017307166369534
-1.26000000000000001	0.105484924675277827
-1.254	0.104908388019981549
-1.248	0.104326903429675003
-1.24199999999999999	0.103796593662608627
-1.23599999999999999	0.103349262522856047
-1.22999999999999998	0.10296847734345986
-1.22399999999999998	0.102598866830653807
-1.21799999999999997	0.102188803849678364
-1.21199999999999997	0.101720308706495746
-1.20599999999999996	0.101201337744408315
-1.19999999999999996	0.100644732865314529
-1.19399999999999995	0.100069936300117568
-1.18799999999999994	0.0995156930866561429
-1.18199999999999994	0.0990172872088933703
-1.17599999999999993	0.0985814473682499609
-1.16999999999999993	0.0981933130682138833
-1.16399999999999992	0.097824242178090326
-1.15799999999999992	0.097440409148915122
-1.15199999999999991	0.09702559833275895
-1.14599999999999991	0.0965868686751502892
-1.1399999999999999	0.0961347570212014724
-1.1339999999999999	0.0956849218059552947
-1.12799999999999989	0.0952779889426828286
-1.12199999999999989	0.0949545145829407133
-1.11599999999999988	0.0947085647653744395
-1.10999999999999988	0.0944917816511119529
-1.10399999999999987	0.0942654060762911777
-1.09799999999999986	0.0940142930094918783
-1.09199999999999986	0.0937285539879565005
-1.08599999999999985	0.0934148622744834373
-1.08000000000000007	0.0931075864106102186
-1.07400000000000007	0.092846976261085512
-1.06800000000000006	0.092651947828212719
-1.06200000000000006	0.0925084123850586776
-1.05600000000000005	0.092384519446522595
-1.05000000000000004	0.0922598083791928841
-1.04400000000000004	0.092120698215231181
-1.03800000000000003	0.0919202440602443632
-1.03200000000000003	0.0916066152155784047
-1.02600000000000002	0.0911982860329476619
-1.02000000000000002	0.0907547155043163384
-1.01400000000000001	0.0903197102418486775
-1.00800000000000001	0.0899137769786710339
-1.002	0.0895527031352709446
-0.995999999999999996	0.0892354668761332209
-0.989999999999999769	0.088918839789466117
-0.983999999999999986	0.0885873606907262162
-0.977999999999999758	0.08827087860887467
-0.971999999999999975	0.0880066114269848904
-0.965999999999999748	0.0878258606457803237
-0.959999999999999964	0.0877217222686244996
-0.953999999999999737	0.0876777738520540389
-0.947999999999999954	0.0876914658660794821
-0.942000000000000171	0.087719286090505097
-0.935999999999999943	0.0876669991462504516
-0.93000000000000016	0.0874155494205298839
-0.923999999999999932	0.0869343153151785203
-0.918000000000000149	0.0863953816994969676
-0.911999999999999922	0.0859908266337125887
-0.906000000000000139	0.0857467357133055164
-0.899999999999999911	0.0856261296545991896
-0.894000000000000128	0.0856119449236994734
-0.887999999999999901	0.0856455840685242664
-0.882000000000000117	0.0856842475825087546
-0.87599999999999989	0.0856976089127729074
-0.870000000000000107	0.0856160836630261851
-0.863999999999999879	0.0854069578974910454
-0.858000000000000096	0.0850922807166265005
-0.851999999999999869	0.0847324582219687039
-0.846000000000000085	0.0843912370421410485
-0.839999999999999858	0.0840906863662719689
-0.834000000000000075	0.083838695510543737
-0.827999999999999847	0.0836531485065717534
-0.822000000000000064	0.0834601179588319864
-0.815999999999999837	0.083158975425372525
-0.810000000000000053	0.0828141067941700892
-0.803999999999999826	0.0826294715186658424
-0.798000000000000043	0.0826557134391736892
-0.791999999999999815	0.0827504710288100853
-0.786000000000000032	0.0827748106329874028
-0.779999999999999805	0.0827149009789528017
-0.774000000000000021	0.0826040940351131375
-0.767999999999999794	0.0824385834750137603
-0.762000000000000011	0.0821576085992127003
-0.755999999999999783	0.0817336847735473382
-0.75	0.0812988182865803655
-0.743999999999999773	0.0810121376078191263
-0.737999999999999989	0.080784812820366883
-0.731999999999999762	0.0805022751708806966
-0.725999999999999979	0.0802028562825691238
-0.719999999999999751	0.0799019473725302576
-0.713999999999999968	0.0796798647378511998
-0.707999999999999741	0.0797061320772283199
-0.701999999999999957	0.0799209947270094478
-0.69599999999999973	0.0801514656358191524
-0.689999999999999947	0.0803701375265921392
-0.684000000000000163	0.0805324249239377093
-0.677999999999999936	0.0806544186512179878
-0.672000000000000153	0.080727758680665937
-0.665999999999999925	0.0807272987898113442
-0.660000000000000142	0.0807753234423296551
-0.653999999999999915	0.08084259187392831
-0.648000000000000131	0.0808162687195877055
-0.641999999999999904	0.0807685597139546629
-0.636000000000000121	0.0807525568998785498
-0.629999999999999893	0.0806406153913136053
-0.62400000000000011	0.0802932727805886065
-0.617999999999999883	0.079876069190718671
-0.612000000000000099	0.0797119799507102766
-0.605999999999999872	0.0795958878108021239
-0.600000000000000089	0.0793887075389712593
-0.593999999999999861	0.0791045949506735402
-0.588000000000000078	0.0786950856134819438
-0.581999999999999851	0.0782525633386058628
-0.576000000000000068	0.077773710594534376
-0.56999999999999984	0.0775229174827178763
-0.564000000000000057	0.0777859714865383328
-0.557999999999999829	0.0782659208184928873
-0.552000000000000046	0.078369536346331245
-0.545999999999999819	0.0783863894534433531
-0.540000000000000036	0.0786272086623659577
-0.533999999999999808	0.0787248144033896591
-0.528000000000000025	0.0786497215929512911
-0.521999999999999797	0.0784878050256386794
-0.516000000000000014	0.0784476791261245476
-0.509999999999999787	0.0781123071401470248
-0.504000000000000004	0.0776453548458452963
-0.497999999999999776	0.0774519157737353775
-0.491999999999999993	0.0769399735119994793
-0.485999999999999766	0.0764289188279169973
-0.479999999999999982	0.0766922617762989395
-0.473999999999999755	0.0771463188926894
-0.467999999999999972	0.0774166997520553818
-0.461999999999999744	0.0778781458955104811
-0.455999999999999961	0.0783052352057091727
-0.449999999999999734	0.0785061344940845562
-0.44399999999999995	0.0784560623111310446
-0.438000000000000167	0.0782506922455949855
-0.43199999999999994	0.0782126805186117574
-0.426000000000000156	0.078533321942632392
-0.419999999999999929	0.0790822205661582817
-0.414000000000000146	0.0802246869597570966
-0.407999999999999918	0.0808201747853895258
-0.402000000000000135	0.0807154022967758455
-0.395999999999999908	0.0807759973350188898
-0.390000000000000124	0.0806681030334511079
-0.383999999999999897	0.0800901370979625743
-0.378000000000000114	0.0797581611676314167
-0.371999999999999886	0.0806340805589233905
-0.366000000000000103	0.0815205504108550555
-0.359999999999999876	0.0809723224169886374
-0.354000000000000092	0.0808980451342788676
-0.347999999999999865	0.081318910691039234
-0.342000000000000082	0.0811020082646424084
-0.335999999999999854	0.0808042198700823916
-0.330000000000000071	0.0813537603755882938
-0.323999999999999844	0.0816859782762853759
-0.31800000000000006	0.082395599547525733
-0.311999999999999833	0.0830719884204968034
-0.30600000000000005	0.0834079340393473478
-0.299999999999999822	0.0847420733941381121
-0.294000000000000039	0.0858720758594569422
-0.287999999999999812	0.0859678922337755308
-0.282000000000000028	0.0876538551145629868
-0.275999999999999801	0.088909383508970416
-0.270000000000000018	0.0899212388129737444
-0.26399999999999979	0.0900127301790659834
-0.258000000000000007	0.0877301307707035738
-0.25199999999999978	0.0865406127789697804
-0.245999999999999996	0.0886922188570292147
-0.239999999999999769	0.0896548451124622031
-0.233999999999999986	0.0904328555598676032
-0.227999999999999758	0.0891944381306572776
-0.221999999999999975	0.0907660926236370791
-0.215999999999999748	0.0929734161806621134
-0.209999999999999964	0.0929146220334660239
-0.203999999999999737	0.095301900992195071
-0.197999999999999954	0.0968256625955996736
-0.191999999999999726	0.099110292880853712
-0.185999999999999943	0.102578519837901672
-0.18000000000000016	0.102490372398522628
-0.173999999999999932	0.103165687104954176
-0.168000000000000149	0.103463575010476455
-0.161999999999999922	0.103192923929407973
-0.156000000000000139	0.106567787838365721
-0.149999999999999911	0.109790957372704584
-0.144000000000000128	0.115457488322723151
-0.137999999999999901	0.114556447596603203
-0.132000000000000117	0.114303464345381828
-0.12599999999999989	0.114808363175270753
-0.120000000000000107	0.118690620615318598
-0.113999999999999879	0.125519358850309765
-0.108000000000000096	0.131767242664087375
-0.101999999999999869	0.132204625171757489
-0.0960000000000000853	0.138943672333287555
-0.0899999999999998579	0.147745124118693394
-0.0840000000000000746	0.157501104524770008
-0.0779999999999998472	0.163330334215129103
-0.0720000000000000639	0.173692377151543981
-0.0659999999999998366	0.189798076959277445
-0.0600000000000000533	0.215475581646820291
-0.0539999999999998259	0.230616626923942081
-0.0480000000000000426	0.255102010695874959
-0.0419999999999998153	0.291024729169645224
-0.036000000000000032	0.3518667321748703
-0.0299999999999998046	0.412262306722433414
-0.0240000000000000213	0.514169743542233326
-0.0179999999999997939	0.612949341515417911
-0.0120000000000000107	0.800353548732096187
-0.00599999999999978328	0.963646414560101139
0	1.06101194208056637
0.00600000000000022737	0.969807248635451535
0.0120000000000000107	0.803809200331814355
0.018000000000000238	0.640935287848070745
0.0240000000000000213	0.516515255812490359
0.0300000000000002487	0.402443259397736453
0.036000000000000032	0.344671539200018251
0.0420000000000002593	0.308507149570878936
0.0480000000000000426	0.254860928863656355
0.05400000000000027	0.237432691367398752
0.0600000000000000533	0.200545784089346757
0.0660000000000002807	0.189251918921121337
0.0720000000000000639	0.175942643043978247
0.0779999999999998472	0.166544469314825139
0.0840000000000000746	0.156628340092606622
0.0899999999999998579	0.147722564483260987
0.0960000000000000853	0.143333839956612363
0.101999999999999869	0.136594917184514331
0.108000000000000096	0.133881307575565739
0.113999999999999879	0.127214399717004795
0.120000000000000107	0.12282994121666134
0.12599999999999989	0.119306540053703822
0.132000000000000117	0.119914433328277101
0.137999999999999901	0.111678433504404095
0.144000000000000128	0.110095749217001951
0.149999999999999911	0.109915255560042099
0.156000000000000139	0.104651351113497423
0.161999999999999922	0.104324530138734828
0.168000000000000149	0.103490746377810333
0.173999999999999932	0.103755283157972208
0.18000000000000016	0.0996886429631498178
0.185999999999999943	0.0985692436537548428
0.192000000000000171	0.0964793966336695008
0.197999999999999954	0.0964992165105844762
0.204000000000000181	0.0943656042630596353
0.209999999999999964	0.0938997947901009378
0.216000000000000192	0.0928777592337911295
0.221999999999999975	0.0921202627024827747
0.228000000000000203	0.0914391549576934193
0.233999999999999986	0.0911451532233040623
0.240000000000000213	0.0897306209236731628
0.245999999999999996	0.0882563531373636162
0.252000000000000224	0.0893176131735344825
0.258000000000000007	0.0899435100528271358
0.264000000000000234	0.0883866126046931599
0.270000000000000018	0.0863851860787805542
0.276000000000000245	0.085407065848087646
0.282000000000000028	0.0858662102868360394
0.288000000000000256	0.0855685020686114267
0.294000000000000039	0.0856358833880532522
0.300000000000000266	0.0846078964297007907
0.30600000000000005	0.0841515016337941874
0.312000000000000277	0.0817845654148008777
0.31800000000000006	0.0811558362105126441
0.324000000000000288	0.0817084829952188646
0.330000000000000071	0.0821475028167859833
0.335999999999999854	0.0820807123865931465
0.342000000000000082	0.0816782080005743621
0.347999999999999865	0.0817043108324153611
0.354000000000000092	0.0811861345781046267
0.359999999999999876	0.0804023875756604972
0.366000000000000103	0.080974513219377986
0.371999999999999886	0.0809793037966542034
0.378000000000000114	0.0798336201180805949
0.383999999999999897	0.0792767877068409343
0.390000000000000124	0.0793373679592183217
0.395999999999999908	0.0798437349254644685
0.402000000000000135	0.0797610975283111062
0.407999999999999918	0.079388405593384212
0.414000000000000146	0.0794887082137027551
0.419999999999999929	0.079297455327100419
0.426000000000000156	0.0793118989834232652
0.43199999999999994	0.0791706794376923484
0.438000000000000167	0.0788978059253518105
0.44399999999999995	0.0789179798730821058
0.450000000000000178	0.0782691696995664321
0.455999999999999961	0.0778898897599855644
0.462000000000000188	0.077964335056002268
0.467999999999999972	0.0780060766680763101
0.474000000000000199	0.0781034724931755353
0.479999999999999982	0.0784410113684452931
0.48600000000000021	0.0788311673012252606
0.491999999999999993	0.0789655693525817687
0.49800000000000022	0.0787787674583826231
0.504000000000000004	0.0784283379846484469
0.510000000000000231	0.0778855524690499346
0.516000000000000014	0.0775924698276658775
0.522000000000000242	0.0777537640573539163
0.528000000000000025	0.0781335380268029095
0.534000000000000252	0.0784569012801900889
0.540000000000000036	0.078841306638510425
0.546000000000000263	0.0788376574113372058
0.552000000000000046	0.0785145212413970589
0.558000000000000274	0.0781269043584020273
0.564000000000000057	0.0779009855048033023
0.570000000000000284	0.0778012355930187277
0.576000000000000068	0.0778898310682360484
0.582000000000000295	0.0781312916499119076
0.588000000000000078	0.078326789325223925
0.593999999999999861	0.0784686345703563826
0.600000000000000089	0.0783624161155768162
0.605999999999999872	0.0781773200693482162
0.612000000000000099	0.0782081895861682086
0.617999999999999883	0.0784872342172286963
0.62400000000000011	0.0788272610791822953
0.629999999999999893	0.0789613864771936264
0.636000000000000121	0.0789841960628589329
0.641999999999999904	0.0791605487599631868
0.648000000000000131	0.079387660062587892
0.653999999999999915	0.0795594517806052504
0.660000000000000142	0.0797284429075728884
0.665999999999999925	0.07985495647733519
0.672000000000000153	0.0799899098905245826
0.677999999999999936	0.0802217571987496464
0.684000000000000163	0.0804074003578598567
0.689999999999999947	0.0805236180528533935
0.696000000000000174	0.080692653890816507
0.701999999999999957	0.0808090324679649058
0.708000000000000185	0.0807790424425127024
0.713999999999999968	0.0806332331981963468
0.720000000000000195	0.080562631810611296
0.725999999999999979	0.0807433568719701927
0.732000000000000206	0.081048522885682886
0.737999999999999989	0.0813308387134112354
0.744000000000000217	0.0814699793579020115
0.75	0.0814944042670049662
0.756000000000000227	0.0815745548923254155
0.762000000000000011	0.0817259389242482176
0.768000000000000238	0.0818708362099096337
0.774000000000000021	0.0819770083169653885
0.780000000000000249	0.08212981680413875
0.786000000000000032	0.0824486413189105122
0.792000000000000259	0.0828666839766037666
0.798000000000000043	0.0832319365946763562
0.80400000000000027	0.0835522291605030193
0.810000000000000053	0.0838910699531235371
0.816000000000000281	0.0842119324422348631
0.822000000000000064	0.0844174407566067181
0.828000000000000291	0.0844473876550371344
0.834000000000000075	0.0843338236520589368
0.839999999999999858	0.0841985480767010047
0.846000000000000085	0.0841329823763777851
0.851999999999999869	0.0841615138806526414
0.858000000000000096	0.0842571314808661098
0.863999999999999879	0.08440995818568027
0.870000000000000107	0.0846556650251978071
0.87599999999999989	0.0850096308585063243
0.882000000000000117	0.0854079879126644209
0.887999999999999901	0.0857147799344505357
0.894000000000000128	0.0858912597204779943
0.899999999999999911	0.0860377652634408685
0.906000000000000139	0.0862543680125675699
0.911999999999999922	0.0865208226207578035
0.918000000000000149	0.0867504922005870871
0.923999999999999932	0.086921383052956297
0.93000000000000016	0.0870952070560303132
0.935999999999999943	0.0873347590406458874
0.942000000000000171	0.0876102493958990092
0.947999999999999954	0.087882371993632552
0.954000000000000181	0.0881889699089393603
0.959999999999999964	0.0885695783487757127
0.966000000000000192	0.0889912334710803582
0.971999999999999975	0.0893846161553970425
0.978000000000000203	0.0897165401014244218
0.983999999999999986	0.0899840723999000974
0.990000000000000213	0.0901728695396121077
0.995999999999999996	0.090307311669764051
1.00199999999999978	0.0904649571417156934
1.00800000000000001	0.0907000919040694964
1.01400000000000023	0.0909811958627044226
1.02000000000000046	0.0912188914901614772
1.0259999999999998	0.0913634404937198469
1.03200000000000003	0.091473822647237038
1.03800000000000026	0.0916514975328176773
1.04400000000000048	0.0919370559279177185
1.04999999999999982	0.092338947833675758
1.05600000000000005	0.0928615989273710168
1.06200000000000028	0.0934403202988729059
1.0680000000000005	0.0939834189463723407
1.07399999999999984	0.0944674730382284028
1.08000000000000007	0.094902821009075003
1.0860000000000003	0.0952787834150951446
1.09200000000000053	0.0955911833948411976
1.09799999999999986	0.095863026409851157
1.10400000000000009	0.0961317807726264628
1.11000000000000032	0.096406446644132851
1.11599999999999966	0.0966760423746305664
1.12199999999999989	0.0969759858758358489
1.12800000000000011	0.0973542484929181273
1.13400000000000034	0.0977892114567312648
1.13999999999999968	0.0982155766451434376
1.14599999999999991	0.0986115106477941095
1.15200000000000014	0.0989960939727351497
1.15800000000000036	0.0993759772082698362
1.1639999999999997	0.0997390706627025864
1.16999999999999993	0.100070814861645166
1.17600000000000016	0.100365079490567541
1.18200000000000038	0.100623574034130955
1.18799999999999972	0.100865125320574039
1.19399999999999995	0.101125896402043447
1.20000000000000018	0.101422844725401723
1.20600000000000041	0.10175009692739416
1.21199999999999974	0.102110813004955794
1.21799999999999997	0.102519339754371164
1.2240000000000002	0.102989174726829363
1.23000000000000043	0.103518697190397815
1.23599999999999977	0.104090965827116175
1.24199999999999999	0.104698551592125225
1.24800000000000022	0.105336720665199779
1.25400000000000045	0.105970316832177863
1.25999999999999979	0.106548848985418665
1.26600000000000001	0.107049282632153242
1.27200000000000024	0.107475841864534474
1.27800000000000047	0.107835819347987985
1.28399999999999981	0.108142304929957161
1.29000000000000004	0.108428856261992029
1.29600000000000026	0.108744672258502539
1.30200000000000049	0.109132759234990218
1.30799999999999983	0.109603888105939767
1.31400000000000006	0.110126125668332131
1.32000000000000028	0.110647656188258406
1.32600000000000051	0.111139607701577839
1.33199999999999985	0.111606423092297263
1.33800000000000008	0.112060252440701863
1.34400000000000031	0.11251192297887605
1.35000000000000053	0.112969444747434908
1.35599999999999987	0.113427076640401539
1.3620000000000001	0.113877163185105351
1.36800000000000033	0.114328920154626978
1.37399999999999967	0.114795203498728418
1.37999999999999989	0.11526951418239062
1.38600000000000012	0.11572732800573185
1.39200000000000035	0.116150035682820299
1.39799999999999969	0.116543847090620989
1.40399999999999991	0.116932384858942015
1.41000000000000014	0.117336147448326711
1.41600000000000037	0.117768680195181552
1.42199999999999971	0.118244907821084724
1.42799999999999994	0.118775723571964267
1.43400000000000016	0.119352780828656066
1.44000000000000039	0.119953343416207434
1.44599999999999973	0.120568072447518271
1.45199999999999996	0.121208825123982247
1.45800000000000018	0.121887057120159015
1.46400000000000041	0.122598494746855774
1.46999999999999975	0.123322661203046552
1.47599999999999998	0.124027769733243684
1.48200000000000021	0.124686209716973348
1.48800000000000043	0.125296138387889583
1.49399999999999977	0.125885250338828636
1.5	0.126494318539644046
1.50600000000000023	0.127157836203251606
1.51200000000000045	0.127891033585467551
1.51799999999999979	0.128683998345308664
1.52400000000000002	0.129502312746526405
1.53000000000000025	0.130300403701084921
1.53600000000000048	0.131047040348799215
1.54199999999999982	0.13174178368178735
1.54800000000000004	0.132402571635560018
1.55400000000000027	0.1330352412256392
1.5600000000000005	0.133619443487380446
1.56599999999999984	0.134127922381904519
1.57200000000000006	0.134560350029924697
1.57800000000000029	0.134958613209625988
1.58400000000000052	0.135387839788731229
1.58999999999999986	0.135900335850865056
1.59600000000000009	0.136513364799279779
1.60200000000000031	0.137211218196352069
1.60800000000000054	0.13795813808270338
1.61399999999999988	0.13871033601947752
1.62000000000000011	0.139427832176538841
1.62600000000000033	0.140087755810193254
1.63199999999999967	0.14069223527206226
1.6379999999999999	0.141262318640849677
1.64400000000000013	0.141821049572475294
1.65000000000000036	0.142380476283711949
1.65599999999999969	0.142942718015984543
1.66199999999999992	0.14350819244419627
1.66800000000000015	0.144079424656552213
1.67400000000000038	0.144659304810308281
1.67999999999999972	0.145249508669003768
1.68599999999999994	0.145853003790893304
1.69200000000000017	0.146477546389479157
1.6980000000000004	0.147134683187747806
1.70399999999999974	0.147834981369316304
1.70999999999999996	0.148582587127210619
1.71600000000000019	0.149370609788106096
1.72200000000000042	0.150183922582905083
1.72799999999999976	0.151012945941382537
1.73399999999999999	0.151863412313511109
1.74000000000000021	0.152746881612435936
1.74600000000000044	0.153663222975919556
1.75199999999999978	0.154596986451978974
1.75800000000000001	0.155529267151183231
1.76400000000000023	0.156448682795994165
1.77000000000000046	0.157351930546849372
1.7759999999999998	0.158238528253515892
1.78200000000000003	0.159107069585831401
1.78800000000000026	0.159954959212093517
1.79400000000000048	0.160779192653238256
1.79999999999999982	0.161577769339007637
1.80600000000000005	0.162353255757889781
1.81200000000000028	0.163115106922891523
1.8180000000000005	0.163875610167322938
1.82399999999999984	0.164641756252427024
1.83000000000000007	0.165411286257581863
1.8360000000000003	0.16617580408533611
1.84200000000000053	0.166925104458966578
1.84799999999999986	0.167648991870771563
1.85400000000000009	0.16833914959824009
1.86000000000000032	0.168991863206654019
1.86599999999999966	0.169609830710098719
1.87199999999999989	0.170202627012793206
1.87800000000000011	0.170784956710456959
1.88400000000000034	0.17137175468175983
1.88999999999999968	0.171972642872063541
1.89599999999999991	0.172589585084585884
1.90200000000000014	0.173218554202496405
1.90800000000000036	0.173852625467340538
1.9139999999999997	0.174483841370438791
1.91999999999999993	0.175104639100605725
1.92600000000000016	0.175710511902029409
1.93200000000000038	0.176302208460006465
1.93799999999999972	0.176884390303111483
1.94399999999999995	0.177460707310529264
1.95000000000000018	0.178029720549725434
1.95600000000000041	0.178586651101993982
1.96199999999999974	0.179129478663981934
1.96799999999999997	0.17966150496068653
1.9740000000000002	0.18018601920963595
1.98000000000000043	0.180698648844199561
1.98599999999999977	0.18118674251113609
1.99199999999999999	0.181638028302980897
1.99800000000000022	0.182050504581004441
2.00400000000000045	0.182433900772645707
2.00999999999999979	0.182802503046352954
2.01600000000000001	0.183167983320181388
2.02200000000000024	0.183538597603422504
2.02800000000000047	0.183922478585346882
2.03399999999999981	0.184329361911457934
2.04000000000000004	0.184768698753368626
2.04600000000000026	0.185245760708087681
2.05200000000000049	0.185758050743042691
2.05799999999999983	0.186293765788235144
2.06400000000000006	0.186832821765154367
2.07000000000000028	0.187349840784345689
2.07600000000000051	0.187818429789081531
2.08199999999999985	0.188215823869314375
2.08800000000000008	0.188526694370355019
2.09400000000000031	0.188745529436939091
2.10000000000000053	0.188877054247053616
2.10599999999999987	0.188934055433934156
2.1120000000000001	0.18893328019206157
2.11800000000000033	0.18889166080870054
2.12399999999999967	0.188825108832650246
2.12999999999999989	0.188749579407105295
2.13600000000000012	0.188681241312896902
2.14200000000000035	0.188633753058988912
2.14799999999999969	0.188614665924758895
2.15399999999999991	0.188624509458631351
2.16000000000000014	0.188659630774140885
2.16600000000000037	0.188716299890312439
2.17199999999999971	0.188792705811434064
2.17799999999999994	0.188888063193436345
2.18400000000000016	0.189000963225938179
2.19000000000000039	0.189129184903834041
2.19599999999999973	0.189270925793531053
2.20199999999999996	0.189425620015695045
2.20800000000000018	0.189593073053879457
2.21400000000000041	0.189771683317816159
2.21999999999999975	0.189957396083682062
2.22599999999999998	0.190143955179739393
2.23200000000000021	0.190323872844193415
2.23800000000000043	0.190489564952562779
2.24399999999999977	0.190634620750090938
2.25	0.190755288068420598
2.25600000000000023	0.190851750139348741
2.26200000000000045	0.190928239447098386
2.26799999999999979	0.190991365189452561
2.27400000000000002	0.191047011813000184
2.28000000000000025	0.191096852112258242
2.28600000000000048	0.191135715192373712
2.29199999999999982	0.191150866265825142
2.29800000000000004	0.191123740856083246
2.30400000000000027	0.191034110744058905
2.3100000000000005	0.19086582284430581
2.31599999999999984	0.190611861730838966
2.32200000000000006	0.19027584513673218
2.32800000000000029	0.189868872603945332
2.33400000000000052	0.189403888259800257
2.33999999999999986	0.188891194530515921
2.34600000000000009	0.188337142221143561
2.35200000000000031	0.18774529433052034
2.35800000000000054	0.187118113522101087
2.36399999999999988	0.186457922809953075
2.37000000000000011	0.185766974637630755
2.37600000000000033	0.185046817782284129
2.38199999999999967	0.184297296455631671
2.3879999999999999	0.183515968111883809
2.39400000000000013	0.182698877083987132
2.40000000000000036	0.18184288301223292
2.40599999999999969	0.180948582344647196
2.41199999999999992	0.180022224057344082
2.41800000000000015	0.179075331043212743
2.42400000000000038	0.178121807316183128
2.42999999999999972	0.17717371950678118
2.43599999999999994	0.176237915271966444
2.44200000000000017	0.175315157264966631
2.4480000000000004	0.174401569893769065
2.45399999999999974	0.173490717455203669
2.45999999999999996	0.172575030611350544
2.46600000000000019	0.171646719646713186
2.47200000000000042	0.170698958355365082
2.47799999999999976	0.169727555195993141
2.48399999999999999	0.168732408258498556
2.49000000000000021	0.16771775529771954
2.49600000000000044	0.166690950148958239
2.50199999999999978	0.165660560894859837
2.50800000000000001	0.164634913657907084
2.51400000000000023	0.163621621707775694
2.52000000000000046	0.16262787428251993
2.5259999999999998	0.161660823465306663
2.53200000000000003	0.1607273767025513
2.53800000000000026	0.159833111669581723
2.54400000000000048	0.158980654538421168
2.54999999999999982	0.158168191754096188
2.55600000000000005	0.15738866119308681
2.56200000000000028	0.156629959064026186
2.5680000000000005	0.155876410548087346
2.57399999999999984	0.155111468027929467
2.58000000000000007	0.154320941272928253
2.5860000000000003	0.153495532428030629
2.59200000000000053	0.152631680852893498
2.59799999999999986	0.151730656069593212
2.60400000000000009	0.150796721625589603
2.61000000000000032	0.149835372089032137
2.61600000000000055	0.148852178244211875
2.62199999999999989	0.147852245378927133
2.62800000000000011	0.146840103903855795
2.63400000000000034	0.145819905540698042
2.63999999999999968	0.144795809307851187
2.64599999999999991	0.143772333789831286
2.65200000000000014	0.142754365831535668
2.65800000000000036	0.14174664606334525
2.6639999999999997	0.140752927489774526
2.66999999999999993	0.139775320968105743
2.67600000000000016	0.138814238032402476
2.68200000000000038	0.137868900042793396
2.68799999999999972	0.136938055893351368
2.69399999999999995	0.136020567915341006
2.70000000000000018	0.13511569877115806
2.70600000000000041	0.134223038809352574
2.71199999999999974	0.133342078962841032
2.71799999999999997	0.132471580799517624
2.7240000000000002	0.131609083419399669
2.73000000000000043	0.130750914605702789
2.73599999999999977	0.129892824801111334
2.74199999999999999	0.129030985957719835
2.74800000000000022	0.128162883572063319
2.75400000000000045	0.127287726682748931
2.75999999999999979	0.126406277425715169
2.76600000000000001	0.125520213258966729
2.77200000000000024	0.124631200148207583
2.77800000000000047	0.123739898720232985
2.78399999999999981	0.1228452246720865
2.79000000000000004	0.121944215459872746
2.79600000000000026	0.121032672587336049
2.80200000000000049	0.120106402489515193
2.80799999999999983	0.11916257653220011
2.81400000000000006	0.118200665848808256
2.82000000000000028	0.117222633330681628
2.82600000000000051	0.116232444565100082
2.83199999999999985	0.115235235520727938
2.83800000000000008	0.114236488005370104
2.84400000000000031	0.113241394688504651
2.85000000000000053	0.112254438999602538
2.85599999999999987	0.111279159601098951
2.8620000000000001	0.110318066246997942
2.86800000000000033	0.109372670325135923
2.87400000000000055	0.108443590010925017
2.87999999999999989	0.10753069327143408
2.88600000000000012	0.106633241757943739
2.89200000000000035	0.105750000206554534
2.89799999999999969	0.10487930373835902
2.90399999999999991	0.104019124599141297
2.91000000000000014	0.103167198412987798
2.91600000000000037	0.102321223432212421
2.92199999999999971	0.101479075374244207
2.92799999999999994	0.100638957760500081
2.93400000000000016	0.0997994548841961981
2.94000000000000039	0.0989595265022970155
2.94599999999999973	0.0981185178147739451
2.95199999999999996	0.0972762297965116679
2.95800000000000018	0.096433029773317136
2.96400000000000041	0.0955899305380366465
2.96999999999999975	0.094748562176997092
2.97599999999999998	0.0939110028223172633
2.98200000000000021	0.0930794980370053815
2.98800000000000043	0.0922561545740575306
2.99399999999999977	0.091442713916648044
3	0.0906404737857049309
