-3	0.0105052767717445615
-2.99400000000000022	0.0105470053195237598
-2.98799999999999999	0.0105889821514450928
-2.98200000000000021	0.0106312092343989785
-2.97599999999999998	0.0106736885547237034
-2.9700000000000002	0.0107164221184356569
-2.96399999999999997	0.0107594119514629015
-2.95800000000000018	0.0108026600998820509
-2.95199999999999996	0.0108461686301582951
-2.94600000000000017	0.0108899396293887091
-2.93999999999999995	0.010933975205549229
-2.93400000000000016	0.0109782774877447645
-2.92799999999999994	0.0110228486264628261
-2.92200000000000015	0.0110676907938309973
-2.91599999999999993	0.0111128061838777145
-2.91000000000000014	0.0111581970127966178
-2.90399999999999991	0.0112038655192151781
-2.89800000000000013	0.0112498139644664433
-2.8919999999999999	0.0112960446328648923
-2.88600000000000012	0.0113425598319864488
-2.87999999999999989	0.0113893618929520567
-2.87400000000000011	0.0114364531707153386
-2.86799999999999988	0.011483836044354729
-2.8620000000000001	0.0115315129173693427
-2.85599999999999987	0.0115794862179790688
-2.85000000000000009	0.0116277583994294394
-2.84399999999999986	0.0116763319403004728
-2.83800000000000008	0.0117252093448197633
-2.83199999999999985	0.011774393143180923
-2.82600000000000007	0.0118238858918663006
-2.81999999999999984	0.0118736901739732812
-2.81400000000000006	0.0119238085995474214
-2.80799999999999983	0.0119742438059184421
-2.80200000000000005	0.0120249984580417107
-2.79599999999999982	0.0120760752488435
-2.79000000000000004	0.0121274768995744565
-2.78399999999999981	0.0121792061601651274
-2.77800000000000002	0.0122312658095876988
-2.7719999999999998	0.0122836586562249262
-2.76600000000000001	0.0123363875382422675
-2.75999999999999979	0.0123894553239653031
-2.754	0.0124428649122651259
-2.74800000000000022	0.012496619232946829
-2.74199999999999999	0.0125507212471448106
-2.73599999999999977	0.0126051739477244917
-2.72999999999999998	0.0126599803596883793
-2.7240000000000002	0.0127151435405915419
-2.71799999999999997	0.0127706665809585417
-2.71199999999999974	0.0128265526047097941
-2.70599999999999996	0.0128828047695957338
-2.70000000000000018	0.0129394262676323472
-2.69399999999999995	0.012996420325547783
-2.68800000000000017	0.0130537902052355655
-2.68199999999999994	0.0131115392042109938
-2.67600000000000016	0.0131696706560784933
-2.66999999999999993	0.0132281879310048138
-2.66400000000000015	0.0132870944361976467
-2.65799999999999992	0.0133463936163942479
-2.65200000000000014	0.0134060889543562937
-2.64599999999999991	0.0134661839713716598
-2.64000000000000012	0.0135266822277651903
-2.6339999999999999	0.0135875873234168297
-2.62800000000000011	0.0136489028982873465
-2.62199999999999989	0.0137106326329528259
-2.6160000000000001	0.0137727802491471648
-2.60999999999999988	0.0138353495103129276
-2.60400000000000009	0.0138983442221609441
-2.59799999999999986	0.0139617682332384748
-2.59200000000000008	0.0140256254355065543
-2.58599999999999985	0.0140899197649261235
-2.58000000000000007	0.0141546552020531107
-2.57399999999999984	0.0142198357726437789
-2.56800000000000006	0.0142854655482688633
-2.56199999999999983	0.0143515486469370165
-2.55600000000000005	0.0144180892337299176
-2.54999999999999982	0.0144850915214454218
-2.54400000000000004	0.0145525597712515952
-2.53799999999999981	0.014620498293352293
-2.53200000000000003	0.0146889114476622656
-2.5259999999999998	0.0147578036444919996
-2.52000000000000002	0.014827179345246938
-2.51400000000000023	0.0148970430631344252
-2.50800000000000001	0.0149673993638834834
-2.50199999999999978	0.0150382528664770448
-2.496	0.0151096082438944186
-2.49000000000000021	0.0151814702238674409
-2.48399999999999999	0.0152538435896474138
-2.47799999999999976	0.0153267331807852326
-2.47199999999999998	0.0154001438939256469
-2.46600000000000019	0.0154740806836113458
-2.45999999999999996	0.0155485485631024108
-2.45399999999999974	0.0156235526052105628
-2.44799999999999995	0.0156990979431431386
-2.44200000000000017	0.0157751897713646512
-2.43599999999999994	0.0158518333464715833
-2.42999999999999972	0.015929033988080897
-2.42399999999999993	0.0160067970797338061
-2.41800000000000015	0.0160851280698150294
-2.41199999999999992	0.0161640324724877694
-2.40600000000000014	0.0162435158686422762
-2.39999999999999991	0.0163235839068623032
-2.39400000000000013	0.0164042423044084076
-2.3879999999999999	0.0164854968482149068
-2.38200000000000012	0.0165673533959062418
-2.37599999999999989	0.0166498178768308761
-2.37000000000000011	0.0167328962931098113
-2.36399999999999988	0.0168165947207055688
-2.3580000000000001	0.0169009193105102012
-2.35199999999999987	0.0169858762894478967
-2.34600000000000009	0.0170714719615997039
-2.33999999999999986	0.0171577127093494042
-2.33400000000000007	0.0172446049945424382
-2.32799999999999985	0.0173321553596709164
-2.32200000000000006	0.0174203704290798733
-2.31599999999999984	0.0175092569101865554
-2.31000000000000005	0.0175988215947286523
-2.30399999999999983	0.0176890713600349955
-2.29800000000000004	0.0177800131703089968
-2.29199999999999982	0.0178716540779452725
-2.28600000000000003	0.0179640012248640894
-2.28000000000000025	0.0180570618438689635
-2.27400000000000002	0.0181508432600316662
-2.26799999999999979	0.0182453528920936622
-2.26200000000000001	0.0183405982539053894
-2.25600000000000023	0.0184365869558805878
-2.25	0.0185333267064754399
-2.24399999999999977	0.0186308253137069738
-2.23799999999999999	0.01872909068668515
-2.23200000000000021	0.0188281308371751437
-2.22599999999999998	0.0189279538811956659
-2.21999999999999975	0.0190285680406368299
-2.21399999999999997	0.0191299816449097271
-2.20800000000000018	0.0192322031326301254
-2.20199999999999996	0.0193352410533276994
-2.19599999999999973	0.019439104069187297
-2.18999999999999995	0.0195438009568249665
-2.18400000000000016	0.0196493406090930689
-2.17799999999999994	0.019755732036919639
-2.17199999999999971	0.0198629843711823767
-2.16599999999999993	0.0199711068646161276
-2.16000000000000014	0.0200801088937555793
-2.15399999999999991	0.0201899999609151809
-2.14800000000000013	0.0203007896962043195
-2.1419999999999999	0.0204124878595807052
-2.13600000000000012	0.0205251043429422637
-2.12999999999999989	0.0206386491722573527
-2.12400000000000011	0.0207531325097353239
-2.11799999999999988	0.0208685646560380217
-2.1120000000000001	0.0209849560525330048
-2.10599999999999987	0.0211023172835891476
-2.10000000000000009	0.0212206590789160154
-2.09399999999999986	0.0213399923159472669
-2.08800000000000008	0.0214603280222696036
-2.08199999999999985	0.0215816773780980672
-2.07600000000000007	0.0217040517187985574
-2.06999999999999984	0.0218274625374590345
-2.06400000000000006	0.0219519214875097367
-2.05799999999999983	0.0220774403853942897
-2.05200000000000005	0.0222040312132922961
-2.04599999999999982	0.022331706121894581
-2.04000000000000004	0.0224604774332325501
-2.03399999999999981	0.0225903576435626773
-2.02800000000000002	0.0227213594263069411
-2.02200000000000024	0.0228534956350513602
-2.01600000000000001	0.0229867793066031618
-2.00999999999999979	0.0231212236641079039
-2.004	0.0232568421202283791
-1.998	0.0233936482803866544
-1.99199999999999999	0.0235316559460696621
-1.98599999999999999	0.0236708791182011144
-1.97999999999999998	0.0238113320005809842
-1.97399999999999998	0.0239530290033927035
-1.96799999999999997	0.0240959847467814223
-1.96199999999999997	0.0242402140645046303
-1.95599999999999996	0.0243857320076548457
-1.94999999999999996	0.0245325538484590204
-1.94399999999999995	0.0246806950841547829
-1.93799999999999994	0.0248301714409439288
-1.93199999999999994	0.0249809988780281093
-1.92599999999999993	0.0251331935917273458
-1.91999999999999993	0.0252867720196800899
-1.91399999999999992	0.0254417508451321821
-1.90799999999999992	0.0255981470013148735
-1.90199999999999991	0.0257559776759087519
-1.89599999999999991	0.0259152603156042501
-1.8899999999999999	0.0260760126307581809
-1.8839999999999999	0.0262382526001401599
-1.87799999999999989	0.0264019984757840435
-1.87199999999999989	0.0265672687879440796
-1.86599999999999988	0.0267340823501418072
-1.85999999999999988	0.0269024582643376739
-1.85399999999999987	0.0270724159261920179
-1.84799999999999986	0.0272439750304524081
-1.84200000000000008	0.0274171555764484015
-1.83600000000000008	0.0275919778737043694
-1.83000000000000007	0.0277684625476777337
-1.82400000000000007	0.0279466305456072296
-1.81800000000000006	0.0281265031425058792
-1.81200000000000006	0.0283081019472637731
-1.80600000000000005	0.0284914489088842378
-1.80000000000000004	0.0286765663228727846
-1.79400000000000004	0.02886347683774464
-1.78800000000000003	0.0290522034616818407
-1.78200000000000003	0.0292427695693401775
-1.77600000000000002	0.0294351989087974913
-1.77000000000000002	0.0296295156086582162
-1.76400000000000001	0.0298257441853139044
-1.75800000000000001	0.030023909550363128
-1.752	0.0302240370181966894
-1.746	0.030426152313749677
-1.73999999999999999	0.0306302815804276388
-1.73399999999999999	0.0308364513882079389
-1.72799999999999998	0.0310446887419249563
-1.72199999999999998	0.0312550210897386341
-1.71599999999999997	0.0314674763317951411
-1.70999999999999996	0.0316820828290832815
-1.70399999999999996	0.0318988694124895181
-1.69799999999999995	0.0321178653920614135
-1.69199999999999995	0.0323391005664796852
-1.68599999999999994	0.032562605232748093
-1.67999999999999994	0.032788410196104345
-1.67399999999999993	0.0330165467801595974
-1.66799999999999993	0.0332470468372703457
-1.66199999999999992	0.0334799427591505605
-1.65599999999999992	0.0337152674877312444
-1.64999999999999991	0.0339530545262690456
-1.64399999999999991	0.0341933379507161558
-1.6379999999999999	0.0344361524213584111
-1.6319999999999999	0.0346815331947188873
-1.62599999999999989	0.0349295161357494471
-1.61999999999999988	0.0351801377303047128
-1.61399999999999988	0.0354334350979141205
-1.60799999999999987	0.0356894460048562956
-1.60199999999999987	0.0359482088775408895
-1.59599999999999986	0.0362097628162170726
-1.59000000000000008	0.036474147609003138
-1.58400000000000007	0.0367414037462560419
-1.57800000000000007	0.0370115724352883396
-1.57200000000000006	0.0372846956154380127
-1.56600000000000006	0.0375608159735040317
-1.56000000000000005	0.0378399769595580138
-1.55400000000000005	0.0381222228031387264
-1.54800000000000004	0.038407598529846175
-1.54200000000000004	0.0386961499783418997
-1.53600000000000003	0.03898792381776265
-1.53000000000000003	0.0392829675655711266
-1.52400000000000002	0.0395813296058419792
-1.51800000000000002	0.0398830592080019058
-1.51200000000000001	0.0401882065460415494
-1.50600000000000001	0.0404968227182013821
-1.5	0.0408089597671524723
-1.49399999999999999	0.041124670700685817
-1.48799999999999999	0.0414440095129206959
-1.48199999999999998	0.0417670312060496873
-1.47599999999999998	0.0420937918126351937
-1.46999999999999997	0.0424243484184726946
-1.46399999999999997	0.0427587591860364782
-1.45799999999999996	0.0430970833785256704
-1.45199999999999996	0.0434393813845278809
-1.44599999999999995	0.0437857147433150934
-1.43999999999999995	0.04413614617079515
-1.43399999999999994	0.0444907395861324009
-1.42799999999999994	0.0448495601390641319
-1.42199999999999993	0.0452126742379249172
-1.41599999999999993	0.0455801495784044636
-1.40999999999999992	0.0459520551730594681
-1.40399999999999991	0.0463284613815997531
-1.39799999999999991	0.0467094399419762316
-1.3919999999999999	0.0470950640022884046
-1.3859999999999999	0.0474854081535396877
-1.37999999999999989	0.0478805484632646924
-1.37399999999999989	0.0482805625100535402
-1.36799999999999988	0.0486855294190008878
-1.36199999999999988	0.0490955298981070598
-1.35599999999999987	0.0495106462756611659
-1.34999999999999987	0.0499309625386317388
-1.34399999999999986	0.0503565643721010855
-1.33799999999999986	0.0507875391997702
-1.33200000000000007	0.0512239762255679784
-1.32600000000000007	0.0516659664764001769
-1.32000000000000006	0.0521136028460687586
-1.31400000000000006	0.0525669801404038059
-1.30800000000000005	0.0530261951236387502
-1.30200000000000005	0.0534913465660710394
-1.29600000000000004	0.053962535293044421
-1.29000000000000004	0.0544398642352982298
-1.28400000000000003	0.0549234384807215509
-1.27800000000000002	0.0554133653275591526
-1.27200000000000002	0.0559097543391133683
-1.26600000000000001	0.0564127173999882589
-1.26000000000000001	0.0569223687739230308
-1.254	0.0574388251632670446
-1.248	0.0579622057701444024
-1.24199999999999999	0.0584926323593674274
-1.23599999999999999	0.0590302293231481506
-1.22999999999999998	0.0595751237476698225
-1.22399999999999998	0.0601274454815707987
-1.21799999999999997	0.0606873272064092292
-1.21199999999999997	0.0612549045091652575
-1.20599999999999996	0.0618303159568510466
-1.19999999999999996	0.062413703173290265
-1.19399999999999995	0.0630052109181446496
-1.18799999999999994	0.0636049871682519696
-1.18199999999999994	0.0642131832013546205
-1.17599999999999993	0.064829953682294425
-1.16999999999999993	0.065455456751752697
-1.16399999999999992	0.0660898541176195981
-1.15799999999999992	0.0667333111490795716
-1.15199999999999991	0.0673859969734967312
-1.14599999999999991	0.0680480845761955028
-1.1399999999999999	0.0687197509032286685
-1.1339999999999999	0.0694011769672321088
-1.12799999999999989	0.0700925479564670079
-1.12199999999999989	0.0707940533471548977
-1.11599999999999988	0.0715058870192105955
-1.10999999999999988	0.0722282473754885385
-1.10399999999999987	0.0729613374646543716
-1.09799999999999986	0.0737053651078102695
-1.09199999999999986	0.0744605430289944498
-1.08599999999999985	0.0752270889896713563
-1.08000000000000007	0.0760052259273547581
-1.07400000000000007	0.0767951820985088712
-1.06800000000000006	0.0775971912258503899
-1.06200000000000006	0.0784114926502223891
-1.05600000000000005	0.079238331487160904
-1.05000000000000004	0.080077958788344894
-1.04400000000000004	0.0809306317080720622
-1.03800000000000003	0.0817966136749109785
-1.03200000000000003	0.0826761745687608351
-1.02600000000000002	0.0835695909034171458
-1.02000000000000002	0.084477146014866486
-1.01400000000000001	0.085399130255530642
-1.00800000000000001	0.0863358411947168364
-1.002	0.087287583825254228
-0.995999999999999996	0.0882546707767214861
-0.989999999999999769	0.0892374225354077705
-0.983999999999999986	0.0902361676712867405
-0.977999999999999758	0.0912512430721918039
-0.971999999999999975	0.092282994185418632
-0.965999999999999748	0.0933317752670707601
-0.959999999999999964	0.0943979496393310136
-0.953999999999999737	0.0954818899559074369
-0.947999999999999954	0.0965839784760052222
-0.942000000000000171	0.0977046073470460991
-0.935999999999999943	0.0988441788964410234
-0.93000000000000016	0.100003105932701342
-0.923999999999999932	0.101181812056186302
-0.918000000000000149	0.102380731979817535
-0.911999999999999922	0.103600311860067795
-0.906000000000000139	0.104841009638558483
-0.899999999999999911	0.10610329539460224
-0.894000000000000128	0.107387651709038578
-0.887999999999999901	0.108694574039702091
-0.882000000000000117	0.110024571108911909
-0.87599999999999989	0.111378165303354884
-0.870000000000000107	0.11275589308670611
-0.863999999999999879	0.114158305425411277
-0.858000000000000096	0.115585968228024874
-0.851999999999999869	0.11703946279848762
-0.846000000000000085	0.118519386303775121
-0.839999999999999858	0.120026352256318733
-0.834000000000000075	0.12156099101162271
-0.827999999999999847	0.123123950281504968
-0.822000000000000064	0.124715895663400592
-0.815999999999999837	0.126337511186175089
-0.810000000000000053	0.127989499872855933
-0.803999999999999826	0.129672584320732809
-0.798000000000000043	0.131387507299267403
-0.791999999999999815	0.133135032366239053
-0.786000000000000032	0.134915944502566498
-0.779999999999999805	0.13673105076623629
-0.774000000000000021	0.138581180965723638
-0.767999999999999794	0.140467188353360722
-0.762000000000000011	0.142389950338985549
-0.755999999999999783	0.144350369224268082
-0.75	0.146349372958098495
-0.743999999999999773	0.148387915913268387
-0.737999999999999989	0.150466979684907076
-0.731999999999999762	0.15258757391077396
-0.725999999999999979	0.154750737113637044
-0.719999999999999751	0.156957537565973082
-0.713999999999999968	0.159209074177128374
-0.707999999999999741	0.161506477402900861
-0.701999999999999957	0.163850910177610415
-0.69599999999999973	0.166243568868476604
-0.689999999999999947	0.168685684252165707
-0.684000000000000163	0.171178522513249137
-0.677999999999999936	0.173723386264023144
-0.672000000000000153	0.17632161558532089
-0.665999999999999925	0.178974589087505409
-0.660000000000000142	0.181683724990839679
-0.653999999999999915	0.184450482224239737
-0.648000000000000131	0.18727636154104374
-0.641999999999999904	0.190162906650537172
-0.636000000000000121	0.193111705363294944
-0.629999999999999893	0.196124390748374566
-0.62400000000000011	0.199202642300423283
-0.617999999999999883	0.202348187112992739
-0.612000000000000099	0.205562801057344396
-0.605999999999999872	0.208848309963420825
-0.600000000000000089	0.212206590788532823
-0.593999999999999861	0.215639572787759026
-0.588000000000000078	0.219149238670237639
-0.581999999999999851	0.222737625733915839
-0.576000000000000068	0.226406826977222086
-0.56999999999999984	0.230158992179175875
-0.564000000000000057	0.23399632894011832
-0.557999999999999829	0.23792110367442143
-0.552000000000000046	0.241935642545355156
-0.545999999999999819	0.246042332331585539
-0.540000000000000036	0.250243621213811052
-0.533999999999999808	0.254542019466990288
-0.528000000000000025	0.258940100045410626
-0.521999999999999797	0.263440499043117671
-0.516000000000000014	0.268045916013039009
-0.509999999999999787	0.272759114124930147
-0.504000000000000004	0.27758292014072955
-0.497999999999999776	0.282520224184132418
-0.491999999999999993	0.287573979278494818
-0.485999999999999766	0.292747200625184001
-0.479999999999999982	0.298042964591558157
-0.473999999999999755	0.303464407375009126
-0.467999999999999972	0.309014723306724359
-0.461999999999999744	0.314697162755375237
-0.455999999999999961	0.320515029587389089
-0.449999999999999734	0.326471678137256305
-0.44399999999999995	0.332570509637049538
-0.438000000000000167	0.338814968050131948
-0.43199999999999994	0.345208535250198678
-0.426000000000000156	0.351754725482569697
-0.419999999999999929	0.358457079035919557
-0.414000000000000146	0.365319155056779366
-0.407999999999999918	0.372344523423070728
-0.402000000000000135	0.379536755596650399
-0.395999999999999908	0.386899414361887573
-0.390000000000000124	0.394436042359048833
-0.383999999999999897	0.402150149312418936
-0.378000000000000114	0.410045197845832265
-0.371999999999999886	0.418124587778177126
-0.366000000000000103	0.426391638782324667
-0.359999999999999876	0.434849571289336989
-0.354000000000000092	0.44350148551494134
-0.347999999999999865	0.452350338483068382
-0.342000000000000082	0.46139891891889051
-0.335999999999999854	0.470649819883744491
-0.330000000000000071	0.4801054090253013
-0.323999999999999844	0.489767796319141746
-0.31800000000000006	0.499638799183209525
-0.311999999999999833	0.509719904854811667
-0.30600000000000005	0.520012229928390246
-0.299999999999999822	0.530516476973720841
-0.294000000000000039	0.541232888158611036
-0.287999999999999812	0.552161195850103259
-0.282000000000000028	0.563300570155932379
-0.275999999999999801	0.574649563445497003
-0.270000000000000018	0.586206051904336389
-0.26399999999999979	0.597967174225535469
-0.258000000000000007	0.609929267616505233
-0.25199999999999978	0.622087801329460066
-0.245999999999999996	0.63443730802989251
-0.239999999999999769	0.646971313376927815
-0.233999999999999986	0.659682264328967705
-0.227999999999999758	0.672561456609328867
-0.221999999999999975	0.685598962229914566
-0.215999999999999748	0.698783557656957988
-0.209999999999999964	0.712102653655372064
-0.203999999999999737	0.725542227808014917
-0.197999999999999954	0.739086760894157813
-0.191999999999999726	0.752719178453747806
-0.185999999999999943	0.766420798864805963
-0.18000000000000016	0.780171289666877987
-0.173999999999999932	0.793948633602670761
-0.168000000000000149	0.807729106235699046
-0.161999999999999922	0.82148726691248164
-0.156000000000000139	0.835195965007560548
-0.149999999999999911	0.848826363156625852
-0.144000000000000128	0.862347979474907045
-0.137999999999999901	0.875728750368141018
-0.132000000000000117	0.888935115571530821
-0.12599999999999989	0.901932126781490262
-0.120000000000000107	0.91468358098773106
-0.113999999999999879	0.927152179261488074
-0.108000000000000096	0.939299711354368627
-0.101999999999999869	0.9510872659970111
-0.0960000000000000853	0.962475466206533126
-0.0899999999999998579	0.97342472839079075
-0.0840000000000000746	0.983895543347079293
-0.0779999999999998472	0.993848776645468335
-0.0720000000000000639	1.00324598519795005
-0.0659999999999998366	1.01204974625377253
-0.0600000000000000533	1.02022399416458409
-0.0539999999999998259	1.02773436064654633
-0.0480000000000000426	1.03454851203198617
-0.0419999999999998153	1.04063647896118372
-0.036000000000000032	1.04597097194951916
-0.0299999999999998046	1.05052767717238571
-0.0240000000000000213	1.05428552657610197
-0.0179999999999997939	1.05722693696048964
-0.0120000000000000107	1.05933801312091291
-0.00599999999999978328	1.06060871045679961
0	1.06103295394596908
0.00600000000000022737	1.06060871052274774
0.0120000000000000107	1.0593380131272816
0.018000000000000238	1.05722693697434145
0.0240000000000000213	1.05428552657599695
0.0300000000000002487	1.0505276771747718
0.036000000000000032	1.04597097194863031
0.0420000000000002593	1.04063647895785349
0.0480000000000000426	1.03454851203764897
0.05400000000000027	1.02773436066059909
0.0600000000000000533	1.02022399417832266
0.0660000000000002807	1.0120497462279554
0.0720000000000000639	1.00324598519725594
0.0779999999999998472	0.993848776643731058
0.0840000000000000746	0.983895543347133694
0.0899999999999998579	0.973424728393981864
0.0960000000000000853	0.962475466206233365
0.101999999999999869	0.95108726599653981
0.108000000000000096	0.939299711354343425
0.113999999999999879	0.927152179260736009
0.120000000000000107	0.914683580987745271
0.12599999999999989	0.901932126781581522
0.132000000000000117	0.888935115571607759
0.137999999999999901	0.875728750368251041
0.144000000000000128	0.862347979474810233
0.149999999999999911	0.848826363156778618
0.156000000000000139	0.835195965007836327
0.161999999999999922	0.821487266913886516
0.168000000000000149	0.807729106231546701
0.173999999999999932	0.793948633602352571
0.18000000000000016	0.780171289665918422
0.185999999999999943	0.766420798862895047
0.192000000000000171	0.752719178451869309
0.197999999999999954	0.739086760898274298
0.204000000000000181	0.725542227806827089
0.209999999999999964	0.712102653657636142
0.216000000000000192	0.698783557656866505
0.221999999999999975	0.685598962228935127
0.228000000000000203	0.672561456608875674
0.233999999999999986	0.65968226432851429
0.240000000000000213	0.646971313380526603
0.245999999999999996	0.634437308027998359
0.252000000000000224	0.622087801328333412
0.258000000000000007	0.609929267616557302
0.264000000000000234	0.597967174226509579
0.270000000000000018	0.586206051904054393
0.276000000000000245	0.574649563445471689
0.282000000000000028	0.563300570155951918
0.288000000000000256	0.552161195849997566
0.294000000000000039	0.541232888158213354
0.300000000000000266	0.53051647697275206
0.30600000000000005	0.520012229928378589
0.312000000000000277	0.509719904857037776
0.31800000000000006	0.499638799183529658
0.324000000000000288	0.489767796318932302
0.330000000000000071	0.480105409025139207
0.335999999999999854	0.470649819883620202
0.342000000000000082	0.461398918918853318
0.347999999999999865	0.452350338483111181
0.354000000000000092	0.443501485514940674
0.359999999999999876	0.434849571289315839
0.366000000000000103	0.426391638782339488
0.371999999999999886	0.418124587778128443
0.378000000000000114	0.410045197845799958
0.383999999999999897	0.402150149312331617
0.390000000000000124	0.394436042359109895
0.395999999999999908	0.386899414361894123
0.402000000000000135	0.37953675559652994
0.407999999999999918	0.37234452342294877
0.414000000000000146	0.365319155056468448
0.419999999999999929	0.358457079035779669
0.426000000000000156	0.351754725482651465
0.43199999999999994	0.345208535250433213
0.438000000000000167	0.338814968050173637
0.44399999999999995	0.332570509637051315
0.450000000000000178	0.326471678137255972
0.455999999999999961	0.320515029587370437
0.462000000000000188	0.314697162755348481
0.467999999999999972	0.30901472330669838
0.474000000000000199	0.303464407374998857
0.479999999999999982	0.298042964591563819
0.48600000000000021	0.292747200625204373
0.491999999999999993	0.287573979278515302
0.49800000000000022	0.282520224184149182
0.504000000000000004	0.277582920140745204
0.510000000000000231	0.272759114124927371
0.516000000000000014	0.26804591601301242
0.522000000000000242	0.263440499043071208
0.528000000000000025	0.258940100045358168
0.534000000000000252	0.254542019466924507
0.540000000000000036	0.250243621213677658
0.546000000000000263	0.246042332331420283
0.552000000000000046	0.241935642545151097
0.558000000000000274	0.237921103674336332
0.564000000000000057	0.233996328940111492
0.570000000000000284	0.23015899217916963
0.576000000000000068	0.226406826977202741
0.582000000000000295	0.222737625733895994
0.588000000000000078	0.219149238670270502
0.593999999999999861	0.215639572787976574
0.600000000000000089	0.212206590789186328
0.605999999999999872	0.208848309964940859
0.612000000000000099	0.205562801058945532
0.617999999999999883	0.202348187113037786
0.62400000000000011	0.19920264229986398
0.629999999999999893	0.196124390747876048
0.636000000000000121	0.193111705362919134
0.641999999999999904	0.190162906650303054
0.648000000000000131	0.187276361540880815
0.653999999999999915	0.184450482224111256
0.660000000000000142	0.181683724990736206
0.665999999999999925	0.178974589087401048
0.672000000000000153	0.176321615585217056
0.677999999999999936	0.173723386263979013
0.684000000000000163	0.171178522513256548
0.689999999999999947	0.16868568425218583
0.696000000000000174	0.166243568868498226
0.701999999999999957	0.16385091017766773
0.708000000000000185	0.161506477402986792
0.713999999999999968	0.159209074177131399
0.720000000000000195	0.156957537565885735
0.725999999999999979	0.154750737113532544
0.732000000000000206	0.152587573910662244
0.737999999999999989	0.150466979684817925
0.744000000000000217	0.148387915913222923
0.75	0.146349372958076041
0.756000000000000227	0.144350369224265501
0.762000000000000011	0.142389950338992211
0.768000000000000238	0.140467188353373712
0.774000000000000021	0.13858118096572844
0.780000000000000249	0.136731050766234125
0.786000000000000032	0.134915944502565832
0.792000000000000259	0.133135032366237277
0.798000000000000043	0.131387507299267597
0.80400000000000027	0.129672584320748435
0.810000000000000053	0.127989499872891099
0.816000000000000281	0.126337511186204177
0.822000000000000064	0.124715895663417634
0.828000000000000291	0.123123950281523412
0.834000000000000075	0.121560991011649619
0.839999999999999858	0.120026352256345697
0.846000000000000085	0.1185193863037904
0.851999999999999869	0.117039462798493255
0.858000000000000096	0.115585968228024624
0.863999999999999879	0.114158305425399398
0.870000000000000107	0.112755893086686057
0.87599999999999989	0.111378165303345447
0.882000000000000117	0.110024571108914296
0.887999999999999901	0.108694574039707753
0.894000000000000128	0.107387651709045517
0.899999999999999911	0.106103295394606903
0.906000000000000139	0.104841009638560356
0.911999999999999922	0.103600311860067573
0.918000000000000149	0.102380731979814954
0.923999999999999932	0.101181812056186385
0.93000000000000016	0.100003105932705477
0.935999999999999943	0.0988441788964475043
0.942000000000000171	0.0977046073470495963
0.947999999999999954	0.0965839784760014475
0.954000000000000181	0.0954818899558966261
0.959999999999999964	0.0943979496393140272
0.966000000000000192	0.0933317752670416861
0.971999999999999975	0.0922829941853758051
0.978000000000000203	0.0912512430721479778
0.983999999999999986	0.0902361676712253175
0.990000000000000213	0.0892374225353483874
0.995999999999999996	0.0882546707766670435
1.00199999999999978	0.0872875838251954833
1.00800000000000001	0.0863358411946261173
1.01400000000000023	0.0853991302554041737
1.02000000000000046	0.0844771460147689113
1.0259999999999998	0.0835695909033985496
1.03200000000000003	0.0826761745688146948
1.03800000000000026	0.0817966136749979644
1.04400000000000048	0.0809306317081659038
1.04999999999999982	0.0800779587884323657
1.05600000000000005	0.079238331487242214
1.06200000000000028	0.0784114926502792048
1.0680000000000005	0.0775971912258767021
1.07399999999999984	0.0767951820985137562
1.08000000000000007	0.0760052259273502617
1.0860000000000003	0.0752270889896663186
1.09200000000000053	0.0744605430289873305
1.09799999999999986	0.0737053651078024286
1.10400000000000009	0.0729613374646513047
1.11000000000000032	0.0722282473754903287
1.11599999999999966	0.071505887019218381
1.12199999999999989	0.0707940533471659583
1.12800000000000011	0.0700925479564763615
1.13400000000000034	0.0694011769672400886
1.13999999999999968	0.0687197509032345388
1.14599999999999991	0.0680480845762007486
1.15200000000000014	0.0673859969734998399
1.15800000000000036	0.0667333111490798631
1.1639999999999997	0.0660898541176182797
1.16999999999999993	0.0654554567517503655
1.17600000000000016	0.0648299536822927736
1.18200000000000038	0.0642131832013546344
1.18799999999999972	0.063604987168253635
1.19399999999999995	0.0630052109181467035
1.20000000000000018	0.0624137031732920969
1.20600000000000041	0.0618303159568519209
1.21199999999999974	0.0612549045091651465
1.21799999999999997	0.0606873272064074945
1.2240000000000002	0.0601274454815681203
1.23000000000000043	0.0595751237476669221
1.23599999999999977	0.0590302293231465686
1.24199999999999999	0.0584926323593671568
1.24800000000000022	0.0579622057701460539
1.25400000000000045	0.0574388251632692998
1.25999999999999979	0.0569223687739255219
1.26600000000000001	0.0564127173999891957
1.27200000000000024	0.0559097543391128826
1.27800000000000047	0.0554133653275574525
1.28399999999999981	0.0549234384807197953
1.29000000000000004	0.0544398642352975706
1.29600000000000026	0.053962535293045219
1.30200000000000049	0.0534913465660724202
1.30799999999999983	0.0530261951236403531
1.31400000000000006	0.0525669801404052492
1.32000000000000028	0.0521136028460704795
1.32600000000000051	0.0516659664764025015
1.33199999999999985	0.0512239762255711287
1.33800000000000008	0.0507875391997733849
1.34400000000000031	0.050356564372103986
1.35000000000000053	0.0499309625386344033
1.35599999999999987	0.0495106462756639137
1.3620000000000001	0.0490955298981099811
1.36800000000000033	0.0486855294190034205
1.37399999999999967	0.0482805625100557675
1.37999999999999989	0.0478805484632662676
1.38600000000000012	0.0474854081535402289
1.39200000000000035	0.0470950640022882935
1.39799999999999969	0.0467094399419763565
1.40399999999999991	0.046328461381599885
1.41000000000000014	0.0459520551730607865
1.41600000000000037	0.045580149578407253
1.42199999999999971	0.0452126742379273736
1.42799999999999994	0.0448495601390671919
1.43400000000000016	0.0444907395861350793
1.44000000000000039	0.0441361461707966279
1.44599999999999973	0.0437857147433158567
1.45199999999999996	0.0434393813845269441
1.45800000000000018	0.0430970833785238525
1.46400000000000041	0.0427587591860331059
1.46999999999999975	0.0424243484184686076
1.47599999999999998	0.0420937918126316687
1.48200000000000021	0.0417670312060466203
1.48800000000000043	0.0414440095129186281
1.49399999999999977	0.0411246707006852896
1.5	0.0408089597671527429
1.50600000000000023	0.0404968227182019372
1.51200000000000045	0.0401882065460422086
1.51799999999999979	0.0398830592080014271
1.52400000000000002	0.0395813296058397934
1.53000000000000025	0.0392829675655680666
1.53600000000000048	0.0389879238177579107
1.54199999999999982	0.0386961499783362167
1.54800000000000004	0.0384075985298412415
1.55400000000000027	0.0381222228031353541
1.5600000000000005	0.0378399769595570978
1.56599999999999984	0.0375608159735059191
1.57200000000000006	0.0372846956154417319
1.57800000000000029	0.0370115724352931483
1.58400000000000052	0.0367414037462612669
1.58999999999999986	0.0364741476090084255
1.59600000000000009	0.0362097628162222213
1.60200000000000031	0.0359482088775451847
1.60800000000000054	0.0356894460048590989
1.61399999999999988	0.0354334350979158899
1.62000000000000011	0.0351801377303051707
1.62600000000000033	0.0349295161357490586
1.63199999999999967	0.0346815331947185196
1.6379999999999999	0.034436152421358078
1.64400000000000013	0.0341933379507160448
1.65000000000000036	0.033953054526268206
1.65599999999999969	0.0337152674877308281
1.66199999999999992	0.0334799427591503662
1.66800000000000015	0.0332470468372698391
1.67400000000000038	0.0330165467801591395
1.67999999999999972	0.0327884101961037969
1.68599999999999994	0.0325626052327471979
1.69200000000000017	0.0323391005664784778
1.6980000000000004	0.0321178653920597898
1.70399999999999974	0.0318988694124873948
1.70999999999999996	0.0316820828290805129
1.71600000000000019	0.031467476331791859
1.72200000000000042	0.0312550210897345679
1.72799999999999976	0.0310446887419205189
1.73399999999999999	0.0308364513882034771
1.74000000000000021	0.0306302815804230556
1.74600000000000044	0.0304261523137453645
1.75199999999999978	0.0302240370181927481
1.75800000000000001	0.0300239095503600228
1.76400000000000023	0.029825744185311219
1.77000000000000046	0.0296295156086560027
1.7759999999999998	0.0294351989087952362
1.78200000000000003	0.0292427695693373811
1.78800000000000026	0.0290522034616778682
1.79400000000000048	0.0288634768377386865
1.79999999999999982	0.0286765663228647667
1.80600000000000005	0.0284914489088726915
1.81200000000000028	0.0283081019472478101
1.8180000000000005	0.0281265031424875224
1.82399999999999984	0.0279466305455859168
1.83000000000000007	0.0277684625476552482
1.8360000000000003	0.0275919778736863526
1.84200000000000053	0.0274171555764372681
1.84799999999999986	0.0272439750304496742
1.85400000000000009	0.0270724159261966565
1.86000000000000032	0.0269024582643484431
1.86599999999999966	0.0267340823501552409
1.87199999999999989	0.0265672687879569061
1.87800000000000011	0.0264019984757965231
1.88400000000000034	0.0262382526001504572
1.88999999999999968	0.0260760126307675207
1.89599999999999991	0.0259152603156117961
1.90200000000000014	0.0257559776759142822
1.90800000000000036	0.025598147001319075
1.9139999999999997	0.0254417508451344199
1.91999999999999993	0.025286772019680135
1.92600000000000016	0.0251331935917252919
1.93200000000000038	0.0249809988780233562
1.93799999999999972	0.0248301714409362093
1.94399999999999995	0.0246806950841440484
1.95000000000000018	0.0245325538484448998
1.95600000000000041	0.0243857320076374673
1.96199999999999974	0.0242402140644848926
1.96799999999999997	0.0240959847467609942
1.9740000000000002	0.0239530290033744681
1.98000000000000043	0.0238113320005681854
1.98599999999999977	0.0236708791181959241
1.99199999999999999	0.023531655946072292
1.99800000000000022	0.0233936482803955154
2.00400000000000045	0.0232568421202409212
2.00999999999999979	0.0231212236641218684
2.01600000000000001	0.0229867793066170466
2.02200000000000024	0.0228534956350642596
2.02800000000000047	0.0227213594263185499
2.03399999999999981	0.0225903576435729919
2.04000000000000004	0.0224604774332416608
2.04600000000000026	0.0223317061219026267
2.05200000000000049	0.0222040312132994189
2.05799999999999983	0.0220774403854005589
2.06400000000000006	0.0219519214875153017
2.07000000000000028	0.0218274625374640201
2.07600000000000051	0.0217040517188031822
2.08199999999999985	0.0215816773781024561
2.08800000000000008	0.0214603280222740722
2.09400000000000031	0.021339992315951857
2.10000000000000053	0.0212206590789209594
2.10599999999999987	0.0211023172835944628
2.1120000000000001	0.0209849560525386981
2.11800000000000033	0.0208685646560439267
2.12399999999999967	0.0207531325097412254
2.12999999999999989	0.0206386491722628587
2.13600000000000012	0.0205251043429468538
2.14200000000000035	0.0204124878595840012
2.14799999999999969	0.0203007896962061618
2.15399999999999991	0.0201899999609158713
2.16000000000000014	0.0200801088937554058
2.16600000000000037	0.0199711068646155551
2.17199999999999971	0.0198629843711818493
2.17799999999999994	0.0197557320369193164
2.18400000000000016	0.0196493406090930585
2.19000000000000039	0.0195438009568255425
2.19599999999999973	0.0194391040691882858
2.20199999999999996	0.0193352410533290456
2.20800000000000018	0.0192322031326320302
2.21400000000000041	0.0191299816449118261
2.21999999999999975	0.0190285680406389393
2.22599999999999998	0.0189279538811982402
2.23200000000000021	0.0188281308371776729
2.23800000000000043	0.018729090686687655
2.24399999999999977	0.0186308253137105924
2.25	0.018533326706479291
2.25600000000000023	0.018436586955884602
2.26200000000000045	0.0183405982539108017
2.26799999999999979	0.0182453528920986444
2.27400000000000002	0.0181508432600357011
2.28000000000000025	0.0180570618438725336
2.28600000000000048	0.0179640012248655292
2.29199999999999982	0.017871654077944641
2.29800000000000004	0.0177800131703064121
2.30400000000000027	0.0176890713600311722
2.3100000000000005	0.0175988215947243572
2.31599999999999984	0.0175092569101812957
2.32200000000000006	0.0174203704290750265
2.32800000000000029	0.0173321553596666768
2.33400000000000052	0.0172446049945380042
2.33999999999999986	0.0171577127093456641
2.34600000000000009	0.01707147196159663
2.35200000000000031	0.0169858762894447742
2.35800000000000054	0.0169009193105076061
2.36399999999999988	0.0168165947207033553
2.37000000000000011	0.0167328962931074868
2.37600000000000033	0.0166498178768288464
2.38199999999999967	0.0165673533959044238
2.3879999999999999	0.0164854968482129327
2.39400000000000013	0.0164042423044065654
2.40000000000000036	0.0163235839068605754
2.40599999999999969	0.0162435158686403854
2.41199999999999992	0.0161640324724860625
2.41800000000000015	0.0160851280698135063
2.42400000000000038	0.0160067970797322309
2.42999999999999972	0.0159290339880795162
2.43599999999999994	0.0158518333464704349
2.44200000000000017	0.0157751897713634681
2.4480000000000004	0.0156990979431417231
2.45399999999999974	0.0156235526052090484
2.45999999999999996	0.0155485485631007558
2.46600000000000019	0.0154740806836091826
2.47200000000000042	0.0154001438939235027
2.47799999999999976	0.0153267331807830573
2.48399999999999999	0.0152538435896451049
2.49000000000000021	0.015181470223865531
2.49600000000000044	0.0151096082438931575
2.50199999999999978	0.0150382528664763267
2.50800000000000001	0.0149673993638834157
2.51400000000000023	0.0148970430631350566
2.52000000000000046	0.0148271793452481385
2.5259999999999998	0.0147578036444934758
2.53200000000000003	0.0146889114476638546
2.53800000000000026	0.0146204982933541422
2.54400000000000048	0.0145525597712533334
2.54999999999999982	0.0144850915214470282
2.55600000000000005	0.0144180892337315569
2.56200000000000028	0.0143515486469385327
2.5680000000000005	0.0142854655482701296
2.57399999999999984	0.0142198357726450869
2.58000000000000007	0.0141546552020543094
2.5860000000000003	0.0140899197649272164
2.59200000000000053	0.0140256254355076038
2.59799999999999986	0.013961768233239422
2.60400000000000009	0.0138983442221617647
2.61000000000000032	0.0138353495103136562
2.61600000000000055	0.0137727802491477893
2.62199999999999989	0.0137106326329533429
2.62800000000000011	0.0136489028982877784
2.63400000000000034	0.0135875873234171576
2.63999999999999968	0.0135266822277654557
2.64599999999999991	0.0134661839713718697
2.65200000000000014	0.0134060889543565018
2.65800000000000036	0.0133463936163944856
2.6639999999999997	0.0132870944361979052
2.66999999999999993	0.0132281879310051694
2.67600000000000016	0.0131696706560791316
2.68200000000000038	0.0131115392042116634
2.68799999999999972	0.0130537902052365214
2.69399999999999995	0.0129964203255491639
2.70000000000000018	0.012939426267633846
2.70600000000000041	0.0128828047695977617
2.71199999999999974	0.012826552604712535
2.71799999999999997	0.0127706665809617682
2.7240000000000002	0.0127151435405960349
2.73000000000000043	0.0126599803596945028
2.73599999999999977	0.0126051739477323222
2.74199999999999999	0.0125507212471551444
2.74800000000000022	0.0124966192329598585
2.75400000000000045	0.0124428649122810802
2.75999999999999979	0.0123894553239840624
2.76600000000000001	0.0123363875382636479
2.77200000000000024	0.0122836586562487613
2.77800000000000047	0.0122312658096130917
2.78399999999999981	0.0121792061601910823
2.79000000000000004	0.0121274768995998476
2.79600000000000026	0.012076075248866289
2.80200000000000049	0.012024998458059875
2.80799999999999983	0.0119742438059305921
2.81400000000000006	0.0119238085995521329
2.82000000000000028	0.0118736901739702732
2.82600000000000051	0.011823885891856397
2.83199999999999985	0.0117743931431657321
2.83800000000000008	0.0117252093448008132
2.84400000000000031	0.0116763319402794861
2.85000000000000053	0.0116277583994079062
2.85599999999999987	0.0115794862179579086
2.8620000000000001	0.0115315129173492303
2.86800000000000033	0.0114838360443360685
2.87400000000000055	0.0114364531706982672
2.87999999999999989	0.0113893618929365864
2.88600000000000012	0.011342559831972571
2.89200000000000035	0.011296044632852411
2.89799999999999969	0.0112498139644552873
2.90399999999999991	0.0112038655192051775
2.91000000000000014	0.0111581970127876389
2.91600000000000037	0.0111128061838696394
2.92199999999999971	0.0110676907938237548
2.92799999999999994	0.0110228486264562584
2.93400000000000016	0.0109782774877388734
2.94000000000000039	0.0109339752055438982
2.94599999999999973	0.0108899396293838328
2.95199999999999996	0.0108461686301539063
2.95800000000000018	0.0108026600998780021
2.96400000000000041	0.0107594119514591111
2.96999999999999975	0.0107164221184320677
2.97599999999999998	0.0106736885547203744
2.98200000000000021	0.0106312092343957779
2.98800000000000043	0.0105889821514420137
2.99399999999999977	0.0105470053195208559
3	0.0105052767717418293
