-3	0.0326584964043357059
-2.99400000000000022	0.0328929870150077089
-2.98799999999999999	0.0331287947979746061
-2.98200000000000021	0.0333658473803843461
-2.97599999999999998	0.0336042694814908394
-2.9700000000000002	0.033844398741584486
-2.96399999999999997	0.0340867520981227579
-2.95800000000000018	0.034331939879090688
-2.95199999999999996	0.0345805310788730308
-2.94600000000000017	0.034832894059262931
-2.93999999999999995	0.0350890620807867148
-2.93400000000000016	0.0353486778491312326
-2.92799999999999994	0.0356110447020925036
-2.92200000000000015	0.0358752701206077537
-2.91599999999999993	0.0361404544687234444
-2.91000000000000014	0.0364058666827951072
-2.90399999999999991	0.0366710586310221159
-2.89800000000000013	0.0369358940102733971
-2.8919999999999999	0.0372004959370125926
-2.88600000000000012	0.0374651426407371438
-2.87999999999999989	0.0377301585725740088
-2.87400000000000011	0.0379958504150552032
-2.86799999999999988	0.0382625169685695682
-2.8620000000000001	0.0385305270736451683
-2.85599999999999987	0.0388004279414328537
-2.85000000000000009	0.0390730253845249439
-2.84399999999999986	0.0393493708393396063
-2.83800000000000008	0.0396306128232196062
-2.83199999999999985	0.0399177335051349447
-2.82600000000000007	0.0402112667764949819
-2.81999999999999984	0.0405111248187718515
-2.81400000000000006	0.0408166152023675399
-2.80799999999999983	0.0411266405218473907
-2.80200000000000005	0.0414399951471000894
-2.79599999999999982	0.0417556434017108472
-2.79000000000000004	0.0420728826660201061
-2.78399999999999981	0.0423913497897019653
-2.77800000000000002	0.0427108968283580956
-2.7719999999999998	0.0430314136284889945
-2.76600000000000001	0.0433526895370202198
-2.75999999999999979	0.0436743847731315138
-2.754	0.0439961379363136215
-2.74800000000000022	0.0443177816158424678
-2.74199999999999999	0.0446395847753083483
-2.73599999999999977	0.0449624135208572598
-2.72999999999999998	0.045287728523043233
-2.7240000000000002	0.0456174120865453087
-2.71799999999999997	0.04595349057621613
-2.71199999999999974	0.0462978389332858037
-2.70599999999999996	0.0466519265347339965
-2.70000000000000018	0.0470166297636371994
-2.69399999999999995	0.0473921190435981077
-2.68800000000000017	0.0477778171919536962
-2.68199999999999994	0.0481724193783718349
-2.67600000000000016	0.0485739785436392138
-2.66999999999999993	0.0489800895040762088
-2.66400000000000015	0.0493882106471331128
-2.65799999999999992	0.0497961124120091109
-2.65200000000000014	0.0502023558683729818
-2.64599999999999991	0.050606645739315316
-2.64000000000000012	0.0510099263951056675
-2.6339999999999999	0.0514141881102232606
-2.62800000000000011	0.0518220479313755839
-2.62199999999999989	0.0522362038987332911
-2.6160000000000001	0.0526588657526978823
-2.60999999999999988	0.0530913016322402953
-2.60400000000000009	0.053533663855093977
-2.59799999999999986	0.0539851612838603626
-2.59200000000000008	0.0544444565608712752
-2.58599999999999985	0.0549100528057652124
-2.58000000000000007	0.0553805051217153149
-2.57399999999999984	0.0558544709934193709
-2.56800000000000006	0.0563307269500739824
-2.56199999999999983	0.0568082428469290843
-2.55600000000000005	0.057286308588248451
-2.54999999999999982	0.0577646755391211519
-2.54400000000000004	0.0582436999907328667
-2.53799999999999981	0.0587244772011746505
-2.53200000000000003	0.0592089069494625003
-2.5259999999999998	0.0596995748556554962
-2.52000000000000002	0.0601993414003513735
-2.51400000000000023	0.0607106646577768513
-2.50800000000000001	0.0612348970173181434
-2.50199999999999978	0.061771916170792994
-2.496	0.0623203139502840342
-2.49000000000000021	0.0628780165170365751
-2.48399999999999999	0.0634429270252652305
-2.47799999999999976	0.0640132324585930418
-2.47199999999999998	0.0645873499491328024
-2.46600000000000019	0.0651637762399300963
-2.45999999999999996	0.0657410902740855618
-2.45399999999999974	0.0663181118277249154
-2.44799999999999995	0.0668940191222912872
-2.44200000000000017	0.067468269613271209
-2.43599999999999994	0.0680404027126881306
-2.42999999999999972	0.068609997551573515
-2.42399999999999993	0.0691769954252715452
-2.41800000000000015	0.0697422952618638875
-2.41199999999999992	0.0703082631358296906
-2.40600000000000014	0.0708788095706556487
-2.39999999999999991	0.0714589147999308005
-2.39400000000000013	0.0720536876867687304
-2.3879999999999999	0.072667196340157586
-2.38200000000000012	0.0733014785504511185
-2.37599999999999989	0.0739561855316552552
-2.37000000000000011	0.0746290509018462667
-2.36399999999999988	0.075316931919501548
-2.3580000000000001	0.0760168818964517407
-2.35199999999999987	0.0767267715642320075
-2.34600000000000009	0.0774452710424172464
-2.33999999999999986	0.0781713277345822688
-2.33400000000000007	0.0789035258532599926
-2.32799999999999985	0.0796397671943212954
-2.32200000000000006	0.0803774565164534494
-2.31599999999999984	0.0811140270844465383
-2.31000000000000005	0.0818475534989016873
-2.30399999999999983	0.0825773017123954262
-2.29800000000000004	0.0833040302198061466
-2.29199999999999982	0.0840297491679579678
-2.28600000000000003	0.0847568904321549105
-2.28000000000000025	0.0854873771432168028
-2.27400000000000002	0.0862222516765246277
-2.26799999999999979	0.0869620868023954635
-2.26200000000000001	0.0877078300090483182
-2.25600000000000023	0.088461443367979925
-2.25	0.0892258116394616246
-2.24399999999999977	0.0900038859218689202
-2.23799999999999999	0.0907976330489062289
-2.23200000000000021	0.0916075127017643431
-2.22599999999999998	0.0924326674318294017
-2.21999999999999975	0.0932713248242486859
-2.21399999999999997	0.0941208168377383747
-2.20800000000000018	0.0949772162283925164
-2.20199999999999996	0.0958352615021152987
-2.19599999999999973	0.096689240260317888
-2.18999999999999995	0.0975347313099339391
-2.18400000000000016	0.0983703362266759446
-2.17799999999999994	0.0991984760692399131
-2.17199999999999971	0.100024852008543649
-2.16599999999999993	0.100856831492889973
-2.16000000000000014	0.101701522095370617
-2.15399999999999991	0.102564179620491955
-2.14800000000000013	0.103447115824634353
-2.1419999999999999	0.104349414863751461
-2.13600000000000012	0.105268062674801002
-2.12999999999999989	0.106200141231545017
-2.12400000000000011	0.107144408347057615
-2.11799999999999988	0.108101054790171874
-2.1120000000000001	0.109070238356436519
-2.10599999999999987	0.110050693072688208
-2.10000000000000009	0.111038977537375738
-2.09399999999999986	0.112029463742460297
-2.08800000000000008	0.11301547240516796
-2.08199999999999985	0.113991791026560374
-2.07600000000000007	0.114957330881779077
-2.06999999999999984	0.115915361941789433
-2.06400000000000006	0.11687024713474195
-2.05799999999999983	0.117823384640534268
-2.05200000000000005	0.118772392654105524
-2.04599999999999982	0.11971416544240561
-2.04000000000000004	0.120648715749008414
-2.03399999999999981	0.121580686914817521
-2.02800000000000002	0.122517671977324619
-2.02200000000000024	0.123466629367788225
-2.01600000000000001	0.124430865777531638
-2.00999999999999979	0.125409485713851548
-2.004	0.126399108214315326
-1.998	0.127395954238289311
-1.99199999999999999	0.128396559621424988
-1.98599999999999999	0.129397226593856551
-1.97999999999999998	0.130394210837262492
-1.97399999999999998	0.131385999290282163
-1.96799999999999997	0.132376107573721979
-1.96199999999999997	0.13337343369554161
-1.95599999999999996	0.134389064520885448
-1.94999999999999996	0.135431456575248771
-1.94399999999999995	0.136503261705731072
-1.93799999999999994	0.137601235677517197
-1.93199999999999994	0.13871781298266217
-1.92599999999999993	0.13984254031508267
-1.91999999999999993	0.140963360266683768
-1.91399999999999992	0.142068525311603966
-1.90799999999999992	0.143148842100409235
-1.90199999999999991	0.144199501559915594
-1.89599999999999991	0.145221547421212877
-1.8899999999999999	0.1462226836666351
-1.8839999999999999	0.147216015935766914
-1.87799999999999989	0.148216426053299793
-1.87199999999999989	0.149236420447752899
-1.86599999999999988	0.150283074200529693
-1.85999999999999988	0.151356188565265837
-1.85399999999999987	0.152447928772753843
-1.84799999999999986	0.153545323688640462
-1.84200000000000008	0.154635588387553119
-1.83600000000000008	0.155711003113976648
-1.83000000000000007	0.15677005075683545
-1.82400000000000007	0.157814518867553433
-1.81800000000000006	0.158844993410037411
-1.81200000000000006	0.159858101075871145
-1.80600000000000005	0.160847258974624319
-1.80000000000000004	0.161805512665862516
-1.79400000000000004	0.162728108870419663
-1.78800000000000003	0.163615298279219584
-1.78200000000000003	0.164476190576446829
-1.77600000000000002	0.165329697801515546
-1.77000000000000002	0.166197558277529217
-1.76400000000000001	0.16709271009598764
-1.75800000000000001	0.168013438681791111
-1.752	0.168948025373631572
-1.746	0.16988421940012241
-1.73999999999999999	0.170815245036817609
-1.73399999999999999	0.171738169627850712
-1.72799999999999998	0.172647321139005161
-1.72199999999999998	0.173531698469737206
-1.71599999999999997	0.174381638454414511
-1.70999999999999996	0.175197752797248057
-1.70399999999999996	0.175992343518580868
-1.69799999999999995	0.176781972725874009
-1.69199999999999995	0.177577064671136348
-1.68599999999999994	0.178377684671361447
-1.67999999999999994	0.179179634808665611
-1.67399999999999993	0.179982739630155264
-1.66799999999999993	0.180793084071264792
-1.66199999999999992	0.181621068199030039
-1.65599999999999992	0.182478286719518157
-1.64999999999999991	0.183372794252455368
-1.64399999999999991	0.18430217619645739
-1.6379999999999999	0.185249423417210124
-1.6319999999999999	0.186191394857675246
-1.62599999999999989	0.187115790009979466
-1.61999999999999988	0.188029428412464283
-1.61399999999999988	0.188950087132190442
-1.60799999999999987	0.18988818973172969
-1.60199999999999987	0.190830520300608347
-1.59599999999999986	0.191736207924691121
-1.59000000000000008	0.192550251780246734
-1.58400000000000007	0.193228678566744527
-1.57800000000000007	0.193758725535143062
-1.57200000000000006	0.194165195934761836
-1.56600000000000006	0.194502802102903494
-1.56000000000000005	0.194833728009078083
-1.55400000000000005	0.195198834641597929
-1.54800000000000004	0.195601622482229481
-1.54200000000000004	0.196015705393616485
-1.53600000000000003	0.196408157704578534
-1.53000000000000003	0.196761978027260309
-1.52400000000000002	0.197081995643928171
-1.51800000000000002	0.19738239897251203
-1.51200000000000001	0.19767164502937562
-1.50600000000000001	0.197947384327977094
-1.5	0.19819913795020852
-1.49399999999999999	0.198413375468448366
-1.48799999999999999	0.198579847021120748
-1.48199999999999998	0.198695491007276598
-1.47599999999999998	0.198764292556481703
-1.46999999999999997	0.198796863154005188
-1.46399999999999997	0.19880898986503126
-1.45799999999999996	0.198812526132351536
-1.45199999999999996	0.198810653602379345
-1.44599999999999995	0.198810190428669986
-1.43999999999999995	0.198825020858201695
-1.43399999999999994	0.198860626597309909
-1.42799999999999994	0.198911490032947225
-1.42199999999999993	0.198970549712496753
-1.41599999999999993	0.199025750360256271
-1.40999999999999992	0.199050713102921828
-1.40399999999999991	0.199010648178438027
-1.39799999999999991	0.1988892163702419
-1.3919999999999999	0.198710817235367793
-1.3859999999999999	0.198524419889937687
-1.37999999999999989	0.1983612671491711
-1.37399999999999989	0.198221395322947191
-1.36799999999999988	0.198102078336726217
-1.36199999999999988	0.198018160168808161
-1.35599999999999987	0.197988850402468552
-1.34999999999999987	0.198013855063596256
-1.34399999999999986	0.198062820729445255
-1.33799999999999986	0.198081633098859428
-1.33200000000000007	0.198008089208754207
-1.32600000000000007	0.197798708399197276
-1.32000000000000006	0.197450451098213464
-1.31400000000000006	0.19698820687654664
-1.30800000000000005	0.196441174852283046
-1.30200000000000005	0.195839369599622032
-1.29600000000000004	0.195215158872999062
-1.29000000000000004	0.194590287852595106
-1.28400000000000003	0.193976076000206582
-1.27800000000000002	0.193384031390795685
-1.27200000000000002	0.1928195502962817
-1.26600000000000001	0.192291290470824244
-1.26000000000000001	0.191817718055431213
-1.254	0.19139515559882439
-1.248	0.190983983960716724
-1.24199999999999999	0.190546790749107076
-1.23599999999999999	0.190091572867283898
-1.22999999999999998	0.189660714714272594
-1.22399999999999998	0.189299333568770656
-1.21799999999999997	0.189030672153139956
-1.21199999999999997	0.188821170149278739
-1.20599999999999996	0.188588482625291903
-1.19999999999999996	0.188247893069062533
-1.19399999999999995	0.187746429157952477
-1.18799999999999994	0.187091451970138462
-1.18199999999999994	0.186342597069816374
-1.17599999999999993	0.185575296348087726
-1.16999999999999993	0.18483832675181236
-1.16399999999999992	0.184125939085283963
-1.15799999999999992	0.18343270134361489
-1.15199999999999991	0.182808375104834747
-1.14599999999999991	0.182321695125177874
-1.1399999999999999	0.182024470135299821
-1.1339999999999999	0.181909398325673904
-1.12799999999999989	0.181864861552453599
-1.12199999999999989	0.181731931326867213
-1.11599999999999988	0.18142102443454669
-1.10999999999999988	0.180969520715355076
-1.10399999999999987	0.180446592934279365
-1.09799999999999986	0.179829610667838702
-1.09199999999999986	0.179069831209018093
-1.08599999999999985	0.178220935175926548
-1.08000000000000007	0.177420884604730544
-1.07400000000000007	0.176799636052554721
-1.06800000000000006	0.176432448457875535
-1.06200000000000006	0.176336267708510935
-1.05600000000000005	0.176435929093051336
-1.05000000000000004	0.17655945615032248
-1.04400000000000004	0.176533883466736458
-1.03800000000000003	0.176258429367982306
-1.03200000000000003	0.175746556424903638
-1.02600000000000002	0.17512125155590863
-1.02000000000000002	0.174481451916080887
-1.01400000000000001	0.17384824824235276
-1.00800000000000001	0.173240985869257486
-1.002	0.172667532901450982
-0.995999999999999996	0.172048411094981341
-0.989999999999999769	0.171332412593686728
-0.983999999999999986	0.170643871384893231
-0.977999999999999758	0.170094870593098135
-0.971999999999999975	0.169651713712170804
-0.965999999999999748	0.169287212345347243
-0.959999999999999964	0.169024616315854553
-0.953999999999999737	0.168793697538934862
-0.947999999999999954	0.168446767526911345
-0.942000000000000171	0.167963741186622162
-0.935999999999999943	0.167447363847742225
-0.93000000000000016	0.166893267869357848
-0.923999999999999932	0.166215986747705241
-0.918000000000000149	0.165413375065739332
-0.911999999999999922	0.164546488598037527
-0.906000000000000139	0.163699469261966074
-0.899999999999999911	0.162985573501260667
-0.894000000000000128	0.162451155123717522
-0.887999999999999901	0.161952943741466765
-0.882000000000000117	0.161346510410435934
-0.87599999999999989	0.160617091100230841
-0.870000000000000107	0.159735009455515692
-0.863999999999999879	0.158743335831136895
-0.858000000000000096	0.157848759223523816
-0.851999999999999869	0.157213402591146217
-0.846000000000000085	0.156778724015753962
-0.839999999999999858	0.156386151437871018
-0.834000000000000075	0.155931303496408463
-0.827999999999999847	0.155377337306962293
-0.822000000000000064	0.154804426223043717
-0.815999999999999837	0.154449336965290812
-0.810000000000000053	0.1543241959378224
-0.803999999999999826	0.154055049464590088
-0.798000000000000043	0.153383139707975902
-0.791999999999999815	0.152459446308897517
-0.786000000000000032	0.151568624026582111
-0.779999999999999805	0.150845558210674913
-0.774000000000000021	0.150208692409924544
-0.767999999999999794	0.149653863824102035
-0.762000000000000011	0.149290149885073359
-0.755999999999999783	0.149044293636730496
-0.75	0.148838227937990564
-0.743999999999999773	0.148573024239384177
-0.737999999999999989	0.14820966086042453
-0.731999999999999762	0.147876071820362054
-0.725999999999999979	0.147566670561073171
-0.719999999999999751	0.147332329070182816
-0.713999999999999968	0.147225626962367517
-0.707999999999999741	0.147151865847736374
-0.701999999999999957	0.146956311245344418
-0.69599999999999973	0.146610734455645542
-0.689999999999999947	0.146139370552133357
-0.684000000000000163	0.145602391192618419
-0.677999999999999936	0.144987121796862378
-0.672000000000000153	0.14437857359657838
-0.665999999999999925	0.143666610495855135
-0.660000000000000142	0.143137460818615864
-0.653999999999999915	0.143101050389972645
-0.648000000000000131	0.143253103969556372
-0.641999999999999904	0.143227179808410737
-0.636000000000000121	0.143053536036373941
-0.629999999999999893	0.142961192274228627
-0.62400000000000011	0.142961396622933806
-0.617999999999999883	0.14299276304618963
-0.612000000000000099	0.14267633548868866
-0.605999999999999872	0.142043366197107029
-0.600000000000000089	0.141559810090233024
-0.593999999999999861	0.141577894210242416
-0.588000000000000078	0.141960612506575379
-0.581999999999999851	0.142468763843533047
-0.576000000000000068	0.143023675989344207
-0.56999999999999984	0.143323785865887954
-0.564000000000000057	0.142937566066205252
-0.557999999999999829	0.142343636383500227
-0.552000000000000046	0.142046774583165197
-0.545999999999999819	0.141820701925170073
-0.540000000000000036	0.141581013096324176
-0.533999999999999808	0.141025769734131556
-0.528000000000000025	0.140355031121408486
-0.521999999999999797	0.140056375082966866
-0.516000000000000014	0.140026313090317739
-0.509999999999999787	0.140289241268685416
-0.504000000000000004	0.140603271172668465
-0.497999999999999776	0.140495845261684099
-0.491999999999999993	0.140998170068876577
-0.485999999999999766	0.14216750441502235
-0.479999999999999982	0.142449291543646966
-0.473999999999999755	0.141569652255507689
-0.467999999999999972	0.140524466067002862
-0.461999999999999744	0.1399396051424249
-0.455999999999999961	0.13966723265781314
-0.449999999999999734	0.139408617385052475
-0.44399999999999995	0.139325685855714754
-0.438000000000000167	0.139907788267424865
-0.43199999999999994	0.140497336841328174
-0.426000000000000156	0.140867267851871286
-0.419999999999999929	0.141646333082188602
-0.414000000000000146	0.142259827999867472
-0.407999999999999918	0.142266019583867531
-0.402000000000000135	0.141606960540601012
-0.395999999999999908	0.142510451038396629
-0.390000000000000124	0.143978024011171241
-0.383999999999999897	0.143256818591975504
-0.378000000000000114	0.143024697408578372
-0.371999999999999886	0.143354829338086465
-0.366000000000000103	0.142608785572849728
-0.359999999999999876	0.143086862033448586
-0.354000000000000092	0.144093433390457215
-0.347999999999999865	0.146091385709018307
-0.342000000000000082	0.148372156564487712
-0.335999999999999854	0.149645566577957689
-0.330000000000000071	0.148812375355190651
-0.323999999999999844	0.147164879355541345
-0.31800000000000006	0.14543834683200843
-0.311999999999999833	0.146028540905542958
-0.30600000000000005	0.14778004320244495
-0.299999999999999822	0.150469237882688872
-0.294000000000000039	0.153391607400194502
-0.287999999999999812	0.15422895462896094
-0.282000000000000028	0.154326353193945442
-0.275999999999999801	0.156812711793629322
-0.270000000000000018	0.15839134405574759
-0.26399999999999979	0.157204793585629332
-0.258000000000000007	0.155417093898209069
-0.25199999999999978	0.157357582040133392
-0.245999999999999996	0.160270902455892983
-0.239999999999999769	0.163290542751218404
-0.233999999999999986	0.167472073844213698
-0.227999999999999758	0.172526462976031303
-0.221999999999999975	0.173601684330660311
-0.215999999999999748	0.175411281388572537
-0.209999999999999964	0.176353498520056384
-0.203999999999999737	0.18082598345891307
-0.197999999999999954	0.181720824755449761
-0.191999999999999726	0.181941558815196802
-0.185999999999999943	0.18703454212477319
-0.18000000000000016	0.187719479189079996
-0.173999999999999932	0.192294519723032131
-0.168000000000000149	0.195125857009332854
-0.161999999999999922	0.201094533505902395
-0.156000000000000139	0.205697984842803688
-0.149999999999999911	0.208899714346526488
-0.144000000000000128	0.219256158587092492
-0.137999999999999901	0.224936067246997884
-0.132000000000000117	0.229320366828291489
-0.12599999999999989	0.235182525215552607
-0.120000000000000107	0.24597002417123412
-0.113999999999999879	0.261360987782904564
-0.108000000000000096	0.266569842738113294
-0.101999999999999869	0.280776098973841037
-0.0960000000000000853	0.295488616815958782
-0.0899999999999998579	0.318140889901035118
-0.0840000000000000746	0.3248508663328466
-0.0779999999999998472	0.349912445556141427
-0.0720000000000000639	0.375577652470901024
-0.0659999999999998366	0.407952966366155967
-0.0600000000000000533	0.434854555105698704
-0.0539999999999998259	0.480918805293793439
-0.0480000000000000426	0.530577954994325585
-0.0419999999999998153	0.581390405791095799
-0.036000000000000032	0.641706168419539313
-0.0299999999999998046	0.722213551305529777
-0.0240000000000000213	0.794788436237648388
-0.0179999999999997939	0.891893887768358318
-0.0120000000000000107	0.969029701051203785
-0.00599999999999978328	1.02789253769334699
0	1.06102892252485281
0.00600000000000022737	1.01974777673218497
0.0120000000000000107	0.971856097801801044
0.018000000000000238	0.89075832291713497
0.0240000000000000213	0.803991759241900805
0.0300000000000002487	0.722816934125707911
0.036000000000000032	0.646558631261245909
0.0420000000000002593	0.574795841929280571
0.0480000000000000426	0.519719142170176229
0.05400000000000027	0.47072750525916518
0.0600000000000000533	0.429387498379322885
0.0660000000000002807	0.400554707224322126
0.0720000000000000639	0.374960925568181336
0.0779999999999998472	0.354390455550429473
0.0840000000000000746	0.336119646238437431
0.0899999999999998579	0.31185276684753821
0.0960000000000000853	0.294578519867505051
0.101999999999999869	0.279109756151963651
0.108000000000000096	0.269062822486871744
0.113999999999999879	0.253566921179503191
0.120000000000000107	0.246198214128512949
0.12599999999999989	0.229325738194541023
0.132000000000000117	0.224452725167054307
0.137999999999999901	0.219857210727317731
0.144000000000000128	0.218134453758749153
0.149999999999999911	0.215230953822254267
0.156000000000000139	0.207619559230395656
0.161999999999999922	0.196560942218489382
0.168000000000000149	0.199414396682444262
0.173999999999999932	0.19472459342530915
0.18000000000000016	0.188407157938099257
0.185999999999999943	0.186416779622125994
0.192000000000000171	0.182795209299352945
0.197999999999999954	0.178218537260879412
0.204000000000000181	0.176428027735899995
0.209999999999999964	0.174913588135604398
0.216000000000000192	0.173371318655165668
0.221999999999999975	0.170689975410618811
0.228000000000000203	0.167043181348480702
0.233999999999999986	0.16509220852093251
0.240000000000000213	0.165820791498788728
0.245999999999999996	0.164365797927621682
0.252000000000000224	0.161830057257338983
0.258000000000000007	0.161438539898938888
0.264000000000000234	0.162156708246295606
0.270000000000000018	0.161500812877204136
0.276000000000000245	0.158821880633552459
0.282000000000000028	0.155290929585783888
0.288000000000000256	0.154596160673486305
0.294000000000000039	0.153763003345091853
0.300000000000000266	0.153031651721756173
0.30600000000000005	0.153388725759285721
0.312000000000000277	0.152485651981752152
0.31800000000000006	0.152638731904413044
0.324000000000000288	0.151147696395307174
0.330000000000000071	0.149380086571625603
0.335999999999999854	0.147191359968316338
0.342000000000000082	0.144367847769580476
0.347999999999999865	0.143738421854881948
0.354000000000000092	0.144180749273437325
0.359999999999999876	0.144554547812631468
0.366000000000000103	0.145046149641535588
0.371999999999999886	0.14529975379506041
0.378000000000000114	0.145347009819704664
0.383999999999999897	0.145049290037794792
0.390000000000000124	0.143600531145868848
0.395999999999999908	0.143388112363317083
0.402000000000000135	0.14415668082189545
0.407999999999999918	0.143363073417828502
0.414000000000000146	0.141669690032572765
0.419999999999999929	0.140570462094724652
0.426000000000000156	0.13974663458578121
0.43199999999999994	0.139325559055143489
0.438000000000000167	0.138980449739283807
0.44399999999999995	0.138762158506110372
0.450000000000000178	0.138867915673614784
0.455999999999999961	0.139443224616647321
0.462000000000000188	0.140475147208000112
0.467999999999999972	0.140903050386272599
0.474000000000000199	0.140800206760604923
0.479999999999999982	0.14091043513362439
0.48600000000000021	0.140783309430496023
0.491999999999999993	0.140517996037374721
0.49800000000000022	0.140439773181359584
0.504000000000000004	0.140816709277997415
0.510000000000000231	0.141589191447253987
0.516000000000000014	0.141827928959976729
0.522000000000000242	0.141750562120211032
0.528000000000000025	0.141725667630876961
0.534000000000000252	0.14212056901021633
0.540000000000000036	0.142324370298510389
0.546000000000000263	0.141845083815567929
0.552000000000000046	0.140608108331513632
0.558000000000000274	0.139676246644449303
0.564000000000000057	0.140036397111973965
0.570000000000000284	0.141038918981328393
0.576000000000000068	0.14175207623869035
0.582000000000000295	0.141882017936015459
0.588000000000000078	0.141858603429261626
0.593999999999999861	0.141984636154087462
0.600000000000000089	0.142539071421259017
0.605999999999999872	0.143255794301922729
0.612000000000000099	0.143805717358827273
0.617999999999999883	0.143967840453281565
0.62400000000000011	0.143904671325980338
0.629999999999999893	0.144003372981302308
0.636000000000000121	0.144088430754105851
0.641999999999999904	0.143960968763283126
0.648000000000000131	0.143764564192027267
0.653999999999999915	0.143689438280083542
0.660000000000000142	0.143594888611302152
0.665999999999999925	0.143416671681168645
0.672000000000000153	0.143444969238937042
0.677999999999999936	0.143662248360002492
0.684000000000000163	0.143886044548282938
0.689999999999999947	0.144287719776343498
0.696000000000000174	0.144821325632710635
0.701999999999999957	0.145167527827978371
0.708000000000000185	0.145420255472484772
0.713999999999999968	0.145909528962783835
0.720000000000000195	0.146684984215935066
0.725999999999999979	0.147619277409924754
0.732000000000000206	0.148564626460496341
0.737999999999999989	0.149429450582451162
0.744000000000000217	0.150164939469401598
0.75	0.150794066211997341
0.756000000000000227	0.151254469814724818
0.762000000000000011	0.151511824497278458
0.768000000000000238	0.151824658969745618
0.774000000000000021	0.152340215392487599
0.780000000000000249	0.152907627933230011
0.786000000000000032	0.153396830353915214
0.792000000000000259	0.153816996482774221
0.798000000000000043	0.154228118578075779
0.80400000000000027	0.154803441145219545
0.810000000000000053	0.155514279864887223
0.816000000000000281	0.156171741048083457
0.822000000000000064	0.156753061167149016
0.828000000000000291	0.15731496251871227
0.834000000000000075	0.157824737294463002
0.839999999999999858	0.158209743522280982
0.846000000000000085	0.158412701526162575
0.851999999999999869	0.158395801375596529
0.858000000000000096	0.158249681106705009
0.863999999999999879	0.158171078227262202
0.870000000000000107	0.158318544686163826
0.87599999999999989	0.158712533468711975
0.882000000000000117	0.159287146778810701
0.887999999999999901	0.15997589755455946
0.894000000000000128	0.160701297637763058
0.899999999999999911	0.161416169698486489
0.906000000000000139	0.162160405686772424
0.911999999999999922	0.163010258587360318
0.918000000000000149	0.164005097422940893
0.923999999999999932	0.165023025873131418
0.93000000000000016	0.16587717563132412
0.935999999999999943	0.166457576597385998
0.942000000000000171	0.166771282086578931
0.947999999999999954	0.166905010481009031
0.954000000000000181	0.166985661524936352
0.959999999999999964	0.167091475962107217
0.966000000000000192	0.167276343393434501
0.971999999999999975	0.167623714431823972
0.978000000000000203	0.168135949111162947
0.983999999999999986	0.168692914331453836
0.990000000000000213	0.169222345091396609
0.995999999999999996	0.16980361350017778
1.00199999999999978	0.170528555473324045
1.00800000000000001	0.1713990639113884
1.01400000000000023	0.172381706440762783
1.02000000000000046	0.173417991226221702
1.0259999999999998	0.174361666371414231
1.03200000000000003	0.175067168216501728
1.03800000000000026	0.175548259957426928
1.04400000000000048	0.175921476973623814
1.04999999999999982	0.176267235909020104
1.05600000000000005	0.17662202040858499
1.06200000000000028	0.176995678863248601
1.0680000000000005	0.177325527885423495
1.07399999999999984	0.177553319029142093
1.08000000000000007	0.177718920291935978
1.0860000000000003	0.177893142022728795
1.09200000000000053	0.17811476805236201
1.09799999999999986	0.178423273037689928
1.10400000000000009	0.178862144324487132
1.11000000000000032	0.179434276129832954
1.11599999999999966	0.180084371080548422
1.12199999999999989	0.180746524159688199
1.12800000000000011	0.181386924465830462
1.13400000000000034	0.182011004995144887
1.13999999999999968	0.182667252145442299
1.14599999999999991	0.183398179395332567
1.15200000000000014	0.18419136985855486
1.15800000000000036	0.184999247854144067
1.1639999999999997	0.185777308834981558
1.16999999999999993	0.186485752948612277
1.17600000000000016	0.187078279156241034
1.18200000000000038	0.187522320714859692
1.18799999999999972	0.187818587714593033
1.19399999999999995	0.187992602819691046
1.20000000000000018	0.188102336822839888
1.20600000000000041	0.188247584450980582
1.21199999999999974	0.188514079365224851
1.21799999999999997	0.18891392424990483
1.2240000000000002	0.189395421122068641
1.23000000000000043	0.189903075171259428
1.23599999999999977	0.190439606227513492
1.24199999999999999	0.191038352474005718
1.24800000000000022	0.191670104415701287
1.25400000000000045	0.192229935098035237
1.25999999999999979	0.192614579531176
1.26600000000000001	0.192801029333871332
1.27200000000000024	0.192881209646859064
1.27800000000000047	0.193009067478315199
1.28399999999999981	0.193278527348098389
1.29000000000000004	0.193676257063513241
1.29600000000000026	0.194153368028633505
1.30200000000000049	0.194692831985246034
1.30799999999999983	0.195295848150427942
1.31400000000000006	0.195935154676239898
1.32000000000000028	0.196550459326083504
1.32600000000000051	0.197072642503548945
1.33199999999999985	0.197451713716344013
1.33800000000000008	0.197683317899261191
1.34400000000000031	0.197802445768292756
1.35000000000000053	0.197854075214330599
1.35599999999999987	0.197886116289214292
1.3620000000000001	0.197950080785955967
1.36800000000000033	0.198073691208905889
1.37399999999999967	0.19824189101735995
1.37999999999999989	0.198416209032214103
1.38600000000000012	0.198556048471486862
1.39200000000000035	0.198632115059253322
1.39799999999999969	0.19864894599278668
1.40399999999999991	0.198641520257532678
1.41000000000000014	0.198637363464115202
1.41600000000000037	0.19864421333438273
1.42199999999999971	0.19866409850433378
1.42799999999999994	0.198690636114391944
1.43400000000000016	0.198697821920081785
1.44000000000000039	0.198646641814367197
1.44599999999999973	0.198509995120064509
1.45199999999999996	0.198290792974777641
1.45800000000000018	0.198012792442235658
1.46400000000000041	0.197700739988503765
1.46999999999999975	0.197371147057848112
1.47599999999999998	0.197033561209375374
1.48200000000000021	0.19669510250362307
1.48800000000000043	0.196365574427185163
1.49399999999999977	0.196058286077673116
1.5	0.195777804226638263
1.50600000000000023	0.195507150688910197
1.51200000000000045	0.195220577950131119
1.51799999999999979	0.194909453203131966
1.52400000000000002	0.194587823400794918
1.53000000000000025	0.19427771657268722
1.53600000000000048	0.193994656497594203
1.54199999999999982	0.193740500398635412
1.54800000000000004	0.193500745843615152
1.55400000000000027	0.193244960377679659
1.5600000000000005	0.192936586276440974
1.56599999999999984	0.192551936967598619
1.57200000000000006	0.192088779313648705
1.57800000000000029	0.191554352669586592
1.58400000000000052	0.190953684480815455
1.58999999999999986	0.190295927818041222
1.59600000000000009	0.189605156345278192
1.60200000000000031	0.188915742664861358
1.60800000000000054	0.188253625297023219
1.61399999999999988	0.187619749241915101
1.62000000000000011	0.186992643128926495
1.62600000000000033	0.186350564175124189
1.63199999999999967	0.185691897473083317
1.6379999999999999	0.185035789421828772
1.64400000000000013	0.184406362937059004
1.65000000000000036	0.183816189395236279
1.65599999999999969	0.18325871887231801
1.66199999999999992	0.182709183202237002
1.66800000000000015	0.182133030873300572
1.67400000000000038	0.181500829946464048
1.67999999999999972	0.180800827037104123
1.68599999999999994	0.180040455000924193
1.69200000000000017	0.179240245244743607
1.6980000000000004	0.17842706919067608
1.70399999999999974	0.177625380766258223
1.70999999999999996	0.176846539402470693
1.71600000000000019	0.176084065024861902
1.72200000000000042	0.175317264942065509
1.72799999999999976	0.174517576898631704
1.73399999999999999	0.173656364853322004
1.74000000000000021	0.172716563028090603
1.74600000000000044	0.171701809556003893
1.75199999999999978	0.170632394995939546
1.75800000000000001	0.16953063396069129
1.76400000000000023	0.168409923272309997
1.77000000000000046	0.167275347286574422
1.7759999999999998	0.166130469421435473
1.78200000000000003	0.164981355281402231
1.78800000000000026	0.163835451032558227
1.79400000000000048	0.16269892375632411
1.79999999999999982	0.161575251471736875
1.80600000000000005	0.160464427977960539
1.81200000000000028	0.159362141151647541
1.8180000000000005	0.158260654867651535
1.82399999999999984	0.157151936413163801
1.83000000000000007	0.15603038638329722
1.8360000000000003	0.154894467937947811
1.84200000000000053	0.153748727346032898
1.84799999999999986	0.152604936303858574
1.85400000000000009	0.151479476926750595
1.86000000000000032	0.150387031520363645
1.86599999999999966	0.149334178963600184
1.87199999999999989	0.148316802257057262
1.87800000000000011	0.147322439154716545
1.88400000000000034	0.146335546279633161
1.88999999999999968	0.145342687553377592
1.89599999999999991	0.144336284151401095
1.90200000000000014	0.143316756169484527
1.90800000000000036	0.142291933948493904
1.9139999999999997	0.141272738645181833
1.91999999999999993	0.140266587352502359
1.92600000000000016	0.139272360401484746
1.93200000000000038	0.138280621950253896
1.93799999999999972	0.13727888248430889
1.94399999999999995	0.136257933890458149
1.95000000000000018	0.135215779638697436
1.95600000000000041	0.134157841165745251
1.96199999999999974	0.133093989351424052
1.96799999999999997	0.132034602121418071
1.9740000000000002	0.130987384622456265
1.98000000000000043	0.129955185925858863
1.98599999999999977	0.128935092029680315
1.99199999999999999	0.127919584221486138
1.99800000000000022	0.126899756139575659
2.00400000000000045	0.125869047031443665
2.00999999999999979	0.124825476629520982
2.01600000000000001	0.123771846382118272
2.02200000000000024	0.122715101212458905
2.02800000000000047	0.121665574408545626
2.03399999999999981	0.1206351180363157
2.04000000000000004	0.119633449204434833
2.04600000000000026	0.118664346391734454
2.05200000000000049	0.117724223785414653
2.05799999999999983	0.11680399686120356
2.06400000000000006	0.115893086046062674
2.07000000000000028	0.114983393076748583
2.07600000000000051	0.114071179517008042
2.08199999999999985	0.113156034994594992
2.08800000000000008	0.112238155061208378
2.09400000000000031	0.111316306967477407
2.10000000000000053	0.11038796604154115
2.10599999999999987	0.109451179671729612
2.1120000000000001	0.108506375541467345
2.11800000000000033	0.107556502860659181
2.12399999999999967	0.106605670148591417
2.12999999999999989	0.105657903838899184
2.13600000000000012	0.104716940445229167
2.14200000000000035	0.103786477120790824
2.14799999999999969	0.10287020701186611
2.15399999999999991	0.101971643768216644
2.16000000000000014	0.101093731779040366
2.16600000000000037	0.100238012037031782
2.17199999999999971	0.0994035393917669791
2.17799999999999994	0.0985863260998974256
2.18400000000000016	0.0977799565514523988
2.19000000000000039	0.0969772328773048919
2.19599999999999973	0.0961721611513765284
2.20199999999999996	0.0953617067382782624
2.20800000000000018	0.0945468796682220891
2.21400000000000041	0.0937325436648997201
2.21999999999999975	0.0929256629462534289
2.22599999999999998	0.0921327652922040025
2.23200000000000021	0.0913579771659021045
2.23800000000000043	0.0906022623440326663
2.24399999999999977	0.0898634861111057975
2.25	0.0891368406805187613
2.25600000000000023	0.0884157470754484281
2.26200000000000045	0.0876934862544549304
2.26799999999999979	0.086965141564536011
2.27400000000000002	0.0862288197550889757
2.28000000000000025	0.0854854418570226704
2.28600000000000048	0.0847374600687102325
2.29199999999999982	0.0839876270447179885
2.29800000000000004	0.0832386333873205153
2.30400000000000027	0.0824934169907027698
2.3100000000000005	0.0817553116001406704
2.31599999999999984	0.0810274819156148324
2.32200000000000006	0.0803119280086823234
2.32800000000000029	0.0796089015377673542
2.33400000000000052	0.078917276819292892
2.33999999999999986	0.0782355746292438536
2.34600000000000009	0.0775628168747332924
2.35200000000000031	0.0768986502891447488
2.35800000000000054	0.076242894195723887
2.36399999999999988	0.0755951101070257286
2.37000000000000011	0.0749545703233919225
2.37600000000000033	0.0743205136233694302
2.38199999999999967	0.0736923979097235948
2.3879999999999999	0.0730700020782442117
2.39400000000000013	0.0724533720335095305
2.40000000000000036	0.0718426563393616546
2.40599999999999969	0.0712379278606596333
2.41199999999999992	0.0706391345872340454
2.41800000000000015	0.070046264938832703
2.42400000000000038	0.0694596274190593249
2.42999999999999972	0.0688799808048820711
2.43599999999999994	0.0683083219741853764
2.44200000000000017	0.0677454362019353634
2.4480000000000004	0.0671915267644382641
2.45399999999999974	0.0666461236965025794
2.45999999999999996	0.0661081788173682738
2.46600000000000019	0.0655761284489124185
2.47200000000000042	0.0650478568716959527
2.47799999999999976	0.0645207120854335431
2.48399999999999999	0.0639917606795292193
2.49000000000000021	0.0634582971480429359
2.49600000000000044	0.0629184289393908414
2.50199999999999978	0.0623715131671133197
2.50800000000000001	0.061818330058624596
2.51400000000000023	0.0612610173400086749
2.52000000000000046	0.0607028330232943364
2.5259999999999998	0.0601477531574163282
2.53200000000000003	0.0595998711329276745
2.53800000000000026	0.0590626542939878402
2.54400000000000048	0.0585382682003203619
2.54999999999999982	0.0580272247425436469
2.55600000000000005	0.0575284695009937105
2.56200000000000028	0.0570398146095155781
2.5680000000000005	0.0565585245201641745
2.57399999999999984	0.0560819040730637791
2.58000000000000007	0.0556078051643400517
2.5860000000000003	0.0551349771159466082
2.59200000000000053	0.0546631783287481673
2.59799999999999986	0.0541930253073644938
2.60400000000000009	0.0537256761641944983
2.61000000000000032	0.0532625213231959493
2.61600000000000055	0.0528049909269336995
2.62199999999999989	0.0523544370322201469
2.62800000000000011	0.0519119700769657619
2.63400000000000034	0.0514782118194467911
2.63999999999999968	0.0510530813227307728
2.64599999999999991	0.0506357921985629775
2.65200000000000014	0.0502251403776272642
2.65800000000000036	0.0498199777294567395
2.6639999999999997	0.049419635834656625
2.66999999999999993	0.0490240805655311196
2.67600000000000016	0.0486337297823172393
2.68200000000000038	0.0482490521628375427
2.68799999999999972	0.0478701767539861309
2.69399999999999995	0.0474967283794081735
2.70000000000000018	0.0471279748056167569
2.70600000000000041	0.0467631946525881165
2.71199999999999974	0.0464020565525966044
2.71799999999999997	0.0460448142130184326
2.7240000000000002	0.0456922381035447175
2.73000000000000043	0.0453453268853077351
2.73599999999999977	0.0450049148134131077
2.74199999999999999	0.0446713192940305023
2.74800000000000022	0.0443441613853305661
2.75400000000000045	0.0440224286000325468
2.75999999999999979	0.0437047438286846737
2.76600000000000001	0.0433897128353368453
2.77200000000000024	0.0430762036418196673
2.77800000000000047	0.0427634682291200482
2.78399999999999981	0.04245110637218346
2.79000000000000004	0.0421389440780887414
2.79600000000000026	0.0418269226231314864
2.80200000000000049	0.0415150602089921286
2.80799999999999983	0.0412034830236756786
2.81400000000000006	0.0408924742569226757
2.82000000000000028	0.0405824895225406976
2.82600000000000051	0.0402741258613254008
2.83199999999999985	0.0399680719391788952
2.83800000000000008	0.0396650745991579748
2.84400000000000031	0.0393659260201059888
2.85000000000000053	0.0390714355771863836
2.85599999999999987	0.0387823400369246493
2.8620000000000001	0.0384991388847065741
2.86800000000000033	0.0382218982189649129
2.87400000000000055	0.0379501103535709802
2.87999999999999989	0.0376826964010816903
2.88600000000000012	0.0374181889750218044
2.89200000000000035	0.0371550561178894054
2.89799999999999969	0.0368920649183034771
2.90399999999999991	0.0366285623525285167
2.91000000000000014	0.0363645782622243202
2.91600000000000037	0.0361007201938130101
2.92199999999999971	0.0358379080624422475
2.92799999999999994	0.0355770548518237126
2.93400000000000016	0.0353188100073435554
2.94000000000000039	0.0350634429238050604
2.94599999999999973	0.0348108799410258574
2.95199999999999996	0.0345608500027069707
2.95800000000000018	0.0343130609788280388
2.96400000000000041	0.034067329931241272
2.96999999999999975	0.0338236255991148926
2.97599999999999998	0.0335820313885225111
2.98200000000000021	0.0333426716787769625
2.98800000000000043	0.0331056454909181494
2.99399999999999977	0.0328709882699517036
3	0.0326386586284167432
