-3	0.0145270632152453283
-2.99400000000000022	0.0145996477644594145
-2.98799999999999999	0.0146726404302027248
-2.98200000000000021	0.0147460677463507866
-2.97599999999999998	0.0148199880110679479
-2.9700000000000002	0.0148944850207775141
-2.96399999999999997	0.0149696581589148919
-2.95800000000000018	0.015045611448288046
-2.95199999999999996	0.0151224416634596348
-2.94600000000000017	0.0152002244524230331
-2.93999999999999995	0.0152789994164160125
-2.93400000000000016	0.0153587582009785117
-2.92799999999999994	0.0154394404169217632
-2.92200000000000015	0.015520939764277623
-2.91599999999999993	0.0156031193184109889
-2.91000000000000014	0.0156858328362326181
-2.90399999999999991	0.0157689483661021639
-2.89800000000000013	0.0158523706932112776
-2.8919999999999999	0.0159360599227778704
-2.88600000000000012	0.0160200442506192552
-2.87999999999999989	0.0161044247735780792
-2.87400000000000011	0.0161893693743785268
-2.86799999999999988	0.016275093144763015
-2.8620000000000001	0.0163618257088943217
-2.85599999999999987	0.0164497702531501179
-2.85000000000000009	0.0165390628500036337
-2.84399999999999986	0.0166297417447181413
-2.83800000000000008	0.0167217338669028472
-2.83199999999999985	0.016814861291496945
-2.82600000000000007	0.0169088663942884056
-2.81999999999999984	0.0170034519167749296
-2.81400000000000006	0.017098329155002312
-2.80799999999999983	0.0171932635324754564
-2.80200000000000005	0.0172881058130481546
-2.79599999999999982	0.0173828026201565018
-2.79000000000000004	0.0174773889632290867
-2.78399999999999981	0.0175719714092785924
-2.77800000000000002	0.0176667095419661691
-2.7719999999999998	0.0177617974413511702
-2.76600000000000001	0.0178574418821300998
-2.75999999999999979	0.0179538348779041644
-2.754	0.0180511250080215915
-2.74800000000000022	0.0181493985825837909
-2.74199999999999999	0.0182486809368204612
-2.73599999999999977	0.0183489582971045444
-2.72999999999999998	0.0184502082009139583
-2.7240000000000002	0.0185524218028505321
-2.71799999999999997	0.0186556092825332191
-2.71199999999999974	0.0187597928588121715
-2.70599999999999996	0.0188649980807419869
-2.70000000000000018	0.0189712488958658498
-2.69399999999999995	0.0190785639438686393
-2.68800000000000017	0.0191869505662521193
-2.68199999999999994	0.0192963984386075212
-2.67600000000000016	0.0194068780058827203
-2.66999999999999993	0.019518346133352512
-2.66400000000000015	0.0196307570635782455
-2.65799999999999992	0.0197440758891937844
-2.65200000000000014	0.0198582928285782716
-2.64599999999999991	0.0199734345120834017
-2.64000000000000012	0.0200895636334857408
-2.6339999999999999	0.0202067591228701146
-2.62800000000000011	0.0203250809807300099
-2.62199999999999989	0.0204445384973232953
-2.6160000000000001	0.0205650819243699198
-2.60999999999999988	0.0206866219956478373
-2.60400000000000009	0.0208090635043948723
-2.59799999999999986	0.0209323343505933186
-2.59200000000000008	0.0210563995859199965
-2.58599999999999985	0.0211812592517692348
-2.58000000000000007	0.0213069342429376626
-2.57399999999999984	0.0214334500322850945
-2.56800000000000006	0.0215608325217358683
-2.56199999999999983	0.0216891237783527722
-2.55600000000000005	0.021818406191484091
-2.54999999999999982	0.0219488083986929539
-2.54400000000000004	0.0220804747357610971
-2.53799999999999981	0.0222135088299206841
-2.53200000000000003	0.0223479255737285415
-2.5259999999999998	0.022483644519958771
-2.52000000000000002	0.0226205353753185304
-2.51400000000000023	0.0227584970163642736
-2.50800000000000001	0.0228975295583240777
-2.50199999999999978	0.0230377593764677022
-2.496	0.0231794030077652966
-2.49000000000000021	0.0233226894912958345
-2.48399999999999999	0.0234677790274580439
-2.47799999999999976	0.0236147105537646909
-2.47199999999999998	0.0237633894438284456
-2.46600000000000019	0.0239136053231505698
-2.45999999999999996	0.0240650660778697102
-2.45399999999999974	0.0242174494257754933
-2.44799999999999995	0.0243704820840724076
-2.44200000000000017	0.0245240330742331827
-2.43599999999999994	0.0246781736747778147
-2.42999999999999972	0.0248331627833814073
-2.42399999999999993	0.0249893684832214712
-2.41800000000000015	0.0251471789542033405
-2.41199999999999992	0.0253069471340122351
-2.40600000000000014	0.0254689765372293105
-2.39999999999999991	0.0256335310785136654
-2.39400000000000013	0.0258008462168879404
-2.3879999999999999	0.0259711210424219581
-2.38200000000000012	0.0261444791243113685
-2.37599999999999989	0.0263209029614998279
-2.37000000000000011	0.0265001700192514199
-2.36399999999999988	0.026681833535229342
-2.3580000000000001	0.0268652790739340418
-2.35199999999999987	0.0270498477784397971
-2.34600000000000009	0.0272349774536396819
-2.33999999999999986	0.0274203047446086104
-2.33400000000000007	0.0276057020065188993
-2.32799999999999985	0.0277912648288232041
-2.32200000000000006	0.027977286889325978
-2.31599999999999984	0.0281642474765592711
-2.31000000000000005	0.0283528061992963168
-2.30399999999999983	0.028543770372758466
-2.29800000000000004	0.0287379960446140087
-2.29199999999999982	0.0289362164152827707
-2.28600000000000003	0.0291388466886798279
-2.28000000000000025	0.0293458567728371658
-2.27400000000000002	0.029556801248187551
-2.26799999999999979	0.0297710237735137294
-2.26200000000000001	0.0299879307303356039
-2.25600000000000023	0.0302071680746445678
-2.25	0.0304286152128251525
-2.24399999999999977	0.030652241563407439
-2.23799999999999999	0.0308779260705694773
-2.23200000000000021	0.0311053259016765213
-2.22599999999999998	0.0313338679979034626
-2.21999999999999975	0.0315628981485865864
-2.21399999999999997	0.0317919091477850066
-2.20800000000000018	0.0320206888895882766
-2.20199999999999996	0.0322493203121241023
-2.19599999999999973	0.0324781367303465032
-2.18999999999999995	0.0327077498307693296
-2.18400000000000016	0.0329390997880849717
-2.17799999999999994	0.0331733733523311494
-2.17199999999999971	0.0334117393818894326
-2.16599999999999993	0.0336550275616898098
-2.16000000000000014	0.0339035353051035035
-2.15399999999999991	0.0341570450749147103
-2.14800000000000013	0.0344149738883397713
-2.1419999999999999	0.0346765028358866703
-2.13600000000000012	0.0349406132836645525
-2.12999999999999989	0.0352061154253662037
-2.12400000000000011	0.0354718200341825607
-2.11799999999999988	0.0357368789192179653
-2.1120000000000001	0.0360011195363788353
-2.10599999999999987	0.0362651363561481976
-2.10000000000000009	0.0365300536520112296
-2.09399999999999986	0.0367970882685846323
-2.08800000000000008	0.0370671213740042457
-2.08199999999999985	0.0373404332366239003
-2.07600000000000007	0.037616658821433481
-2.06999999999999984	0.0378949501598176211
-2.06400000000000006	0.0381743271812100965
-2.05799999999999983	0.0384541777082133204
-2.05200000000000005	0.0387347509567293677
-2.04599999999999982	0.0390174131360513932
-2.04000000000000004	0.0393045073178415333
-2.03399999999999981	0.0395988010211479682
-2.02800000000000002	0.0399026684783436308
-2.02200000000000024	0.0402173574755225957
-2.01600000000000001	0.0405427247636918203
-2.00999999999999979	0.0408774929675684087
-2.004	0.0412197244782449568
-1.998	0.0415672265609131827
-1.99199999999999999	0.0419178395402657403
-1.98599999999999999	0.042269691961747749
-1.97999999999999998	0.0426214709972260672
-1.97399999999999998	0.0429726450581536037
-1.96799999999999997	0.043323503817323146
-1.96199999999999997	0.0436749501167644424
-1.95599999999999996	0.044028157462218373
-1.94999999999999996	0.0443843120966616253
-1.94399999999999995	0.0447445530072071856
-1.93799999999999994	0.045110019236057057
-1.93199999999999994	0.0454818459671913963
-1.92599999999999993	0.0458610173592682371
-1.91999999999999993	0.0462480545231928955
-1.91399999999999992	0.0466426202511046675
-1.90799999999999992	0.0470432554784949095
-1.90199999999999991	0.0474474770475829047
-1.89599999999999991	0.0478523472080341836
-1.8899999999999999	0.048255393929286676
-1.8839999999999999	0.0486554591198192429
-1.87799999999999989	0.0490530108612692931
-1.87199999999999989	0.0494498341206245154
-1.86599999999999988	0.0498484712101005881
-1.85999999999999988	0.0502517741146228519
-1.85399999999999987	0.0506624558103034861
-1.84799999999999986	0.0510824270063146083
-1.84200000000000008	0.0515121958655459095
-1.83600000000000008	0.0519508067781370916
-1.83000000000000007	0.0523963845367528408
-1.82400000000000007	0.0528469308945052896
-1.81800000000000006	0.0533009816813060922
-1.81200000000000006	0.0537579152511997033
-1.80600000000000005	0.0542179645216394057
-1.80000000000000004	0.0546821349632275258
-1.79400000000000004	0.0551519534165111416
-1.78800000000000003	0.0556287550668352684
-1.78200000000000003	0.0561128427110940339
-1.77600000000000002	0.0566034825737386504
-1.77000000000000002	0.0570998082732785198
-1.76400000000000001	0.057601387019660652
-1.75800000000000001	0.0581078766681254674
-1.752	0.0586187155431040705
-1.746	0.0591333550596382235
-1.73999999999999999	0.0596514490173543493
-1.73399999999999999	0.060172929427888204
-1.72799999999999998	0.0606982033952102526
-1.72199999999999998	0.0612278462792774578
-1.71599999999999997	0.0617616117558074662
-1.70999999999999996	0.0622979726941361445
-1.70399999999999996	0.0628350168304836754
-1.69799999999999995	0.0633720187937257956
-1.69199999999999995	0.063910470630702404
-1.68599999999999994	0.0644538270634009702
-1.67999999999999994	0.065006343442489109
-1.67399999999999993	0.0655718194356622874
-1.66799999999999993	0.0661521817687680258
-1.66199999999999992	0.066746086601833246
-1.65599999999999992	0.0673487744558544515
-1.64999999999999991	0.0679537576845348074
-1.64399999999999991	0.0685557698667008525
-1.6379999999999999	0.0691535702807447583
-1.6319999999999999	0.0697508303351064701
-1.62599999999999989	0.0703547658087825961
-1.61999999999999988	0.0709736066371400021
-1.61399999999999988	0.0716137683011052323
-1.60799999999999987	0.0722779385371478261
-1.60199999999999987	0.0729655918556689626
-1.59599999999999986	0.0736745100708119938
-1.59000000000000008	0.0744006594961586498
-1.58400000000000007	0.0751376449454303763
-1.57800000000000007	0.0758782371931978339
-1.57200000000000006	0.0766169918234170105
-1.56600000000000006	0.0773519799807275976
-1.56000000000000005	0.0780849325506813019
-1.55400000000000005	0.0788191239387965314
-1.54800000000000004	0.079556388516245094
-1.54200000000000004	0.0802965487988316212
-1.53600000000000003	0.0810392240275633613
-1.53000000000000003	0.0817850431583258541
-1.52400000000000002	0.0825362106425340802
-1.51800000000000002	0.0832976590783246901
-1.51200000000000001	0.0840774735948006807
-1.50600000000000001	0.0848853725282862626
-1.5	0.0857291205957594893
-1.49399999999999999	0.0866101360603209192
-1.48799999999999999	0.0875215002720194646
-1.48199999999999998	0.0884504121967752827
-1.47599999999999998	0.0893836918043571238
-1.46999999999999997	0.0903126329897245145
-1.46399999999999997	0.0912333638138617675
-1.45799999999999996	0.092142751856731625
-1.45199999999999996	0.0930351333476935605
-1.44599999999999995	0.0939039438520667125
-1.43999999999999995	0.0947479220953283546
-1.43399999999999994	0.0955775501665488553
-1.42799999999999994	0.0964142714879997614
-1.42199999999999993	0.0972797091003972242
-1.41599999999999993	0.0981829661541619297
-1.40999999999999992	0.0991192791984600308
-1.40399999999999991	0.100080950879534683
-1.39799999999999991	0.101065631677564646
-1.3919999999999999	0.102073370599768717
-1.3859999999999999	0.103100472482675926
-1.37999999999999989	0.104139742674502628
-1.37399999999999989	0.105183315747189671
-1.36799999999999988	0.106221776743591179
-1.36199999999999988	0.10724405647110008
-1.35599999999999987	0.108244796349465683
-1.34999999999999987	0.109233515697006539
-1.34399999999999986	0.110230887782521228
-1.33799999999999986	0.111251889426899717
-1.33200000000000007	0.11229556469413296
-1.32600000000000007	0.113350599147854669
-1.32000000000000006	0.114403806187953608
-1.31400000000000006	0.115445892202974812
-1.30800000000000005	0.116478468102297242
-1.30200000000000005	0.117512785679589352
-1.29600000000000004	0.118558186679747754
-1.29000000000000004	0.119615389277711204
-1.28400000000000003	0.120680163048177663
-1.27800000000000002	0.121749158434970056
-1.27200000000000002	0.122821189817451867
-1.26600000000000001	0.123895812376289799
-1.26000000000000001	0.124979289904119314
-1.254	0.126091059384043663
-1.248	0.127257463784610503
-1.24199999999999999	0.128493979401147068
-1.23599999999999999	0.129789172696776312
-1.22999999999999998	0.131104803187705898
-1.22399999999999998	0.132394222954604179
-1.21799999999999997	0.133627781380906502
-1.21199999999999997	0.134811534566462027
-1.20599999999999996	0.135985004779304031
-1.19999999999999996	0.137193791436180712
-1.19399999999999995	0.138454843543707629
-1.18799999999999994	0.139748133920777701
-1.18199999999999994	0.14104751898872811
-1.17599999999999993	0.14236015636913818
-1.16999999999999993	0.143723378445255096
-1.16399999999999992	0.145165057119216762
-1.15799999999999992	0.146676738994483663
-1.15199999999999991	0.148223143905954091
-1.14599999999999991	0.1497723717793642
-1.1399999999999999	0.151309129160803829
-1.1339999999999999	0.152823573267053009
-1.12799999999999989	0.154307435863418246
-1.12199999999999989	0.155759921115589423
-1.11599999999999988	0.157181564935878898
-1.10999999999999988	0.158572765365103591
-1.10399999999999987	0.159943849565689217
-1.09799999999999986	0.161302894917834005
-1.09199999999999986	0.162630521418754642
-1.08599999999999985	0.16389731745423658
-1.08000000000000007	0.165118831041414449
-1.07400000000000007	0.166347443385571087
-1.06800000000000006	0.167619469536323618
-1.06200000000000006	0.168928104627353276
-1.05600000000000005	0.170254254556045342
-1.05000000000000004	0.171600658248806548
-1.04400000000000004	0.172962731222513322
-1.03800000000000003	0.17430436323047474
-1.03200000000000003	0.175584614810185863
-1.02600000000000002	0.176792284560603252
-1.02000000000000002	0.177949536350836157
-1.01400000000000001	0.179116260259132437
-1.00800000000000001	0.180342669603203082
-1.002	0.181598451392859628
-0.995999999999999996	0.182803127460621856
-0.989999999999999769	0.183938993633723791
-0.983999999999999986	0.185075847550906003
-0.977999999999999758	0.186273696914616121
-0.971999999999999975	0.187526854265597759
-0.965999999999999748	0.188811216694868778
-0.959999999999999964	0.19012353751320929
-0.953999999999999737	0.191475538856124838
-0.947999999999999954	0.192871273510130725
-0.942000000000000171	0.19429255683441593
-0.935999999999999943	0.195668732860056399
-0.93000000000000016	0.196964307805296335
-0.923999999999999932	0.198234134590849598
-0.918000000000000149	0.199534040758006737
-0.911999999999999922	0.200881691607199764
-0.906000000000000139	0.202285606473933177
-0.899999999999999911	0.203714322243986862
-0.894000000000000128	0.2050809530438647
-0.887999999999999901	0.20630853100828514
-0.882000000000000117	0.207437204762430577
-0.87599999999999989	0.208566214162898222
-0.870000000000000107	0.209763877007302396
-0.863999999999999879	0.211103865182631301
-0.858000000000000096	0.21257190287258676
-0.851999999999999869	0.2140371298478633
-0.846000000000000085	0.215437437472087101
-0.839999999999999858	0.21677364440467406
-0.834000000000000075	0.217986194216403195
-0.827999999999999847	0.219050476036435626
-0.822000000000000064	0.220115701317770668
-0.815999999999999837	0.221283074969678445
-0.810000000000000053	0.222476067741271155
-0.803999999999999826	0.223583574660457224
-0.798000000000000043	0.224692386877331202
-0.791999999999999815	0.225904413340604293
-0.786000000000000032	0.22713133348689668
-0.779999999999999805	0.228254919807822781
-0.774000000000000021	0.229195338022769535
-0.767999999999999794	0.229912265732832383
-0.762000000000000011	0.23061478032791935
-0.755999999999999783	0.231465124195042671
-0.75	0.23236628312128213
-0.743999999999999773	0.233151794373822357
-0.737999999999999989	0.233762371369181265
-0.731999999999999762	0.234278740653782569
-0.725999999999999979	0.234946216349463333
-0.719999999999999751	0.235777717982187496
-0.713999999999999968	0.236530639989780661
-0.707999999999999741	0.237130333817896943
-0.701999999999999957	0.237743553796388063
-0.69599999999999973	0.238492843247632813
-0.689999999999999947	0.239406269002704564
-0.684000000000000163	0.240203062838700215
-0.677999999999999936	0.240906380824239819
-0.672000000000000153	0.241619063449547089
-0.665999999999999925	0.242288686245933943
-0.660000000000000142	0.243164290918969545
-0.653999999999999915	0.244411016770981177
-0.648000000000000131	0.245666468315590469
-0.641999999999999904	0.246504575361104344
-0.636000000000000121	0.247226011748980956
-0.629999999999999893	0.248269272436194233
-0.62400000000000011	0.249453274604560071
-0.617999999999999883	0.250729479044760839
-0.612000000000000099	0.252142937333014683
-0.605999999999999872	0.253557338665690579
-0.600000000000000089	0.254782225535245099
-0.593999999999999861	0.256072167954107699
-0.588000000000000078	0.257262902742267985
-0.581999999999999851	0.258221180526224003
-0.576000000000000068	0.258919976090382309
-0.56999999999999984	0.259416843821683674
-0.564000000000000057	0.260516063157177458
-0.557999999999999829	0.261995022823352297
-0.552000000000000046	0.263028290866946179
-0.545999999999999819	0.263581310438011918
-0.540000000000000036	0.263848797371540711
-0.533999999999999808	0.263927707092338371
-0.528000000000000025	0.264377447146708078
-0.521999999999999797	0.264369868658606899
-0.516000000000000014	0.264665622202670259
-0.509999999999999787	0.266479504850238635
-0.504000000000000004	0.268987562899314525
-0.497999999999999776	0.271698684582090899
-0.491999999999999993	0.273746549935641625
-0.485999999999999766	0.274484620482187858
-0.479999999999999982	0.275505960085170309
-0.473999999999999755	0.276964866287573941
-0.467999999999999972	0.277644857746836282
-0.461999999999999744	0.27773531894638076
-0.455999999999999961	0.27829649135479062
-0.449999999999999734	0.280004285861690294
-0.44399999999999995	0.282610844300830388
-0.438000000000000167	0.28364792597341143
-0.43199999999999994	0.284098881086342292
-0.426000000000000156	0.285667544776856741
-0.419999999999999929	0.287717357277028851
-0.414000000000000146	0.289465137073287859
-0.407999999999999918	0.290783865908501138
-0.402000000000000135	0.29100455633726624
-0.395999999999999908	0.292099347256841446
-0.390000000000000124	0.292378006508123844
-0.383999999999999897	0.293074645847290316
-0.378000000000000114	0.296198446303563401
-0.371999999999999886	0.299147813716841071
-0.366000000000000103	0.300590750156903952
-0.359999999999999876	0.301258759527515574
-0.354000000000000092	0.302066520768905999
-0.347999999999999865	0.302562976250259519
-0.342000000000000082	0.303125319491634015
-0.335999999999999854	0.305669643530934398
-0.330000000000000071	0.308469334330010059
-0.323999999999999844	0.309359483764976684
-0.31800000000000006	0.311020218814246296
-0.311999999999999833	0.314213961247940265
-0.30600000000000005	0.317116504290196499
-0.299999999999999822	0.320096957499494905
-0.294000000000000039	0.322988393065591461
-0.287999999999999812	0.326731307929148729
-0.282000000000000028	0.329602197662382246
-0.275999999999999801	0.332931772613136667
-0.270000000000000018	0.335819562029583629
-0.26399999999999979	0.338781286062655507
-0.258000000000000007	0.342355965073325386
-0.25199999999999978	0.346543267777294217
-0.245999999999999996	0.35319677991713877
-0.239999999999999769	0.358176897855351173
-0.233999999999999986	0.363614309821622794
-0.227999999999999758	0.370182939526165267
-0.221999999999999975	0.377945635735734198
-0.215999999999999748	0.383020941665738746
-0.209999999999999964	0.389422525105990014
-0.203999999999999737	0.396031857289656064
-0.197999999999999954	0.402235467166864813
-0.191999999999999726	0.409878616638159166
-0.185999999999999943	0.415289965912521708
-0.18000000000000016	0.426502429389097493
-0.173999999999999932	0.437782517550311667
-0.168000000000000149	0.450245216011176952
-0.161999999999999922	0.464421100559611222
-0.156000000000000139	0.470187886635989649
-0.149999999999999911	0.482680772767942523
-0.144000000000000128	0.498276065528980683
-0.137999999999999901	0.518488925390726108
-0.132000000000000117	0.534801426844838668
-0.12599999999999989	0.552230446203772707
-0.120000000000000107	0.565572801799796077
-0.113999999999999879	0.588982887914784703
-0.108000000000000096	0.603123729679293841
-0.101999999999999869	0.627894114769073086
-0.0960000000000000853	0.64876860681013071
-0.0899999999999998579	0.674683551795472347
-0.0840000000000000746	0.701645187263126635
-0.0779999999999998472	0.726835568986032299
-0.0720000000000000639	0.7541123958415199
-0.0659999999999998366	0.789354239606174568
-0.0600000000000000533	0.820574677544092523
-0.0539999999999998259	0.857178161490528168
-0.0480000000000000426	0.886058041664467444
-0.0419999999999998153	0.917405853376340952
-0.036000000000000032	0.94736741479848996
-0.0299999999999998046	0.977506493415896127
-0.0240000000000000213	0.999490531141181915
-0.0179999999999997939	1.02152936294407781
-0.0120000000000000107	1.0460503584711236
-0.00599999999999978328	1.05233082706249115
0	1.06102735975673568
0.00600000000000022737	1.05659730630688764
0.0120000000000000107	1.04090038993519829
0.018000000000000238	1.02614156216121644
0.0240000000000000213	1.00217912765478401
0.0300000000000002487	0.970622174368513058
0.036000000000000032	0.94252581837028715
0.0420000000000002593	0.917162868387804253
0.0480000000000000426	0.885364933214445649
0.05400000000000027	0.856076416321908229
0.0600000000000000533	0.815265745040237633
0.0660000000000002807	0.784089266876036972
0.0720000000000000639	0.754039844546045335
0.0779999999999998472	0.726788262416497854
0.0840000000000000746	0.703600107068417135
0.0899999999999998579	0.680147023013547458
0.0960000000000000853	0.645721727428557934
0.101999999999999869	0.622989477450468732
0.108000000000000096	0.604083233692072841
0.113999999999999879	0.581608350560063547
0.120000000000000107	0.559081110363038647
0.12599999999999989	0.547313510403081849
0.132000000000000117	0.522176390688597114
0.137999999999999901	0.510891151068319171
0.144000000000000128	0.495717463668648828
0.149999999999999911	0.479850339104806456
0.156000000000000139	0.465991635501167234
0.161999999999999922	0.458568663042277169
0.168000000000000149	0.451510823224061386
0.173999999999999932	0.436334238776311278
0.18000000000000016	0.427739981140650705
0.185999999999999943	0.418956087828659951
0.192000000000000171	0.411223776692599963
0.197999999999999954	0.399517925343422176
0.204000000000000181	0.391173011417580874
0.209999999999999964	0.386472544791617689
0.216000000000000192	0.379321631424717809
0.221999999999999975	0.372625852338913321
0.228000000000000203	0.366560280787743442
0.233999999999999986	0.366470545159834848
0.240000000000000213	0.361769922034884728
0.245999999999999996	0.354884946915455746
0.252000000000000224	0.347677996801000588
0.258000000000000007	0.344825893541828521
0.264000000000000234	0.340188116654366435
0.270000000000000018	0.338750317383385902
0.276000000000000245	0.334763755723872458
0.282000000000000028	0.330801956890792948
0.288000000000000256	0.325787807713623256
0.294000000000000039	0.322242909186873872
0.300000000000000266	0.319379480117798098
0.30600000000000005	0.317234698047881958
0.312000000000000277	0.314384254635596438
0.31800000000000006	0.31171152809894126
0.324000000000000288	0.307618497130247193
0.330000000000000071	0.306577604039530938
0.335999999999999854	0.305269692395853387
0.342000000000000082	0.304113143654926976
0.347999999999999865	0.302172561389959127
0.354000000000000092	0.301311496983190596
0.359999999999999876	0.3002061677739018
0.366000000000000103	0.298722178368187596
0.371999999999999886	0.295562594082246444
0.378000000000000114	0.294346527323323504
0.383999999999999897	0.293884741942963712
0.390000000000000124	0.293355470944075991
0.395999999999999908	0.292671347315662522
0.402000000000000135	0.291651451608846424
0.407999999999999918	0.290436782492574763
0.414000000000000146	0.288667376750551374
0.419999999999999929	0.287745638937139003
0.426000000000000156	0.286906373352014965
0.43199999999999994	0.285150814385981555
0.438000000000000167	0.284074112440059867
0.44399999999999995	0.283495966977583447
0.450000000000000178	0.281883844474899614
0.455999999999999961	0.280237835018648296
0.462000000000000188	0.278692501640008583
0.467999999999999972	0.276666783702748831
0.474000000000000199	0.274379946664279006
0.479999999999999982	0.272875370516303561
0.48600000000000021	0.271904187621098303
0.491999999999999993	0.270626811842818393
0.49800000000000022	0.269370371143578535
0.504000000000000004	0.268174994069252437
0.510000000000000231	0.267017893632802372
0.516000000000000014	0.266556269564113157
0.522000000000000242	0.265969990954502966
0.528000000000000025	0.265190655604060521
0.534000000000000252	0.264309987119460355
0.540000000000000036	0.263336830400033861
0.546000000000000263	0.262261330657575731
0.552000000000000046	0.26129236583859633
0.558000000000000274	0.260719992686940294
0.564000000000000057	0.26002091464224697
0.570000000000000284	0.258900841358567446
0.576000000000000068	0.257496438555659679
0.582000000000000295	0.256442017995484328
0.588000000000000078	0.25559436449314249
0.593999999999999861	0.254647268907184865
0.600000000000000089	0.253647000128653988
0.605999999999999872	0.252689417627242896
0.612000000000000099	0.251912914262957699
0.617999999999999883	0.251346237321380506
0.62400000000000011	0.250874083911779511
0.629999999999999893	0.250311737365163267
0.636000000000000121	0.249604275007157622
0.641999999999999904	0.248697319479084744
0.648000000000000131	0.247542709859226995
0.653999999999999915	0.246252889952941062
0.660000000000000142	0.245164527154240558
0.665999999999999925	0.244318951852992849
0.672000000000000153	0.243467460338600922
0.677999999999999936	0.242609361276196561
0.684000000000000163	0.24184122826067736
0.689999999999999947	0.24092667818915886
0.696000000000000174	0.239792987377131034
0.701999999999999957	0.238721450911435956
0.708000000000000185	0.237828468610734728
0.713999999999999968	0.237072707376482089
0.720000000000000195	0.236454057012859931
0.725999999999999979	0.235961294458457371
0.732000000000000206	0.235607778055721667
0.737999999999999989	0.23517338867388668
0.744000000000000217	0.234350781099340627
0.75	0.233212259246667497
0.756000000000000227	0.232105374420360722
0.762000000000000011	0.231127227691945186
0.768000000000000238	0.230127401425550382
0.774000000000000021	0.229098502602081366
0.780000000000000249	0.228242003902229623
0.786000000000000032	0.227588477078402823
0.792000000000000259	0.226866615927563353
0.798000000000000043	0.225809226418730302
0.80400000000000027	0.224525196982867242
0.810000000000000053	0.223261859853041866
0.816000000000000281	0.222027575327273019
0.822000000000000064	0.220785326523038034
0.828000000000000291	0.219544300032975398
0.834000000000000075	0.218271222892464034
0.839999999999999858	0.216859334049690988
0.846000000000000085	0.215231116323108734
0.851999999999999869	0.213488562622704797
0.858000000000000096	0.211849125963333468
0.863999999999999879	0.210444599751668293
0.870000000000000107	0.20922602516075578
0.87599999999999989	0.208023578442579127
0.882000000000000117	0.206698191837447587
0.887999999999999901	0.205291121451731451
0.894000000000000128	0.203958924935257579
0.899999999999999911	0.20279329618769959
0.906000000000000139	0.201693848991717772
0.911999999999999922	0.200474765255804932
0.918000000000000149	0.199051880150027394
0.923999999999999932	0.197531028046899482
0.93000000000000016	0.196114046632668543
0.935999999999999943	0.194855150580143716
0.942000000000000171	0.193680570146026104
0.947999999999999954	0.192549815242971628
0.954000000000000181	0.191462680417549047
0.959999999999999964	0.190371216875451832
0.966000000000000192	0.189189495372502625
0.971999999999999975	0.187864314488751349
0.978000000000000203	0.186412444365336105
0.983999999999999986	0.184912202455949359
0.990000000000000213	0.183427964657466219
0.995999999999999996	0.181962774819201673
1.00199999999999978	0.180460840175879628
1.00800000000000001	0.178888074593460733
1.01400000000000023	0.17730437212855682
1.02000000000000046	0.175824881776828895
1.0259999999999998	0.174503138715686623
1.03200000000000003	0.173287240827622063
1.03800000000000026	0.172059435492620649
1.04400000000000048	0.170729266629326248
1.04999999999999982	0.169293529874706639
1.05600000000000005	0.167814643074067182
1.06200000000000028	0.166366368991450714
1.0680000000000005	0.164981965583367335
1.07399999999999984	0.163643504911388932
1.08000000000000007	0.162313074838579319
1.0860000000000003	0.160973513680840202
1.09200000000000053	0.159648036757360778
1.09799999999999986	0.158362424971219135
1.10400000000000009	0.157095656662161437
1.11000000000000032	0.155796700863383597
1.11599999999999966	0.154435906007976353
1.12199999999999989	0.153025154327415369
1.12800000000000011	0.151595819580931296
1.13400000000000034	0.150171303000226852
1.13999999999999968	0.148764476056501282
1.14599999999999991	0.147395755856334604
1.15200000000000014	0.146085761409925963
1.15800000000000036	0.14482618640950215
1.1639999999999997	0.143575815173644594
1.16999999999999993	0.142286932303312352
1.17600000000000016	0.140940762698828964
1.18200000000000038	0.139559337187881771
1.18799999999999972	0.138189525463826512
1.19399999999999995	0.136871207116761012
1.20000000000000018	0.135616474589262237
1.20600000000000041	0.134419619031843685
1.21199999999999974	0.133276596341060843
1.21799999999999997	0.132182984579559237
1.2240000000000002	0.131123666268382122
1.23000000000000043	0.130072406178019156
1.23599999999999977	0.129001421973421238
1.24199999999999999	0.127900998975956998
1.24800000000000022	0.126786374038252131
1.25400000000000045	0.125674353149814483
1.25999999999999979	0.124566489344987291
1.26600000000000001	0.123461033788388588
1.27200000000000024	0.122365932216911694
1.27800000000000047	0.121293848579268726
1.28399999999999981	0.120247556420552598
1.29000000000000004	0.119215315679469386
1.29600000000000026	0.11818169500516823
1.30200000000000049	0.117137073566991337
1.30799999999999983	0.11608043471156787
1.31400000000000006	0.115017762103659646
1.32000000000000028	0.113956123214591309
1.32600000000000051	0.112898858996594506
1.33199999999999985	0.111843404887445957
1.33800000000000008	0.110783022650462096
1.34400000000000031	0.109713043976380126
1.35000000000000053	0.108636802477638295
1.35599999999999987	0.107566809796561233
1.3620000000000001	0.106519989394111836
1.36800000000000033	0.105509069432642183
1.37399999999999967	0.104536495486634018
1.37999999999999989	0.10359498123280883
1.38600000000000012	0.10267139531517834
1.39200000000000035	0.101753582534229975
1.39799999999999969	0.10083789336971001
1.40399999999999991	0.0999279797859191909
1.41000000000000014	0.0990259832663845097
1.41600000000000037	0.0981291972215333624
1.42199999999999971	0.0972355683601948406
1.42799999999999994	0.0963483115025918629
1.43400000000000016	0.0954737388104995588
1.44000000000000039	0.0946158750238678681
1.44599999999999973	0.0937723242040715693
1.45199999999999996	0.092933130123662111
1.45800000000000018	0.0920846579570356039
1.46400000000000041	0.0912176855964919736
1.46999999999999975	0.0903341186934654983
1.47599999999999998	0.0894462949017956477
1.48200000000000021	0.0885692064796985423
1.48800000000000043	0.0877135701622212827
1.49399999999999977	0.0868844292735661966
1.5	0.0860810388356493261
1.50600000000000023	0.0852955666032228915
1.51200000000000045	0.0845158401192261516
1.51799999999999979	0.083733148494318399
1.52400000000000002	0.0829477485316379576
1.53000000000000025	0.0821675922565415912
1.53600000000000048	0.0814020864780675424
1.54199999999999982	0.0806547580788419399
1.54800000000000004	0.0799203172592237998
1.55400000000000027	0.0791895872074057094
1.5600000000000005	0.0784572787528666632
1.56599999999999984	0.0777247288822697224
1.57200000000000006	0.076997007788011218
1.57800000000000029	0.0762791259116067932
1.58400000000000052	0.0755743188369260577
1.58999999999999986	0.0748840000072425876
1.59600000000000009	0.074207798922593618
1.60200000000000031	0.0735434753191905738
1.60800000000000054	0.0728879300862312896
1.61399999999999988	0.0722390503161144809
1.62000000000000011	0.0715964152898482531
1.62600000000000033	0.0709601681795283545
1.63199999999999967	0.0703302660726427831
1.6379999999999999	0.0697073991248335356
1.64400000000000013	0.0690932983925000577
1.65000000000000036	0.0684889006173845516
1.65599999999999969	0.0678921345804295306
1.66199999999999992	0.0672978821016438772
1.66800000000000015	0.0667003268482131151
1.67400000000000038	0.0660955585209770102
1.67999999999999972	0.0654830338608314022
1.68599999999999994	0.0648658986906080204
1.69200000000000017	0.0642498294740089654
1.6980000000000004	0.0636405052485900791
1.70399999999999974	0.0630414645005164531
1.70999999999999996	0.0624538555343589971
1.71600000000000019	0.0618778099534750894
1.72200000000000042	0.0613139463428527612
1.72799999999999976	0.0607635345874117869
1.73399999999999999	0.0602272370457230741
1.74000000000000021	0.0597037028539542172
1.74600000000000044	0.0591893042040951695
1.75199999999999978	0.0586793333073882123
1.75800000000000001	0.0581699304593932334
1.76400000000000023	0.0576596673946957045
1.77000000000000046	0.0571500758624764391
1.7759999999999998	0.056644872419293453
1.78200000000000003	0.0561480902876272114
1.78800000000000026	0.0556619814213862377
1.79400000000000048	0.0551859817782091172
1.79999999999999982	0.0547173552973218499
1.80600000000000005	0.0542528028722279107
1.81200000000000028	0.0537897441628380352
1.8180000000000005	0.05332659961866619
1.82399999999999984	0.0528625285904748207
1.83000000000000007	0.0523973700123387259
1.8360000000000003	0.0519318095071493943
1.84200000000000053	0.0514673718393480126
1.84799999999999986	0.0510061343708678866
1.85400000000000009	0.0505502855639153384
1.86000000000000032	0.0501016860453353183
1.86599999999999966	0.0496616371976415436
1.87199999999999989	0.049230884300221045
1.87800000000000011	0.0488096418450443686
1.88400000000000034	0.0483975690296703231
1.88999999999999968	0.0479939432088514889
1.89599999999999991	0.0475980863763377227
1.90200000000000014	0.047209661881709282
1.90800000000000036	0.0468286390943056935
1.9139999999999997	0.0464551364446200987
1.91999999999999993	0.0460892321612668132
1.92600000000000016	0.0457306103142342615
1.93200000000000038	0.0453782131579590006
1.93799999999999972	0.0450303551777979649
1.94399999999999995	0.0446853510783795857
1.95000000000000018	0.0443421472892887719
1.95600000000000041	0.0440004717781240437
1.96199999999999974	0.0436605021453592146
1.96799999999999997	0.0433224468845791189
1.9740000000000002	0.0429864025691430451
1.98000000000000043	0.0426524846284113759
1.98599999999999977	0.0423209545952340158
1.99199999999999999	0.0419921745130111893
1.99800000000000022	0.0416665122588393347
2.00400000000000045	0.0413443952149245494
2.00999999999999979	0.0410264455882261778
2.01600000000000001	0.0407133978456526852
2.02200000000000024	0.040405714627177812
2.02800000000000047	0.0401031849931848122
2.03399999999999981	0.0398047834223986749
2.04000000000000004	0.0395088509079949274
2.04600000000000026	0.0392135447872530504
2.05200000000000049	0.0389173892002733432
2.05799999999999983	0.03861963820912203
2.06400000000000006	0.0383202833131197906
2.07000000000000028	0.0380198315283510682
2.07600000000000051	0.0377190941512541497
2.08199999999999985	0.0374190960584589449
2.08800000000000008	0.0371210569567100579
2.09400000000000031	0.0368263257325674373
2.10000000000000053	0.0365361809369635082
2.10599999999999987	0.0362515466306839035
2.1120000000000001	0.0359727903578487551
2.11800000000000033	0.0356997117989967042
2.12399999999999967	0.0354316796651035076
2.12999999999999989	0.0351678350260241218
2.13600000000000012	0.034907334498013004
2.14200000000000035	0.0346496014359426591
2.14799999999999969	0.0343944813628809173
2.15399999999999991	0.0341421887671542121
2.16000000000000014	0.033893058342549548
2.16600000000000037	0.0336472545472711118
2.17199999999999971	0.0334045972634392577
2.17799999999999994	0.0331645753429747475
2.18400000000000016	0.0329265441127672004
2.19000000000000039	0.0326900334785574023
2.19599999999999973	0.0324550208792083669
2.20199999999999996	0.0322220040396905827
2.20800000000000018	0.0319918130955917854
2.21400000000000041	0.0317652892376348583
2.21999999999999975	0.03154304450218786
2.22599999999999998	0.0313253936975673719
2.23200000000000021	0.0311123595325721973
2.23800000000000043	0.030903632154697408
2.24399999999999977	0.0306985103143693518
2.25	0.030495938642053029
2.25600000000000023	0.0302946875601451532
2.26200000000000045	0.0300936183302746817
2.26799999999999979	0.0298919344618135824
2.27400000000000002	0.0296893254240052848
2.28000000000000025	0.0294859418274894813
2.28600000000000048	0.0292822147455270437
2.29199999999999982	0.029078618134370366
2.29800000000000004	0.0288755049774388761
2.30400000000000027	0.0286730855208343731
2.3100000000000005	0.0284715099641857927
2.31599999999999984	0.0282709655386164001
2.32200000000000006	0.0280717230903797556
2.32800000000000029	0.0278741193588037048
2.33400000000000052	0.0276785019857691619
2.33999999999999986	0.0274851821269455517
2.34600000000000009	0.0272944199333903757
2.35200000000000031	0.0271064260913037453
2.35800000000000054	0.02692134902973441
2.36399999999999988	0.0267392507623109288
2.37000000000000011	0.0265601052338723179
2.37600000000000033	0.0263838363257666748
2.38199999999999967	0.0262103702470909347
2.3879999999999999	0.0260396591062836517
2.39400000000000013	0.025871655936082049
2.40000000000000036	0.0257062619666072779
2.40599999999999969	0.0255432898798295498
2.41199999999999992	0.0253824755256835191
2.41800000000000015	0.0252235330042301885
2.42400000000000038	0.025066213479435398
2.42999999999999972	0.0249103277799157495
2.43599999999999994	0.0247557259261946133
2.44200000000000017	0.0246022610343954555
2.4480000000000004	0.0244497724467973056
2.45399999999999974	0.0242981020285136309
2.45999999999999996	0.0241471290782257243
2.46600000000000019	0.0239967960804879817
2.47200000000000042	0.0238471081411106844
2.47799999999999976	0.023698113655108273
2.48399999999999999	0.0235498889184414285
2.49000000000000021	0.0234025372089093041
2.49600000000000044	0.0232561873338197021
2.50199999999999978	0.0231109717516044429
2.50800000000000001	0.022966987214171751
2.51400000000000023	0.0228242611716776116
2.52000000000000046	0.0226827427308398735
2.5259999999999998	0.0225423212719325916
2.53200000000000003	0.0224028676738198818
2.53800000000000026	0.022264288801204013
2.54400000000000048	0.0221265779361787158
2.54999999999999982	0.0219898394559644855
2.55600000000000005	0.0218542737986210656
2.56200000000000028	0.0217201252748886429
2.5680000000000005	0.0215876113933034311
2.57399999999999984	0.0214568605494428605
2.58000000000000007	0.021327880810752764
2.5860000000000003	0.021200567233836079
2.59200000000000053	0.0210747373015621603
2.59799999999999986	0.0209501741903204558
2.60400000000000009	0.0208266600755579907
2.61000000000000032	0.0207039938697084203
2.61600000000000055	0.0205820014925604602
2.62199999999999989	0.0204605504195288536
2.62800000000000011	0.0203395693370652941
2.63400000000000034	0.020219060110711895
2.63999999999999968	0.0200990893912239843
2.64599999999999991	0.0199797614596590976
2.65200000000000014	0.0198611874002958683
2.65800000000000036	0.0197434666514708715
2.6639999999999997	0.0196266866117707113
2.66999999999999993	0.0195109334992348352
2.67600000000000016	0.0193963019964171098
2.68200000000000038	0.0192828953380357847
2.68799999999999972	0.0191708170084457993
2.69399999999999995	0.0190601618875597678
2.70000000000000018	0.018951013160922757
2.70600000000000041	0.0188434441231382019
2.71199999999999974	0.0187375191584017407
2.71799999999999997	0.0186332898211391366
2.7240000000000002	0.0185307859303304109
2.73000000000000043	0.0184300028317384498
2.73599999999999977	0.0183308856152841135
2.74199999999999999	0.0182333127568120486
2.74800000000000022	0.0181370849209725633
2.75400000000000045	0.0180419262691489495
2.75999999999999979	0.017947504200189212
2.76600000000000001	0.0178534690887571026
2.77200000000000024	0.017759508071456525
2.77800000000000047	0.0176653984573544066
2.78399999999999981	0.0175710428149144227
2.79000000000000004	0.0174764735011983807
2.79600000000000026	0.0173818268609473373
2.80200000000000049	0.0172872990066748125
2.80799999999999983	0.017193099366546484
2.81400000000000006	0.0170994141175342222
2.82000000000000028	0.0170063840961365807
2.82600000000000051	0.0169140966176542194
2.83199999999999985	0.0168225893187759004
2.83800000000000008	0.0167318637486588845
2.84400000000000031	0.0166419044980431509
2.85000000000000053	0.0165526974803133151
2.85599999999999987	0.0164642413639530458
2.8620000000000001	0.0163765494026375524
2.86800000000000033	0.0162896428225507289
2.87400000000000055	0.0162035397756133195
2.87999999999999989	0.0161182452461206445
2.88600000000000012	0.0160337466484492507
2.89200000000000035	0.0159500166153662033
2.89799999999999969	0.0158670200610961792
2.90399999999999991	0.0157847201080363909
2.91000000000000014	0.0157030786382570883
2.91600000000000037	0.0156220511023918655
2.92199999999999971	0.0155415795596141187
2.92799999999999994	0.0154615902661704614
2.93400000000000016	0.0153820002354918758
2.94000000000000039	0.0153027312495691188
2.94599999999999973	0.0152237241710692379
2.95199999999999996	0.0151449464667487623
2.95800000000000018	0.0150663919157441682
2.96400000000000041	0.0149880775757506406
2.96999999999999975	0.0149100432548254121
2.97599999999999998	0.0148323534799389995
2.98200000000000021	0.0147550971457857307
2.98800000000000043	0.0146783803304029771
2.99399999999999977	0.0146023125090180266
3	0.0145269913186819588
