-3	0.0105052767717413974
-2.99400000000000022	0.0105470053195203858
-2.98799999999999999	0.0105889821514414152
-2.98200000000000021	0.0106312092343950355
-2.97599999999999998	0.0106736885547194394
-2.9700000000000002	0.0107164221184310113
-2.96399999999999997	0.0107594119514578777
-2.95800000000000018	0.010802660099876597
-2.95199999999999996	0.0108461686301523225
-2.94600000000000017	0.0108899396293822281
-2.93999999999999995	0.0109339752055421877
-2.93400000000000016	0.0109782774877369982
-2.92799999999999994	0.0110228486264543572
-2.92200000000000015	0.0110676907938217529
-2.91599999999999993	0.0111128061838674883
-2.91000000000000014	0.0111581970127853942
-2.90399999999999991	0.0112038655192027506
-2.89800000000000013	0.0112498139644527616
-2.8919999999999999	0.0112960446328498002
-2.88600000000000012	0.0113425598319696879
-2.87999999999999989	0.0113893618929335663
-2.87400000000000011	0.0114364531706951031
-2.86799999999999988	0.0114838360443325072
-2.8620000000000001	0.0115315129173453775
-2.85599999999999987	0.011579486217953721
-2.85000000000000009	0.011627758399403023
-2.84399999999999986	0.0116763319402740859
-2.83800000000000008	0.0117252093447946567
-2.83199999999999985	0.0117743931431583699
-2.82600000000000007	0.0118238858918479125
-2.81999999999999984	0.0118736901739602812
-2.81400000000000006	0.011923808599540061
-2.80799999999999983	0.0119742438059162824
-2.80200000000000005	0.0120249984580430361
-2.79599999999999982	0.0120760752488467248
-2.79000000000000004	0.0121274768995772945
-2.78399999999999981	0.0121792061601656929
-2.77800000000000002	0.0122312658095852511
-2.7719999999999998	0.0122836586562184592
-2.76600000000000001	0.0123363875382316353
-2.75999999999999979	0.0123894553239515849
-2.754	0.0124428649122491908
-2.74800000000000022	0.0124966192329309354
-2.74199999999999999	0.0125507212471318956
-2.73599999999999977	0.0126051739477173047
-2.72999999999999998	0.0126599803596904922
-2.7240000000000002	0.0127151435406044813
-2.71799999999999997	0.0127706665809822571
-2.71199999999999974	0.0128265526047434252
-2.70599999999999996	0.0128828047696359707
-2.70000000000000018	0.0129394262676759582
-2.69399999999999995	0.0129964203255920879
-2.68800000000000017	0.0130537902052781096
-2.68199999999999994	0.0131115392042505021
-2.67600000000000016	0.0131696706561142303
-2.66999999999999993	0.0132281879310364846
-2.66400000000000015	0.0132870944362254838
-2.65799999999999992	0.0133463936164184456
-2.65200000000000014	0.0134060889543771503
-2.64599999999999991	0.0134661839713895864
-2.64000000000000012	0.0135266822277803848
-2.6339999999999999	0.01358758732342971
-2.62800000000000011	0.0136489028982981885
-2.62199999999999989	0.0137106326329618725
-2.6160000000000001	0.0137727802491547351
-2.60999999999999988	0.0138353495103192524
-2.60400000000000009	0.0138983442221662316
-2.59799999999999986	0.0139617682332429608
-2.59200000000000008	0.0140256254355104661
-2.58599999999999985	0.0140899197649293206
-2.58000000000000007	0.0141546552020558498
-2.57399999999999984	0.0142198357726462284
-2.56800000000000006	0.01428546554827082
-2.56199999999999983	0.0143515486469388484
-2.55600000000000005	0.0144180892337316749
-2.54999999999999982	0.014485091521446853
-2.54400000000000004	0.0145525597712530454
-2.53799999999999981	0.0146204982933537623
-2.53200000000000003	0.014688911447663244
-2.5259999999999998	0.0147578036444927993
-2.52000000000000002	0.0148271793452471289
-2.51400000000000023	0.0148970430631338024
-2.50800000000000001	0.0149673993638820401
-2.50199999999999978	0.0150382528664744358
-2.496	0.0151096082438910428
-2.49000000000000021	0.0151814702238634303
-2.48399999999999999	0.0152538435896428411
-2.47799999999999976	0.0153267331807811803
-2.47199999999999998	0.0154001438939223006
-2.46600000000000019	0.0154740806836089571
-2.45999999999999996	0.0155485485631016909
-2.45399999999999974	0.0156235526052111214
-2.44799999999999995	0.0156990979431449636
-2.44200000000000017	0.0157751897713672602
-2.43599999999999994	0.015851833346474449
-2.42999999999999972	0.015929033988083912
-2.42399999999999993	0.0160067970797364185
-2.41800000000000015	0.0160851280698173782
-2.41199999999999992	0.0161640324724898442
-2.40600000000000014	0.0162435158686437264
-2.39999999999999991	0.0163235839068635036
-2.39400000000000013	0.0164042423044092611
-2.3879999999999999	0.0164854968482152434
-2.38200000000000012	0.0165673533959063909
-2.37599999999999989	0.0166498178768306193
-2.37000000000000011	0.016732896293108989
-2.36399999999999988	0.0168165947207045974
-2.3580000000000001	0.016900919310508692
-2.35199999999999987	0.0169858762894456346
-2.34600000000000009	0.0170714719615973065
-2.33999999999999986	0.0171577127093462331
-2.33400000000000007	0.017244604994538483
-2.32799999999999985	0.0173321553596671209
-2.32200000000000006	0.0174203704290754186
-2.31599999999999984	0.0175092569101816635
-2.31000000000000005	0.0175988215947247249
-2.30399999999999983	0.0176890713600315226
-2.29800000000000004	0.0177800131703067278
-2.29199999999999982	0.0178716540779449533
-2.28600000000000003	0.0179640012248657999
-2.28000000000000025	0.0180570618438728285
-2.27400000000000002	0.0181508432600360793
-2.26799999999999979	0.0182453528920991336
-2.26200000000000001	0.0183405982539113638
-2.25600000000000023	0.018436586955885275
-2.25	0.0185333267064800057
-2.24399999999999977	0.0186308253137112273
-2.23799999999999999	0.0187290906866880505
-2.23200000000000021	0.0188281308371776382
-2.22599999999999998	0.0189279538811976678
-2.21999999999999975	0.0190285680406378534
-2.21399999999999997	0.0191299816449103099
-2.20800000000000018	0.0192322031326303024
-2.20199999999999996	0.0193352410533271825
-2.19599999999999973	0.0194391040691864331
-2.18999999999999995	0.0195438009568236898
-2.18400000000000016	0.0196493406090913793
-2.17799999999999994	0.0197557320369175782
-2.17199999999999971	0.019862984371180125
-2.16599999999999993	0.01997110686461381
-2.16000000000000014	0.0200801088937536433
-2.15399999999999991	0.0201899999609140603
-2.14800000000000013	0.0203007896962044132
-2.1419999999999999	0.0204124878595823359
-2.13600000000000012	0.0205251043429452544
-2.12999999999999989	0.020638649172261464
-2.12400000000000011	0.0207531325097399313
-2.11799999999999988	0.0208685646560426638
-2.1120000000000001	0.0209849560525373832
-2.10599999999999987	0.0211023172835930715
-2.10000000000000009	0.0212206590789194259
-2.09399999999999986	0.0213399923159502992
-2.08800000000000008	0.0214603280222721467
-2.08199999999999985	0.0215816773781002912
-2.07600000000000007	0.0217040517188005801
-2.06999999999999984	0.0218274625374608455
-2.06400000000000006	0.0219519214875114367
-2.05799999999999983	0.0220774403853958787
-2.05200000000000005	0.0222040312132938886
-2.04599999999999982	0.0223317061218961561
-2.04000000000000004	0.0224604774332340593
-2.03399999999999981	0.0225903576435641899
-2.02800000000000002	0.0227213594263084122
-2.02200000000000024	0.0228534956350526577
-2.01600000000000001	0.0229867793066043935
-2.00999999999999979	0.0231212236641088406
-2.004	0.0232568421202290244
-1.998	0.0233936482803873136
-1.99199999999999999	0.0235316559460700889
-1.98599999999999999	0.0236708791182011873
-1.97999999999999998	0.0238113320005815567
-1.97399999999999998	0.0239530290033931996
-1.96799999999999997	0.0240959847467816651
-1.96199999999999997	0.0242402140645056573
-1.95599999999999996	0.0243857320076559352
-1.94999999999999996	0.0245325538484605227
-1.94399999999999995	0.0246806950841571698
-1.93799999999999994	0.0248301714409472143
-1.93199999999999994	0.024980998878032748
-1.92599999999999993	0.025133193591732033
-1.91999999999999993	0.0252867720196859568
-1.91399999999999992	0.0254417508451394783
-1.90799999999999992	0.0255981470013218922
-1.90199999999999991	0.0257559776759169676
-1.89599999999999991	0.0259152603156142872
-1.8899999999999999	0.0260760126307688599
-1.8839999999999999	0.0262382526001520497
-1.87799999999999989	0.0264019984757982717
-1.87199999999999989	0.0265672687879587414
-1.86599999999999988	0.0267340823501572393
-1.85999999999999988	0.0269024582643504484
-1.85399999999999987	0.0270724159261993419
-1.84799999999999986	0.0272439750304520993
-1.84200000000000008	0.0274171555764394191
-1.83600000000000008	0.0275919778736886494
-1.83000000000000007	0.0277684625476569621
-1.82400000000000007	0.0279466305455868848
-1.81800000000000006	0.028126503142488192
-1.81200000000000006	0.0283081019472478414
-1.80600000000000005	0.0284914489088721329
-1.80000000000000004	0.0286765663228637016
-1.79400000000000004	0.0288634768377372675
-1.78800000000000003	0.0290522034616762653
-1.78200000000000003	0.029242769569335976
-1.77600000000000002	0.0294351989087942162
-1.77000000000000002	0.0296295156086557147
-1.76400000000000001	0.0298257441853119719
-1.75800000000000001	0.0300239095503616708
-1.752	0.0302240370181954057
-1.746	0.0304261523137484523
-1.73999999999999999	0.030630281580426192
-1.73399999999999999	0.0308364513882065129
-1.72799999999999998	0.0310446887419236067
-1.72199999999999998	0.031255021089737392
-1.71599999999999997	0.0314674763317940864
-1.70999999999999996	0.0316820828290822962
-1.70399999999999996	0.031898869412488616
-1.69799999999999995	0.0321178653920606849
-1.69199999999999995	0.0323391005664795256
-1.68599999999999994	0.0325626052327485649
-1.67999999999999994	0.0327884101961057467
-1.67399999999999993	0.0330165467801617554
-1.66799999999999993	0.0332470468372734057
-1.66199999999999992	0.0334799427591541618
-1.65599999999999992	0.0337152674877349151
-1.64999999999999991	0.0339530545262729244
-1.64399999999999991	0.0341933379507202984
-1.6379999999999999	0.0344361524213616585
-1.6319999999999999	0.0346815331947219682
-1.62599999999999989	0.0349295161357512096
-1.61999999999999988	0.0351801377303056564
-1.61399999999999988	0.0354334350979155568
-1.60799999999999987	0.0356894460048566634
-1.60199999999999987	0.0359482088775411046
-1.59599999999999986	0.0362097628162164412
-1.59000000000000008	0.03647414760900268
-1.58400000000000007	0.0367414037462567844
-1.57800000000000007	0.0370115724352886033
-1.57200000000000006	0.0372846956154386372
-1.56600000000000006	0.0375608159735038027
-1.56000000000000005	0.0378399769595546137
-1.55400000000000005	0.0381222228031330018
-1.54800000000000004	0.0384075985298391251
-1.54200000000000004	0.038696149978333795
-1.53600000000000003	0.0389879238177557041
-1.53000000000000003	0.0392829675655661584
-1.52400000000000002	0.0395813296058383848
-1.51800000000000002	0.0398830592080000809
-1.51200000000000001	0.0401882065460410984
-1.50600000000000001	0.0404968227182011531
-1.5	0.0408089597671522919
-1.49399999999999999	0.0411246707006852341
-1.48799999999999999	0.0414440095129193081
-1.48199999999999998	0.041767031206047682
-1.47599999999999998	0.0420937918126329524
-1.46999999999999997	0.0424243484184705019
-1.46399999999999997	0.0427587591860351945
-1.45799999999999996	0.0430970833785262464
-1.45199999999999996	0.0434393813845296919
-1.44599999999999995	0.0437857147433178828
-1.43999999999999995	0.0441361461707977104
-1.43399999999999994	0.0444907395861343993
-1.42799999999999994	0.044849560139065707
-1.42199999999999993	0.0452126742379262772
-1.41599999999999993	0.0455801495784049077
-1.40999999999999992	0.0459520551730597318
-1.40399999999999991	0.046328461381599316
-1.39799999999999991	0.0467094399419766063
-1.3919999999999999	0.0470950640022889805
-1.3859999999999999	0.0474854081535402706
-1.37999999999999989	0.0478805484632647341
-1.37399999999999989	0.0482805625100524299
-1.36799999999999988	0.0486855294190008253
-1.36199999999999988	0.0490955298981069765
-1.35599999999999987	0.049510646275661159
-1.34999999999999987	0.0499309625386327519
-1.34399999999999986	0.050356564372102619
-1.33799999999999986	0.0507875391997718445
-1.33200000000000007	0.0512239762255699074
-1.32600000000000007	0.0516659664764014676
-1.32000000000000006	0.0521136028460694872
-1.31400000000000006	0.0525669801404043402
-1.30800000000000005	0.0530261951236393331
-1.30200000000000005	0.0534913465660717125
-1.29600000000000004	0.0539625352930450941
-1.29000000000000004	0.0544398642352986531
-1.28400000000000003	0.0549234384807213219
-1.27800000000000002	0.0554133653275585628
-1.27200000000000002	0.0559097543391134238
-1.26600000000000001	0.056412717399989841
-1.26000000000000001	0.0569223687739260978
-1.254	0.0574388251632704031
-1.248	0.0579622057701466784
-1.24199999999999999	0.0584926323593669556
-1.23599999999999999	0.0590302293231454306
-1.22999999999999998	0.0595751237476661102
-1.22399999999999998	0.0601274454815674889
-1.21799999999999997	0.0606873272064068284
-1.21199999999999997	0.0612549045091643554
-1.20599999999999996	0.0618303159568512201
-1.19999999999999996	0.0624137031732915071
-1.19399999999999995	0.0630052109181467868
-1.18799999999999994	0.0636049871682548146
-1.18199999999999994	0.0642131832013580345
-1.17599999999999993	0.0648299536822976585
-1.16999999999999993	0.0654554567517554586
-1.16399999999999992	0.066089854117622332
-1.15799999999999992	0.0667333111490827358
-1.15199999999999991	0.0673859969735014913
-1.14599999999999991	0.068048084576202747
-1.1399999999999999	0.0687197509032379944
-1.1339999999999999	0.0694011769672437523
-1.12799999999999989	0.0700925479564803444
-1.12199999999999989	0.0707940533471674988
-1.11599999999999988	0.0715058870192204349
-1.10999999999999988	0.0722282473754912308
-1.10399999999999987	0.0729613374646492646
-1.09799999999999986	0.0737053651078019151
-1.09199999999999986	0.0744605430289886072
-1.08599999999999985	0.075227088989671842
-1.08000000000000007	0.0760052259273602815
-1.07400000000000007	0.0767951820985177669
-1.06800000000000006	0.0775971912258635044
-1.06200000000000006	0.0784114926502390841
-1.05600000000000005	0.0792383314871835526
-1.05000000000000004	0.0800779587883758415
-1.04400000000000004	0.0809306317081060766
-1.03800000000000003	0.0817966136749452288
-1.03200000000000003	0.0826761745687809441
-1.02600000000000002	0.0835695909033998541
-1.02000000000000002	0.0844771460148063952
-1.01400000000000001	0.0853991302554655135
-1.00800000000000001	0.0863358411946702348
-1.002	0.0872875838252323843
-0.995999999999999996	0.0882546707767136868
-0.989999999999999769	0.0892374225354031214
-0.983999999999999986	0.09023616767127704
-0.977999999999999758	0.0912512430721688778
-0.971999999999999975	0.0922829941853922642
-0.965999999999999748	0.0933317752670538153
-0.959999999999999964	0.0943979496393219791
-0.953999999999999737	0.0954818899559038842
-0.947999999999999954	0.0965839784760049308
-0.942000000000000171	0.097704607347047695
-0.935999999999999943	0.0988441788964443957
-0.93000000000000016	0.100003105932703396
-0.923999999999999932	0.101181812056185275
-0.918000000000000149	0.102380731979810555
-0.911999999999999922	0.103600311860056055
-0.906000000000000139	0.104841009638546895
-0.899999999999999911	0.10610329539459766
-0.894000000000000128	0.107387651709038523
-0.887999999999999901	0.108694574039704894
-0.882000000000000117	0.110024571108919542
-0.87599999999999989	0.111378165303364432
-0.870000000000000107	0.112755893086713341
-0.863999999999999879	0.114158305425413706
-0.858000000000000096	0.115585968228020752
-0.851999999999999869	0.117039462798481056
-0.846000000000000085	0.118519386303774177
-0.839999999999999858	0.120026352256326976
-0.834000000000000075	0.121560991011634659
-0.827999999999999847	0.123123950281510602
-0.822000000000000064	0.124715895663397497
-0.815999999999999837	0.126337511186167761
-0.810000000000000053	0.127989499872850493
-0.803999999999999826	0.129672584320733669
-0.798000000000000043	0.131387507299271178
-0.791999999999999815	0.133135032366241579
-0.786000000000000032	0.134915944502566526
-0.779999999999999805	0.136731050766233098
-0.774000000000000021	0.138581180965723805
-0.767999999999999794	0.140467188353364164
-0.762000000000000011	0.142389950338983245
-0.755999999999999783	0.144350369224253677
-0.75	0.146349372958063245
-0.743999999999999773	0.14838791591323186
-0.737999999999999989	0.150466979684890617
-0.731999999999999762	0.15258757391077421
-0.725999999999999979	0.154750737113639347
-0.719999999999999751	0.156957537565967392
-0.713999999999999968	0.159209074177104642
-0.707999999999999741	0.161506477402867804
-0.701999999999999957	0.163850910177573278
-0.69599999999999973	0.166243568868438135
-0.689999999999999947	0.168685684252134094
-0.684000000000000163	0.171178522513214582
-0.677999999999999936	0.173723386263983814
-0.672000000000000153	0.176321615585268765
-0.665999999999999925	0.178974589087429914
-0.660000000000000142	0.181683724990765794
-0.653999999999999915	0.18445048222417243
-0.648000000000000131	0.187276361540934577
-0.641999999999999904	0.190162906650323316
-0.636000000000000121	0.193111705362912972
-0.629999999999999893	0.196124390747839245
-0.62400000000000011	0.199202642299827648
-0.617999999999999883	0.202348187113033401
-0.612000000000000099	0.205562801058965045
-0.605999999999999872	0.208848309964959816
-0.600000000000000089	0.212206590789203509
-0.593999999999999861	0.21563957278799803
-0.588000000000000078	0.219149238670283186
-0.581999999999999851	0.222737625733902683
-0.576000000000000068	0.226406826977207126
-0.56999999999999984	0.230158992179161831
-0.564000000000000057	0.233996328940092313
-0.557999999999999829	0.23792110367431818
-0.552000000000000046	0.241935642545159812
-0.545999999999999819	0.246042332331438407
-0.540000000000000036	0.250243621213693757
-0.533999999999999808	0.254542019466932945
-0.528000000000000025	0.258940100045299548
-0.521999999999999797	0.263440499043037291
-0.516000000000000014	0.268045916013000152
-0.509999999999999787	0.272759114124911772
-0.504000000000000004	0.277582920140741096
-0.497999999999999776	0.282520224184157842
-0.491999999999999993	0.287573979278513803
-0.485999999999999766	0.292747200625176507
-0.479999999999999982	0.298042964591537118
-0.473999999999999755	0.303464407374985534
-0.467999999999999972	0.309014723306745565
-0.461999999999999744	0.314697162755548765
-0.455999999999999961	0.320515029587454259
-0.449999999999999734	0.32647167813705974
-0.44399999999999995	0.332570509636935518
-0.438000000000000167	0.338814968050159371
-0.43199999999999994	0.34520853525053441
-0.426000000000000156	0.351754725482711417
-0.419999999999999929	0.358457079035807424
-0.414000000000000146	0.365319155056451794
-0.407999999999999918	0.372344523422913354
-0.402000000000000135	0.379536755596563524
-0.395999999999999908	0.386899414361916993
-0.390000000000000124	0.39443604235915114
-0.383999999999999897	0.40215014931245574
-0.378000000000000114	0.410045197845839149
-0.371999999999999886	0.41812458777818684
-0.366000000000000103	0.426391638782330162
-0.359999999999999876	0.434849571289291748
-0.354000000000000092	0.443501485515081395
-0.347999999999999865	0.452350338483275105
-0.342000000000000082	0.461398918918920764
-0.335999999999999854	0.470649819883738163
-0.330000000000000071	0.480105409025204155
-0.323999999999999844	0.4897677963193382
-0.31800000000000006	0.499638799183658944
-0.311999999999999833	0.509719904854998629
-0.30600000000000005	0.520012229928279779
-0.299999999999999822	0.530516476972936357
-0.294000000000000039	0.541232888158578285
-0.287999999999999812	0.552161195850418118
-0.282000000000000028	0.563300570156118785
-0.275999999999999801	0.574649563445523537
-0.270000000000000018	0.58620605190392916
-0.26399999999999979	0.597967174225567666
-0.258000000000000007	0.609929267616715287
-0.25199999999999978	0.622087801328695011
-0.245999999999999996	0.634437308027937408
-0.239999999999999769	0.646971313381698776
-0.233999999999999986	0.659682264328634749
-0.227999999999999758	0.672561456608734343
-0.221999999999999975	0.68559896222938399
-0.215999999999999748	0.698783557656845744
-0.209999999999999964	0.712102653655089179
-0.203999999999999737	0.725542227807991824
-0.197999999999999954	0.739086760898723827
-0.191999999999999726	0.752719178451688897
-0.185999999999999943	0.766420798863279185
-0.18000000000000016	0.78017128966635263
-0.173999999999999932	0.793948633602781562
-0.168000000000000149	0.807729106232470628
-0.161999999999999922	0.821487266914684988
-0.156000000000000139	0.835195965008482699
-0.149999999999999911	0.848826363129807526
-0.144000000000000128	0.862347979484178739
-0.137999999999999901	0.875728750370461828
-0.132000000000000117	0.888935115571359513
-0.12599999999999989	0.901932126782162058
-0.120000000000000107	0.91468358098816005
-0.113999999999999879	0.927152179258986964
-0.108000000000000096	0.939299711355064959
-0.101999999999999869	0.951087265997423437
-0.0960000000000000853	0.962475466206786257
-0.0899999999999998579	0.973424728390247629
-0.0840000000000000746	0.983895543347536483
-0.0779999999999998472	0.993848776644396414
-0.0720000000000000639	1.00324598519919128
-0.0659999999999998366	1.01204974622860089
-0.0600000000000000533	1.02022399417753151
-0.0539999999999998259	1.02773436066074964
-0.0480000000000000426	1.03454851204303999
-0.0419999999999998153	1.04063647895953171
-0.036000000000000032	1.045970971949997
-0.0299999999999998046	1.05052767713404349
-0.0240000000000000213	1.05428552657571606
-0.0179999999999997939	1.05722693697167336
-0.0120000000000000107	1.05933801313494858
-0.00599999999999978328	1.06060871046708072
0	1.06103295394596908
0.00600000000000022737	1.06060871051472172
0.0120000000000000107	1.05933801312181619
0.018000000000000238	1.05722693697191916
0.0240000000000000213	1.05428552657893992
0.0300000000000002487	1.05052767717378859
0.036000000000000032	1.04597097194718991
0.0420000000000002593	1.04063647895821143
0.0480000000000000426	1.03454851202997244
0.05400000000000027	1.02773436070243718
0.0600000000000000533	1.02022399417849141
0.0660000000000002807	1.01204974622864041
0.0720000000000000639	1.00324598519847563
0.0779999999999998472	0.993848776644702614
0.0840000000000000746	0.983895543347417023
0.0899999999999998579	0.973424728390602234
0.0960000000000000853	0.962475466205266916
0.101999999999999869	0.951087266001971576
0.108000000000000096	0.939299711354707023
0.113999999999999879	0.927152179260748555
0.120000000000000107	0.914683580987666778
0.12599999999999989	0.90193212678175072
0.132000000000000117	0.888935115571311441
0.137999999999999901	0.875728750368496844
0.144000000000000128	0.862347979472976256
0.149999999999999911	0.848826363156672037
0.156000000000000139	0.835195965007940577
0.161999999999999922	0.821487266914245229
0.168000000000000149	0.807729106231626193
0.173999999999999932	0.793948633602480358
0.18000000000000016	0.780171289666027223
0.185999999999999943	0.766420798863217345
0.192000000000000171	0.75271917845209535
0.197999999999999954	0.739086760898659878
0.204000000000000181	0.725542227807596252
0.209999999999999964	0.712102653654922535
0.216000000000000192	0.698783557656723064
0.221999999999999975	0.685598962229677755
0.228000000000000203	0.672561456608855024
0.233999999999999986	0.659682264328413592
0.240000000000000213	0.646971313381819013
0.245999999999999996	0.634437308028106939
0.252000000000000224	0.62208780132803887
0.258000000000000007	0.609929267616668214
0.264000000000000234	0.597967174225730425
0.270000000000000018	0.58620605190362407
0.276000000000000245	0.574649563445710387
0.282000000000000028	0.563300570156146208
0.288000000000000256	0.552161195850368935
0.294000000000000039	0.541232888158563741
0.300000000000000266	0.53051647697294424
0.30600000000000005	0.520012229928572323
0.312000000000000277	0.509719904854935346
0.31800000000000006	0.499638799183452664
0.324000000000000288	0.489767796319516613
0.330000000000000071	0.480105409025320506
0.335999999999999854	0.470649819883727005
0.342000000000000082	0.461398918918896728
0.347999999999999865	0.452350338483010761
0.354000000000000092	0.443501485514894711
0.359999999999999876	0.434849571289355863
0.366000000000000103	0.426391638782376958
0.371999999999999886	0.418124587778196721
0.378000000000000114	0.410045197845961051
0.383999999999999897	0.402150149312475169
0.390000000000000124	0.39443604235907942
0.395999999999999908	0.386899414361880523
0.402000000000000135	0.379536755596671882
0.407999999999999918	0.372344523422963036
0.414000000000000146	0.365319155056609723
0.419999999999999929	0.358457079035950865
0.426000000000000156	0.351754725482620767
0.43199999999999994	0.345208535250438153
0.438000000000000167	0.338814968050132059
0.44399999999999995	0.332570509637030221
0.450000000000000178	0.326471678137232491
0.455999999999999961	0.320515029587348621
0.462000000000000188	0.314697162755353366
0.467999999999999972	0.309014723306725858
0.474000000000000199	0.303464407374984646
0.479999999999999982	0.29804296459155627
0.48600000000000021	0.292747200625193715
0.491999999999999993	0.287573979278504144
0.49800000000000022	0.282520224184122926
0.504000000000000004	0.277582920140688028
0.510000000000000231	0.272759114124927038
0.516000000000000014	0.268045916013080088
0.522000000000000242	0.263440499043152809
0.528000000000000025	0.258940100045441157
0.534000000000000252	0.254542019467010383
0.540000000000000036	0.250243621213808387
0.546000000000000263	0.246042332331441016
0.552000000000000046	0.241935642545098695
0.558000000000000274	0.237921103674272549
0.564000000000000057	0.233996328940082932
0.570000000000000284	0.230158992179195637
0.576000000000000068	0.226406826977218784
0.582000000000000295	0.222737625733882727
0.588000000000000078	0.219149238670261065
0.593999999999999861	0.215639572787971301
0.600000000000000089	0.212206590789187161
0.605999999999999872	0.208848309964942608
0.612000000000000099	0.205562801058931599
0.617999999999999883	0.202348187113007588
0.62400000000000011	0.199202642299854682
0.629999999999999893	0.19612439074786403
0.636000000000000121	0.193111705362909697
0.641999999999999904	0.190162906650295699
0.648000000000000131	0.187276361540880204
0.653999999999999915	0.184450482224124301
0.660000000000000142	0.181683724990766238
0.665999999999999925	0.178974589087454311
0.672000000000000153	0.176321615585288999
0.677999999999999936	0.173723386263997776
0.684000000000000163	0.171178522513225601
0.689999999999999947	0.168685684252144114
0.696000000000000174	0.166243568868450681
0.701999999999999957	0.163850910177593317
0.708000000000000185	0.161506477402892173
0.713999999999999968	0.159209074177121157
0.720000000000000195	0.156957537565966893
0.725999999999999979	0.154750737113593329
0.732000000000000206	0.152587573910618668
0.737999999999999989	0.150466979684610008
0.744000000000000217	0.148387915913005514
0.75	0.146349372958058305
0.756000000000000227	0.144350369224334529
0.762000000000000011	0.142389950339068677
0.768000000000000238	0.140467188353421313
0.774000000000000021	0.138581180965760664
0.780000000000000249	0.136731050766266543
0.786000000000000032	0.134915944502592144
0.792000000000000259	0.133135032366258316
0.798000000000000043	0.131387507299285222
0.80400000000000027	0.129672584320748213
0.810000000000000053	0.127989499872866536
0.816000000000000281	0.126337511186179557
0.822000000000000064	0.124715895663405435
0.828000000000000291	0.12312395028151718
0.834000000000000075	0.121560991011642944
0.839999999999999858	0.120026352256338925
0.846000000000000085	0.118519386303791857
0.851999999999999869	0.117039462798498334
0.858000000000000096	0.115585968228028732
0.863999999999999879	0.114158305425413456
0.870000000000000107	0.112755893086710607
0.87599999999999989	0.111378165303362711
0.882000000000000117	0.110024571108919209
0.887999999999999901	0.108694574039704797
0.894000000000000128	0.107387651709038065
0.899999999999999911	0.106103295394597355
0.906000000000000139	0.104841009638547783
0.911999999999999922	0.103600311860055874
0.918000000000000149	0.102380731979809708
0.923999999999999932	0.101181812056183817
0.93000000000000016	0.100003105932703201
0.935999999999999943	0.0988441788964434381
0.942000000000000171	0.0977046073470460019
0.947999999999999954	0.0965839784760038345
0.954000000000000181	0.0954818899559046058
0.959999999999999964	0.0943979496393232143
0.966000000000000192	0.0933317752670548562
0.971999999999999975	0.0922829941853947899
0.978000000000000203	0.0912512430721726386
0.983999999999999986	0.0902361676712803568
0.990000000000000213	0.0892374225354060219
0.995999999999999996	0.0882546707767162542
1.00199999999999978	0.0872875838252329672
1.00800000000000001	0.0863358411946678062
1.01400000000000023	0.0853991302554605453
1.02000000000000046	0.084477146014802218
1.0259999999999998	0.083569590903398841
1.03200000000000003	0.0826761745687821931
1.03800000000000026	0.0817966136749462697
1.04400000000000048	0.0809306317081051052
1.04999999999999982	0.0800779587883743288
1.05600000000000005	0.0792383314871835664
1.06200000000000028	0.0784114926502397502
1.0680000000000005	0.0775971912258640317
1.07399999999999984	0.0767951820985180722
1.08000000000000007	0.0760052259273605313
1.0860000000000003	0.0752270889896733547
1.09200000000000053	0.0744605430289940751
1.09799999999999986	0.0737053651078089095
1.10400000000000009	0.0729613374646549961
1.11000000000000032	0.0722282473754957965
1.11599999999999966	0.0715058870192253337
1.12199999999999989	0.070794053347173716
1.12800000000000011	0.0700925479564888376
1.13400000000000034	0.0694011769672526063
1.13999999999999968	0.068719750903246099
1.14599999999999991	0.0680480845762117398
1.15200000000000014	0.0673859969735034064
1.15800000000000036	0.0667333111490725633
1.1639999999999997	0.066089854117603708
1.16999999999999993	0.065455456751735544
1.17600000000000016	0.0648299536822855155
1.18200000000000038	0.0642131832013522752
1.18799999999999972	0.0636049871682542178
1.19399999999999995	0.0630052109181487019
1.20000000000000018	0.0624137031732932418
1.20600000000000041	0.0618303159568537875
1.21199999999999974	0.0612549045091673947
1.21799999999999997	0.0606873272064087019
1.2240000000000002	0.0601274454815688975
1.23000000000000043	0.0595751237476666376
1.23599999999999977	0.0590302293231443134
1.24199999999999999	0.0584926323593639649
1.24800000000000022	0.0579622057701423554
1.25400000000000045	0.057438825163265865
1.25999999999999979	0.0569223687739223508
1.26600000000000001	0.0564127173999862744
1.27200000000000024	0.0559097543391090593
1.27800000000000047	0.0554133653275535112
1.28399999999999981	0.0549234384807164716
1.29000000000000004	0.0544398642352944689
1.29600000000000026	0.0539625352930424504
1.30200000000000049	0.0534913465660706161
1.30799999999999983	0.0530261951236405057
1.31400000000000006	0.0525669801404073517
1.32000000000000028	0.0521136028460736922
1.32600000000000051	0.0516659664764057766
1.33199999999999985	0.0512239762255741263
1.33800000000000008	0.050787539199776216
1.34400000000000031	0.0503565643721069628
1.35000000000000053	0.0499309625386368597
1.35599999999999987	0.0495106462756657595
1.3620000000000001	0.049095529898111466
1.36800000000000033	0.0486855294190046556
1.37399999999999967	0.0482805625100572108
1.37999999999999989	0.047880548463267586
1.38600000000000012	0.0474854081535412906
1.39200000000000035	0.047095064002288578
1.39799999999999969	0.0467094399419761691
1.40399999999999991	0.0463284613815998433
1.41000000000000014	0.0459520551730601759
1.41600000000000037	0.0455801495784061705
1.42199999999999971	0.045212674237926867
1.42799999999999994	0.044849560139066158
1.43400000000000016	0.0444907395861345936
1.44000000000000039	0.0441361461707974814
1.44599999999999973	0.0437857147433180702
1.45199999999999996	0.0434393813845305732
1.45800000000000018	0.0430970833785277174
1.46400000000000041	0.0427587591860373664
1.46999999999999975	0.042424348418472535
1.47599999999999998	0.0420937918126339308
1.48200000000000021	0.0417670312060473628
1.48800000000000043	0.0414440095129178579
1.49399999999999977	0.0411246707006825973
1.5	0.0408089597671484686
1.50600000000000023	0.0404968227181957893
1.51200000000000045	0.0401882065460334587
1.51799999999999979	0.0398830592079899154
1.52400000000000002	0.0395813296058248817
1.53000000000000025	0.0392829675655488944
1.53600000000000048	0.0389879238177349569
1.54199999999999982	0.0386961499783106053
1.54800000000000004	0.0384075985298164418
1.55400000000000027	0.0381222228031163485
1.5600000000000005	0.0378399769595486254
1.56599999999999984	0.0375608159735083616
1.57200000000000006	0.0372846956154517309
1.57800000000000029	0.0370115724353065195
1.58400000000000052	0.0367414037462748325
1.58999999999999986	0.0364741476090207073
1.59600000000000009	0.0362097628162324006
1.60200000000000031	0.0359482088775530811
1.60800000000000054	0.035689446004864768
1.61399999999999988	0.0354334350979201018
1.62000000000000011	0.0351801377303083349
1.62600000000000033	0.0349295161357524031
1.63199999999999967	0.0346815331947223499
1.6379999999999999	0.034436152421362172
1.64400000000000013	0.0341933379507206453
1.65000000000000036	0.0339530545262731812
1.65599999999999969	0.0337152674877354494
1.66199999999999992	0.0334799427591543908
1.66800000000000015	0.0332470468372735237
1.67400000000000038	0.0330165467801619497
1.67999999999999972	0.0327884101961055802
1.68599999999999994	0.0325626052327481416
1.69200000000000017	0.0323391005664785611
1.6980000000000004	0.0321178653920593041
1.70399999999999974	0.0318988694124869299
1.70999999999999996	0.03168208282907993
1.71600000000000019	0.0314674763317913039
1.72200000000000042	0.0312550210897344638
1.72799999999999976	0.0310446887419207444
1.73399999999999999	0.0308364513882042994
1.74000000000000021	0.0306302815804250922
1.74600000000000044	0.0304261523137486917
1.75199999999999978	0.0302240370181966929
1.75800000000000001	0.0300239095503635513
1.76400000000000023	0.0298257441853138384
1.77000000000000046	0.0296295156086575848
1.7759999999999998	0.0294351989087960376
1.78200000000000003	0.0292427695693374852
1.78800000000000026	0.0290522034616777988
1.79400000000000048	0.0288634768377387385
1.79999999999999982	0.0286765663228652039
1.80600000000000005	0.0284914489088735172
1.81200000000000028	0.0283081019472491598
1.8180000000000005	0.0281265031424894132
1.82399999999999984	0.0279466305455879499
1.83000000000000007	0.0277684625476578018
1.8360000000000003	0.02759197787368926
1.84200000000000053	0.0274171555764399812
1.84799999999999986	0.0272439750304524671
1.85400000000000009	0.0270724159261995535
1.86000000000000032	0.0269024582643504623
1.86599999999999966	0.0267340823501573642
1.87199999999999989	0.0265672687879590502
1.87800000000000011	0.0264019984757983932
1.88400000000000034	0.0262382526001524626
1.88999999999999968	0.0260760126307695295
1.89599999999999991	0.0259152603156142837
1.90200000000000014	0.0257559776759168843
1.90800000000000036	0.0255981470013219685
1.9139999999999997	0.0254417508451383473
1.91999999999999993	0.0252867720196850825
1.92600000000000016	0.0251331935917317971
1.93200000000000038	0.0249809988780322623
1.93799999999999972	0.0248301714409476203
1.94399999999999995	0.024680695084158405
1.95000000000000018	0.0245325538484627605
1.95600000000000041	0.0243857320076583707
1.96199999999999974	0.0242402140645082732
1.96799999999999997	0.0240959847467851832
1.9740000000000002	0.0239530290033961799
1.98000000000000043	0.0238113320005844641
1.98599999999999977	0.0236708791182045283
1.99199999999999999	0.0235316559460728089
1.99800000000000022	0.0233936482803895687
2.00400000000000045	0.0232568421202308216
2.00999999999999979	0.0231212236641096837
2.01600000000000001	0.0229867793066043692
2.02200000000000024	0.02285349563505212
2.02800000000000047	0.0227213594263075552
2.03399999999999981	0.0225903576435634926
2.04000000000000004	0.0224604774332335146
2.04600000000000026	0.022331706121896
2.05200000000000049	0.0222040312132938747
2.05799999999999983	0.0220774403853964095
2.06400000000000006	0.0219519214875123041
2.07000000000000028	0.0218274625374614319
2.07600000000000051	0.0217040517188010554
2.08199999999999985	0.0215816773781004299
2.08800000000000008	0.0214603280222716852
2.09400000000000031	0.0213399923159492445
2.10000000000000053	0.0212206590789182532
2.10599999999999987	0.0211023172835916178
2.1120000000000001	0.0209849560525357214
2.11800000000000033	0.0208685646560413177
2.12399999999999967	0.020753132509738613
2.12999999999999989	0.020638649172260267
2.13600000000000012	0.0205251043429445362
2.14200000000000035	0.0204124878595816385
2.14799999999999969	0.0203007896962039761
2.15399999999999991	0.0201899999609135468
2.16000000000000014	0.0200801088937530084
2.16600000000000037	0.0199711068646131265
2.17199999999999971	0.0198629843711793201
2.17799999999999994	0.0197557320369165998
2.18400000000000016	0.019649340609090387
2.19000000000000039	0.0195438009568226038
2.19599999999999973	0.0194391040691852292
2.20199999999999996	0.0193352410533259474
2.20800000000000018	0.0192322031326288487
2.21400000000000041	0.0191299816449085197
2.21999999999999975	0.0190285680406355844
2.22599999999999998	0.0189279538811951246
2.23200000000000021	0.0188281308371743804
2.23800000000000043	0.0187290906866839496
2.24399999999999977	0.0186308253137068384
2.25	0.0185333267064748085
2.25600000000000023	0.0184365869558794047
2.26200000000000045	0.0183405982539059688
2.26799999999999979	0.0182453528920939884
2.27400000000000002	0.0181508432600317945
2.28000000000000025	0.0180570618438702958
2.28600000000000048	0.0179640012248648284
2.29199999999999982	0.0178716540779456368
2.29800000000000004	0.0177800131703086915
2.30400000000000027	0.0176890713600338784
2.3100000000000005	0.017598821594727504
2.31599999999999984	0.0175092569101846299
2.32200000000000006	0.0174203704290777951
2.32800000000000029	0.0173321553596692442
2.33400000000000052	0.0172446049945401969
2.33999999999999986	0.0171577127093473156
2.34600000000000009	0.0170714719615978339
2.35200000000000031	0.0169858762894456172
2.35800000000000054	0.0169009193105079288
2.36399999999999988	0.0168165947207032165
2.37000000000000011	0.016732896293107119
2.37600000000000033	0.0166498178768281213
2.38199999999999967	0.0165673533959032407
2.3879999999999999	0.0164854968482115345
2.39400000000000013	0.0164042423044052192
2.40000000000000036	0.0163235839068584937
2.40599999999999969	0.0162435158686384425
2.41199999999999992	0.0161640324724842584
2.41800000000000015	0.0160851280698114454
2.42400000000000038	0.0160067970797308501
2.42999999999999972	0.0159290339880789819
2.43599999999999994	0.0158518333464704557
2.44200000000000017	0.0157751897713643181
2.4480000000000004	0.0156990979431431525
2.45399999999999974	0.0156235526052110902
2.45999999999999996	0.0155485485631028791
2.46600000000000019	0.0154740806836112486
2.47200000000000042	0.0154001438939257978
2.47799999999999976	0.015326733180785073
2.48399999999999999	0.0152538435896469784
2.49000000000000021	0.0151814702238675121
2.49600000000000044	0.0151096082438948176
2.50199999999999978	0.0150382528664778064
2.50800000000000001	0.0149673993638849614
2.51400000000000023	0.0148970430631362206
2.52000000000000046	0.0148271793452490735
2.5259999999999998	0.0147578036444942773
2.53200000000000003	0.0146889114476642848
2.53800000000000026	0.014620498293354418
2.54400000000000048	0.0145525597712533854
2.54999999999999982	0.0144850915214469744
2.55600000000000005	0.0144180892337315812
2.56200000000000028	0.0143515486469386368
2.5680000000000005	0.0142854655482704158
2.57399999999999984	0.0142198357726455865
2.58000000000000007	0.0141546552020549547
2.5860000000000003	0.0140899197649279866
2.59200000000000053	0.0140256254355085579
2.59799999999999986	0.0139617682332404576
2.60400000000000009	0.0138983442221628645
2.61000000000000032	0.013835349510314867
2.61600000000000055	0.0137727802491490851
2.62199999999999989	0.0137106326329547289
2.62800000000000011	0.013648902898289253
2.63400000000000034	0.01358758732341875
2.63999999999999968	0.0135266822277671731
2.64599999999999991	0.0134661839713736669
2.65200000000000014	0.0134060889543583771
2.65800000000000036	0.0133463936163964476
2.6639999999999997	0.0132870944361998568
2.66999999999999993	0.0132281879310071366
2.67600000000000016	0.0131696706560810433
2.68200000000000038	0.0131115392042135456
2.68799999999999972	0.0130537902052383688
2.69399999999999995	0.0129964203255509819
2.70000000000000018	0.0129394262676356432
2.70600000000000041	0.0128828047695996092
2.71199999999999974	0.0128265526047143443
2.71799999999999997	0.0127706665809634735
2.7240000000000002	0.0127151435405976117
2.73000000000000043	0.0126599803596957484
2.73599999999999977	0.0126051739477330959
2.74199999999999999	0.0125507212471554202
2.74800000000000022	0.0124966192329596121
2.75400000000000045	0.0124428649122803447
2.75999999999999979	0.0123894553239829799
2.76600000000000001	0.0123363875382623157
2.77200000000000024	0.0122836586562473163
2.77800000000000047	0.0122312658096115877
2.78399999999999981	0.0121792061601896113
2.79000000000000004	0.0121274768995984095
2.79600000000000026	0.0120760752488649099
2.80200000000000049	0.0120249984580585723
2.80799999999999983	0.0119742438059293639
2.81400000000000006	0.0119238085995509845
2.82000000000000028	0.0118736901739692445
2.82600000000000051	0.0118238858918554585
2.83199999999999985	0.0117743931431649133
2.83800000000000008	0.0117252093448001037
2.84400000000000031	0.0116763319402788963
2.85000000000000053	0.0116277583994073928
2.85599999999999987	0.0115794862179574715
2.8620000000000001	0.0115315129173488382
2.86800000000000033	0.0114838360443357303
2.87400000000000055	0.0114364531706979532
2.87999999999999989	0.0113893618929362898
2.88600000000000012	0.0113425598319722744
2.89200000000000035	0.0112960446328521525
2.89799999999999969	0.0112498139644550028
2.90399999999999991	0.0112038655192049415
2.91000000000000014	0.0111581970127874255
2.91600000000000037	0.0111128061838694139
2.92199999999999971	0.0110676907938235675
2.92799999999999994	0.0110228486264561092
2.93400000000000016	0.0109782774877386913
2.94000000000000039	0.0109339752055437577
2.94599999999999973	0.0108899396293837703
2.95199999999999996	0.0108461686301538074
2.95800000000000018	0.0108026600998780333
2.96400000000000041	0.0107594119514592638
2.96999999999999975	0.0107164221184323886
2.97599999999999998	0.0106736885547207561
2.98200000000000021	0.0106312092343963278
2.98800000000000043	0.0105889821514426555
2.99399999999999977	0.0105470053195215567
3	0.0105052767717424781
