-3	0.0124484133232628663
-2.99699699699699718	0.0124484133232628663
-2.99399399399399391	0.0124484133232628663
-2.99099099099099108	0.00800255142209755667
-2.98798798798798781	0.0115592409430298054
-2.98498498498498499	0.0142267580837289898
-2.98198198198198217	0.00978089618256368018
-2.9789789789789789	0.00978089618256368018
-2.97597597597597607	0.0053350342813983714
-2.9729729729729728	0.0115592409430298054
-2.96996996996996998	0.0151159304639620524
-2.96696696696696716	0.00800255142209755667
-2.96396396396396389	0.00711337904186449491
-2.96096096096096106	0.0053350342813983714
-2.9579579579579578	0.00978089618256368018
-2.95495495495495497	0.0115592409430298054
-2.95195195195195215	0.0133375857034959289
-2.94894894894894888	0.00978089618256368018
-2.94594594594594605	0.0177834476046612386
-2.94294294294294279	0.00978089618256368018
-2.93993993993993996	0.0115592409430298054
-2.93693693693693714	0.0124484133232628663
-2.93393393393393387	0.0124484133232628663
-2.93093093093093104	0.0142267580837289898
-2.92792792792792778	0.0160051028441951133
-2.92492492492492495	0.0106700685627967428
-2.92192192192192213	0.00889172380233061929
-2.91891891891891886	0.0106700685627967428
-2.91591591591591603	0.0124484133232628663
-2.91291291291291277	0.0124484133232628663
-2.90990990990990994	0.0133375857034959289
-2.90690690690690712	0.00978089618256368018
-2.90390390390390385	0.0133375857034959289
-2.90090090090090102	0.0160051028441951133
-2.89789789789789776	0.0106700685627967428
-2.89489489489489493	0.00889172380233061929
-2.89189189189189211	0.00978089618256368018
-2.88888888888888884	0.00889172380233061929
-2.88588588588588602	0.0124484133232628663
-2.88288288288288275	0.0124484133232628663
-2.87987987987987992	0.0115592409430298054
-2.8768768768768771	0.0142267580837289898
-2.87387387387387383	0.0106700685627967428
-2.87087087087087101	0.0133375857034959289
-2.86786786786786774	0.0115592409430298054
-2.86486486486486491	0.0133375857034959289
-2.86186186186186209	0.0115592409430298054
-2.85885885885885882	0.0106700685627967428
-2.855855855855856	0.0106700685627967428
-2.85285285285285273	0.0106700685627967428
-2.8498498498498499	0.00800255142209755667
-2.84684684684684708	0.0168942752244281777
-2.84384384384384381	0.0160051028441951133
-2.84084084084084099	0.0177834476046612386
-2.83783783783783772	0.0106700685627967428
-2.83483483483483489	0.0160051028441951133
-2.83183183183183207	0.00622420666163143316
-2.8288288288288288	0.0106700685627967428
-2.82582582582582598	0.0204509647453604247
-2.82282282282282271	0.0160051028441951133
-2.81981981981981988	0.00800255142209755667
-2.81681681681681662	0.00889172380233061929
-2.81381381381381379	0.0195617923651273604
-2.81081081081081097	0.00889172380233061929
-2.8078078078078077	0.0124484133232628663
-2.80480480480480487	0.00889172380233061929
-2.80180180180180161	0.0133375857034959289
-2.79879879879879878	0.00978089618256368018
-2.79579579579579596	0.0133375857034959289
-2.79279279279279269	0.00444586190116530965
-2.78978978978978986	0.00978089618256368018
-2.7867867867867866	0.0115592409430298054
-2.78378378378378377	0.0115592409430298054
-2.78078078078078095	0.00889172380233061929
-2.77777777777777768	0.0133375857034959289
-2.77477477477477485	0.0151159304639620524
-2.77177177177177159	0.0231184818860596109
-2.76876876876876876	0.0168942752244281777
-2.76576576576576594	0.0168942752244281777
-2.76276276276276267	0.0133375857034959289
-2.75975975975975985	0.0133375857034959289
-2.75675675675675658	0.0133375857034959289
-2.75375375375375375	0.0142267580837289898
-2.75075075075075093	0.0186726199848942995
-2.74774774774774766	0.0151159304639620524
-2.74474474474474484	0.0106700685627967428
-2.74174174174174157	0.0106700685627967428
-2.73873873873873874	0.0124484133232628663
-2.73573573573573592	0.00800255142209755667
-2.73273273273273265	0.0151159304639620524
-2.72972972972972983	0.0151159304639620524
-2.72672672672672656	0.0124484133232628663
-2.72372372372372373	0.0160051028441951133
-2.72072072072072091	0.0133375857034959289
-2.71771771771771764	0.0177834476046612386
-2.71471471471471482	0.0168942752244281777
-2.71171171171171155	0.0106700685627967428
-2.70870870870870872	0.0133375857034959289
-2.7057057057057059	0.0133375857034959289
-2.70270270270270263	0.0160051028441951133
-2.69969969969969981	0.0151159304639620524
-2.69669669669669654	0.0142267580837289898
-2.69369369369369371	0.0115592409430298054
-2.69069069069069045	0.0151159304639620524
-2.68768768768768762	0.00622420666163143316
-2.6846846846846848	0.0151159304639620524
-2.68168168168168153	0.0151159304639620524
-2.6786786786786787	0.0168942752244281777
-2.67567567567567544	0.0177834476046612386
-2.67267267267267261	0.0142267580837289898
-2.66966966966966979	0.0142267580837289898
-2.66666666666666652	0.0177834476046612386
-2.66366366366366369	0.0195617923651273604
-2.66066066066066043	0.0133375857034959289
-2.6576576576576576	0.0186726199848942995
-2.65465465465465478	0.0124484133232628663
-2.65165165165165151	0.00978089618256368018
-2.64864864864864868	0.0106700685627967428
-2.64564564564564542	0.00978089618256368018
-2.64264264264264259	0.0177834476046612386
-2.63963963963963977	0.0106700685627967428
-2.6366366366366365	0.0151159304639620524
-2.63363363363363367	0.0204509647453604247
-2.63063063063063041	0.0160051028441951133
-2.62762762762762758	0.0160051028441951133
-2.62462462462462476	0.0177834476046612386
-2.62162162162162149	0.0106700685627967428
-2.61861861861861867	0.0106700685627967428
-2.6156156156156154	0.0186726199848942995
-2.61261261261261257	0.0204509647453604247
-2.60960960960960975	0.0151159304639620524
-2.60660660660660648	0.0160051028441951133
-2.60360360360360366	0.0222293095058265465
-2.60060060060060039	0.0115592409430298054
-2.59759759759759756	0.0160051028441951133
-2.59459459459459474	0.0222293095058265465
-2.59159159159159147	0.0231184818860596109
-2.58858858858858865	0.0124484133232628663
-2.58558558558558538	0.0204509647453604247
-2.58258258258258255	0.0186726199848942995
-2.57957957957957973	0.0177834476046612386
-2.57657657657657646	0.0115592409430298054
-2.57357357357357364	0.00800255142209755667
-2.57057057057057037	0.00711337904186449491
-2.56756756756756754	0.0115592409430298054
-2.56456456456456472	0.0142267580837289898
-2.56156156156156145	0.0133375857034959289
-2.55855855855855863	0.0106700685627967428
-2.55555555555555536	0.0142267580837289898
-2.55255255255255253	0.0160051028441951133
-2.54954954954954971	0.0151159304639620524
-2.54654654654654644	0.0133375857034959289
-2.54354354354354362	0.0168942752244281777
-2.54054054054054035	0.0151159304639620524
-2.53753753753753752	0.0133375857034959289
-2.5345345345345347	0.0133375857034959289
-2.53153153153153143	0.0231184818860596109
-2.52852852852852861	0.0133375857034959289
-2.52552552552552534	0.0151159304639620524
-2.52252252252252251	0.0204509647453604247
-2.51951951951951969	0.0177834476046612386
-2.51651651651651642	0.0133375857034959289
-2.5135135135135136	0.0142267580837289898
-2.51051051051051033	0.0266751714069918579
-2.5075075075075075	0.0177834476046612386
-2.50450450450450468	0.0142267580837289898
-2.50150150150150141	0.0124484133232628663
-2.49849849849849859	0.0142267580837289898
-2.49549549549549532	0.0106700685627967428
-2.4924924924924925	0.0213401371255934856
-2.48948948948948967	0.0160051028441951133
-2.4864864864864864	0.0142267580837289898
-2.48348348348348358	0.0151159304639620524
-2.48048048048048031	0.0151159304639620524
-2.47747747747747749	0.0160051028441951133
-2.47447447447447466	0.0142267580837289898
-2.47147147147147139	0.0168942752244281777
-2.46846846846846857	0.0213401371255934856
-2.4654654654654653	0.0160051028441951133
-2.46246246246246248	0.0195617923651273604
-2.45945945945945965	0.0133375857034959289
-2.45645645645645638	0.0151159304639620524
-2.45345345345345356	0.0248968266465257326
-2.45045045045045029	0.0231184818860596109
-2.44744744744744747	0.0222293095058265465
-2.44444444444444464	0.0133375857034959289
-2.44144144144144137	0.0142267580837289898
-2.43843843843843855	0.0204509647453604247
-2.43543543543543528	0.0142267580837289898
-2.43243243243243246	0.0177834476046612386
-2.42942942942942963	0.0168942752244281777
-2.42642642642642636	0.0160051028441951133
-2.42342342342342354	0.0160051028441951133
-2.42042042042042027	0.0142267580837289898
-2.41741741741741745	0.0240076542662926717
-2.41441441441441462	0.0204509647453604247
-2.41141141141141135	0.00978089618256368018
-2.40840840840840853	0.0168942752244281777
-2.40540540540540526	0.0177834476046612386
-2.40240240240240244	0.0124484133232628663
-2.39939939939939961	0.0151159304639620524
-2.39639639639639634	0.0213401371255934856
-2.39339339339339352	0.0142267580837289898
-2.39039039039039025	0.0124484133232628663
-2.38738738738738743	0.0195617923651273604
-2.3843843843843846	0.0142267580837289898
-2.38138138138138133	0.0168942752244281777
-2.37837837837837851	0.0222293095058265465
-2.37537537537537524	0.0195617923651273604
-2.37237237237237242	0.0195617923651273604
-2.36936936936936959	0.0213401371255934856
-2.36636636636636633	0.0124484133232628663
-2.3633633633633635	0.0151159304639620524
-2.36036036036036023	0.0115592409430298054
-2.35735735735735741	0.0186726199848942995
-2.35435435435435458	0.0186726199848942995
-2.35135135135135132	0.0222293095058265465
-2.34834834834834849	0.0160051028441951133
-2.34534534534534522	0.0222293095058265465
-2.3423423423423424	0.0186726199848942995
-2.33933933933933957	0.0275643437872249188
-2.33633633633633631	0.0168942752244281777
-2.33333333333333348	0.0151159304639620524
-2.33033033033033021	0.0204509647453604247
-2.32732732732732739	0.0177834476046612386
-2.32432432432432456	0.0168942752244281777
-2.3213213213213213	0.0248968266465257326
-2.31831831831831847	0.0248968266465257326
-2.3153153153153152	0.0195617923651273604
-2.31231231231231238	0.0151159304639620524
-2.30930930930930955	0.0177834476046612386
-2.30630630630630629	0.0151159304639620524
-2.30330330330330346	0.0240076542662926717
-2.30030030030030019	0.0231184818860596109
-2.29729729729729737	0.0222293095058265465
-2.29429429429429455	0.0204509647453604247
-2.29129129129129128	0.0195617923651273604
-2.28828828828828845	0.0248968266465257326
-2.28528528528528518	0.0222293095058265465
-2.28228228228228236	0.0195617923651273604
-2.27927927927927954	0.0168942752244281777
-2.27627627627627627	0.0186726199848942995
-2.27327327327327344	0.0168942752244281777
-2.27027027027027017	0.0240076542662926717
-2.26726726726726735	0.0248968266465257326
-2.26426426426426453	0.0213401371255934856
-2.26126126126126126	0.0177834476046612386
-2.25825825825825799	0.0133375857034959289
-2.25525525525525516	0.0240076542662926717
-2.25225225225225234	0.0240076542662926717
-2.24924924924924952	0.025785999026758797
-2.24624624624624625	0.0168942752244281777
-2.24324324324324298	0.0266751714069918579
-2.24024024024024015	0.0160051028441951133
-2.23723723723723733	0.0186726199848942995
-2.23423423423423451	0.0240076542662926717
-2.23123123123123124	0.025785999026758797
-2.22822822822822797	0.0151159304639620524
-2.22522522522522515	0.0213401371255934856
-2.22222222222222232	0.0186726199848942995
-2.2192192192192195	0.0204509647453604247
-2.21621621621621623	0.0168942752244281777
-2.21321321321321296	0.0151159304639620524
-2.21021021021021014	0.0168942752244281777
-2.20720720720720731	0.0231184818860596109
-2.20420420420420449	0.0204509647453604247
-2.20120120120120122	0.0275643437872249188
-2.19819819819819795	0.0204509647453604247
-2.19519519519519513	0.0222293095058265465
-2.1921921921921923	0.0186726199848942995
-2.18918918918918903	0.0151159304639620524
-2.18618618618618621	0.0168942752244281777
-2.18318318318318294	0.0160051028441951133
-2.18018018018018012	0.0222293095058265465
-2.17717717717717729	0.0222293095058265465
-2.17417417417417402	0.0231184818860596109
-2.1711711711711712	0.0284535161674579797
-2.16816816816816793	0.0204509647453604247
-2.16516516516516511	0.0231184818860596109
-2.16216216216216228	0.0213401371255934856
-2.15915915915915901	0.0204509647453604247
-2.15615615615615619	0.0222293095058265465
-2.15315315315315292	0.0168942752244281777
-2.1501501501501501	0.0195617923651273604
-2.14714714714714727	0.0168942752244281777
-2.144144144144144	0.0142267580837289898
-2.14114114114114118	0.0204509647453604247
-2.13813813813813791	0.0195617923651273604
-2.13513513513513509	0.0186726199848942995
-2.13213213213213226	0.0240076542662926717
-2.12912912912912899	0.0186726199848942995
-2.12612612612612617	0.0222293095058265465
-2.1231231231231229	0.0151159304639620524
-2.12012012012012008	0.0222293095058265465
-2.11711711711711725	0.0177834476046612386
-2.11411411411411398	0.0204509647453604247
-2.11111111111111116	0.0195617923651273604
-2.10810810810810789	0.0186726199848942995
-2.10510510510510507	0.0248968266465257326
-2.10210210210210224	0.0240076542662926717
-2.09909909909909898	0.0204509647453604247
-2.09609609609609615	0.0248968266465257326
-2.09309309309309288	0.0222293095058265465
-2.09009009009009006	0.0177834476046612386
-2.08708708708708723	0.0284535161674579797
-2.08408408408408397	0.0168942752244281777
-2.08108108108108114	0.0177834476046612386
-2.07807807807807787	0.0231184818860596109
-2.07507507507507505	0.029342688547691044
-2.07207207207207222	0.0275643437872249188
-2.06906906906906896	0.0231184818860596109
-2.06606606606606613	0.0266751714069918579
-2.06306306306306286	0.0186726199848942995
-2.06006006006006004	0.0160051028441951133
-2.05705705705705721	0.0240076542662926717
-2.05405405405405395	0.0248968266465257326
-2.05105105105105112	0.0213401371255934856
-2.04804804804804785	0.0213401371255934856
-2.04504504504504503	0.0284535161674579797
-2.0420420420420422	0.029342688547691044
-2.03903903903903894	0.0186726199848942995
-2.03603603603603611	0.0266751714069918579
-2.03303303303303284	0.0240076542662926717
-2.03003003003003002	0.0248968266465257326
-2.0270270270270272	0.0248968266465257326
-2.02402402402402393	0.0222293095058265465
-2.0210210210210211	0.0204509647453604247
-2.01801801801801783	0.0275643437872249188
-2.01501501501501501	0.0213401371255934856
-2.01201201201201219	0.0213401371255934856
-2.00900900900900892	0.0222293095058265465
-2.00600600600600609	0.0186726199848942995
-2.00300300300300282	0.0222293095058265465
-2	0.0222293095058265465
-1.99699699699699695	0.0231184818860596109
-1.99399399399399391	0.0284535161674579797
-1.99099099099099108	0.0248968266465257326
-1.98798798798798804	0.0284535161674579797
-1.98498498498498499	0.0248968266465257326
-1.98198198198198194	0.0204509647453604247
-1.9789789789789789	0.0284535161674579797
-1.97597597597597607	0.0364560675895555381
-1.97297297297297303	0.0373452399697885989
-1.96996996996996998	0.0240076542662926717
-1.96696696696696693	0.0186726199848942995
-1.96396396396396389	0.0364560675895555381
-1.96096096096096106	0.0213401371255934856
-1.95795795795795802	0.0204509647453604247
-1.95495495495495497	0.0328993780686232876
-1.95195195195195192	0.0266751714069918579
-1.94894894894894888	0.0248968266465257326
-1.94594594594594605	0.0284535161674579797
-1.94294294294294301	0.0231184818860596109
-1.93993993993993996	0.0240076542662926717
-1.93693693693693691	0.025785999026758797
-1.93393393393393387	0.0240076542662926717
-1.93093093093093104	0.029342688547691044
-1.927927927927928	0.0231184818860596109
-1.92492492492492495	0.0373452399697885989
-1.92192192192192191	0.0275643437872249188
-1.91891891891891886	0.0231184818860596109
-1.91591591591591603	0.0240076542662926717
-1.91291291291291299	0.0320102056883902267
-1.90990990990990994	0.0275643437872249188
-1.9069069069069069	0.025785999026758797
-1.90390390390390385	0.0231184818860596109
-1.9009009009009008	0.0231184818860596109
-1.89789789789789798	0.0311210333081571658
-1.89489489489489493	0.0248968266465257326
-1.89189189189189189	0.0275643437872249188
-1.88888888888888884	0.0355668952093224772
-1.88588588588588579	0.0302318609279241049
-1.88288288288288297	0.0337885504488563554
-1.87987987987987992	0.0275643437872249188
-1.87687687687687688	0.0284535161674579797
-1.87387387387387383	0.0213401371255934856
-1.87087087087087078	0.0320102056883902267
-1.86786786786786796	0.029342688547691044
-1.86486486486486491	0.0337885504488563554
-1.86186186186186187	0.029342688547691044
-1.85885885885885882	0.025785999026758797
-1.85585585585585577	0.0373452399697885989
-1.85285285285285295	0.025785999026758797
-1.8498498498498499	0.0213401371255934856
-1.84684684684684686	0.0355668952093224772
-1.84384384384384381	0.0222293095058265465
-1.84084084084084076	0.0240076542662926717
-1.83783783783783794	0.0382344123500216598
-1.83483483483483489	0.0302318609279241049
-1.83183183183183185	0.0248968266465257326
-1.8288288288288288	0.0266751714069918579
-1.82582582582582575	0.0248968266465257326
-1.82282282282282293	0.0337885504488563554
-1.81981981981981988	0.0284535161674579797
-1.81681681681681684	0.0364560675895555381
-1.81381381381381379	0.0248968266465257326
-1.81081081081081074	0.0400127571104877885
-1.80780780780780792	0.0409019294907208494
-1.80480480480480487	0.0302318609279241049
-1.80180180180180183	0.025785999026758797
-1.79879879879879878	0.0302318609279241049
-1.79579579579579574	0.0320102056883902267
-1.79279279279279291	0.0266751714069918579
-1.78978978978978986	0.029342688547691044
-1.78678678678678682	0.0346777228290894163
-1.78378378378378377	0.0311210333081571658
-1.78078078078078073	0.0248968266465257326
-1.77777777777777768	0.0302318609279241049
-1.77477477477477485	0.0400127571104877885
-1.77177177177177181	0.0311210333081571658
-1.76876876876876876	0.0240076542662926717
-1.76576576576576572	0.0302318609279241049
-1.76276276276276267	0.0337885504488563554
-1.75975975975975985	0.0426802742511869712
-1.7567567567567568	0.0275643437872249188
-1.75375375375375375	0.0355668952093224772
-1.75075075075075071	0.029342688547691044
-1.74774774774774766	0.0275643437872249188
-1.74474474474474484	0.0266751714069918579
-1.74174174174174179	0.0311210333081571658
-1.73873873873873874	0.0355668952093224772
-1.7357357357357357	0.0328993780686232876
-1.73273273273273265	0.0391235847302547207
-1.72972972972972983	0.0373452399697885989
-1.72672672672672678	0.0275643437872249188
-1.72372372372372373	0.0320102056883902267
-1.72072072072072069	0.0328993780686232876
-1.71771771771771764	0.0337885504488563554
-1.71471471471471482	0.0266751714069918579
-1.71171171171171177	0.0275643437872249188
-1.70870870870870872	0.0364560675895555381
-1.70570570570570568	0.025785999026758797
-1.70270270270270263	0.0409019294907208494
-1.69969969969969981	0.0355668952093224772
-1.69669669669669676	0.0391235847302547207
-1.69369369369369371	0.0328993780686232876
-1.69069069069069067	0.0435694466314200321
-1.68768768768768762	0.0302318609279241049
-1.6846846846846848	0.0400127571104877885
-1.68168168168168175	0.0311210333081571658
-1.6786786786786787	0.0320102056883902267
-1.67567567567567566	0.0302318609279241049
-1.67267267267267261	0.0320102056883902267
-1.66966966966966979	0.0320102056883902267
-1.66666666666666674	0.0337885504488563554
-1.66366366366366369	0.0346777228290894163
-1.66066066066066065	0.0355668952093224772
-1.6576576576576576	0.0346777228290894163
-1.65465465465465478	0.0462369637721192217
-1.65165165165165173	0.0266751714069918579
-1.64864864864864868	0.0328993780686232876
-1.64564564564564564	0.0311210333081571658
-1.64264264264264259	0.0373452399697885989
-1.63963963963963955	0.0346777228290894163
-1.63663663663663672	0.0355668952093224772
-1.63363363363363367	0.0373452399697885989
-1.63063063063063063	0.0311210333081571658
-1.62762762762762758	0.0328993780686232876
-1.62462462462462454	0.0409019294907208494
-1.62162162162162171	0.0417911018709539103
-1.61861861861861867	0.0489044809128184044
-1.61561561561561562	0.0355668952093224772
-1.61261261261261257	0.0426802742511869712
-1.60960960960960953	0.0373452399697885989
-1.6066066066066067	0.0400127571104877885
-1.60360360360360366	0.0328993780686232876
-1.60060060060060061	0.0311210333081571658
-1.59759759759759756	0.0435694466314200321
-1.59459459459459452	0.0355668952093224772
-1.59159159159159169	0.0489044809128184044
-1.58858858858858865	0.0462369637721192217
-1.5855855855855856	0.0382344123500216598
-1.58258258258258255	0.0328993780686232876
-1.57957957957957951	0.0284535161674579797
-1.57657657657657668	0.0400127571104877885
-1.57357357357357364	0.0426802742511869712
-1.57057057057057059	0.0435694466314200321
-1.56756756756756754	0.0328993780686232876
-1.5645645645645645	0.0435694466314200321
-1.56156156156156167	0.0382344123500216598
-1.55855855855855863	0.0266751714069918579
-1.55555555555555558	0.0462369637721192217
-1.55255255255255253	0.0364560675895555381
-1.54954954954954949	0.0471261361523522826
-1.54654654654654666	0.0382344123500216598
-1.54354354354354362	0.044458619011653093
-1.54054054054054057	0.0462369637721192217
-1.53753753753753752	0.0471261361523522826
-1.53453453453453448	0.0328993780686232876
-1.53153153153153165	0.0311210333081571658
-1.52852852852852861	0.0453477913918861608
-1.52552552552552556	0.0400127571104877885
-1.52252252252252251	0.0373452399697885989
-1.51951951951951947	0.0453477913918861608
-1.51651651651651642	0.0391235847302547207
-1.5135135135135136	0.0355668952093224772
-1.51051051051051055	0.044458619011653093
-1.5075075075075075	0.0489044809128184044
-1.50450450450450446	0.0400127571104877885
-1.50150150150150141	0.044458619011653093
-1.49849849849849859	0.0506828256732845261
-1.49549549549549554	0.0346777228290894163
-1.4924924924924925	0.0497936532930514653
-1.48948948948948945	0.0471261361523522826
-1.4864864864864864	0.0426802742511869712
-1.48348348348348358	0.0480153085325853435
-1.48048048048048053	0.044458619011653093
-1.47747747747747749	0.0391235847302547207
-1.47447447447447444	0.0462369637721192217
-1.47147147147147139	0.0426802742511869712
-1.46846846846846857	0.0497936532930514653
-1.46546546546546552	0.0453477913918861608
-1.46246246246246248	0.0462369637721192217
-1.45945945945945943	0.0542395151942167766
-1.45645645645645638	0.0400127571104877885
-1.45345345345345356	0.0595745494756151489
-1.45045045045045051	0.0649095837570135142
-1.44744744744744747	0.0417911018709539103
-1.44444444444444442	0.0400127571104877885
-1.44144144144144137	0.0400127571104877885
-1.43843843843843855	0.0435694466314200321
-1.4354354354354355	0.0613528942360812707
-1.43243243243243246	0.0506828256732845261
-1.42942942942942941	0.0400127571104877885
-1.42642642642642636	0.0471261361523522826
-1.42342342342342354	0.0524611704337506549
-1.42042042042042049	0.0524611704337506549
-1.41741741741741745	0.0604637218558482098
-1.4144144144144144	0.0462369637721192217
-1.41141141141141135	0.0551286875744498375
-1.40840840840840853	0.0462369637721192217
-1.40540540540540548	0.0497936532930514653
-1.40240240240240244	0.0355668952093224772
-1.39939939939939939	0.0417911018709539103
-1.39639639639639634	0.0400127571104877885
-1.3933933933933933	0.0560178599546828984
-1.39039039039039047	0.0426802742511869712
-1.38738738738738743	0.0435694466314200321
-1.38438438438438438	0.0595745494756151489
-1.38138138138138133	0.0577962047151490271
-1.37837837837837829	0.0497936532930514653
-1.37537537537537546	0.0569070323349159593
-1.37237237237237242	0.051571998053517594
-1.36936936936936937	0.0533503428139837158
-1.36636636636636633	0.0631312389965473925
-1.36336336336336328	0.0560178599546828984
-1.36036036036036045	0.0649095837570135142
-1.35735735735735741	0.0462369637721192217
-1.35435435435435436	0.0604637218558482098
-1.35135135135135132	0.0595745494756151489
-1.34834834834834827	0.0551286875744498375
-1.34534534534534544	0.051571998053517594
-1.3423423423423424	0.044458619011653093
-1.33933933933933935	0.0462369637721192217
-1.33633633633633631	0.0480153085325853435
-1.33333333333333326	0.0417911018709539103
-1.33033033033033044	0.0480153085325853435
-1.32732732732732739	0.0480153085325853435
-1.32432432432432434	0.0489044809128184044
-1.3213213213213213	0.044458619011653093
-1.31831831831831825	0.0560178599546828984
-1.31531531531531543	0.0657987561372465751
-1.31231231231231238	0.0577962047151490271
-1.30930930930930933	0.0480153085325853435
-1.30630630630630629	0.0453477913918861608
-1.30330330330330324	0.0533503428139837158
-1.30030030030030042	0.0675771008977127108
-1.29729729729729737	0.0551286875744498375
-1.29429429429429432	0.0542395151942167766
-1.29129129129129128	0.0524611704337506549
-1.28828828828828823	0.0551286875744498375
-1.28528528528528541	0.0649095837570135142
-1.28228228228228236	0.0533503428139837158
-1.27927927927927931	0.0640204113767804533
-1.27627627627627627	0.0560178599546828984
-1.27327327327327322	0.0604637218558482098
-1.27027027027027017	0.058685377095382088
-1.26726726726726735	0.0613528942360812707
-1.2642642642642643	0.0649095837570135142
-1.26126126126126126	0.0657987561372465751
-1.25825825825825821	0.073801307559344137
-1.25525525525525516	0.058685377095382088
-1.25225225225225234	0.0569070323349159593
-1.24924924924924929	0.0684662732779457717
-1.24624624624624625	0.0604637218558482098
-1.2432432432432432	0.0622420666163143316
-1.24024024024024015	0.0818038589814416989
-1.23723723723723733	0.0675771008977127108
-1.23423423423423428	0.0577962047151490271
-1.23123123123123124	0.0506828256732845261
-1.22822822822822819	0.0560178599546828984
-1.22522522522522515	0.0640204113767804533
-1.22222222222222232	0.0666879285174796499
-1.21921921921921927	0.0684662732779457717
-1.21621621621621623	0.0657987561372465751
-1.21321321321321318	0.073801307559344137
-1.21021021021021014	0.0649095837570135142
-1.20720720720720731	0.0755796523198102588
-1.20420420420420426	0.0640204113767804533
-1.20120120120120122	0.0755796523198102588
-1.19819819819819817	0.0755796523198102588
-1.19519519519519513	0.0720229627988780152
-1.1921921921921923	0.0542395151942167766
-1.18918918918918926	0.0684662732779457717
-1.18618618618618621	0.058685377095382088
-1.18318318318318316	0.0711337904186449543
-1.18018018018018012	0.0755796523198102588
-1.17717717717717729	0.073801307559344137
-1.17417417417417425	0.0666879285174796499
-1.1711711711711712	0.0666879285174796499
-1.16816816816816815	0.0569070323349159593
-1.16516516516516511	0.0666879285174796499
-1.16216216216216228	0.0613528942360812707
-1.15915915915915924	0.0729121351791110761
-1.15615615615615619	0.080914686601208638
-1.15315315315315314	0.0604637218558482098
-1.1501501501501501	0.0613528942360812707
-1.14714714714714727	0.0720229627988780152
-1.14414414414414423	0.0711337904186449543
-1.14114114114114118	0.0835822037419078206
-1.13813813813813813	0.0755796523198102588
-1.13513513513513509	0.0720229627988780152
-1.13213213213213204	0.0684662732779457717
-1.12912912912912922	0.0755796523198102588
-1.12612612612612617	0.0826930313616747598
-1.12312312312312312	0.0622420666163143316
-1.12012012012012008	0.0764688247000433197
-1.11711711711711703	0.0818038589814416989
-1.11411411411411421	0.0844713761221408815
-1.11111111111111116	0.0862497208826070033
-1.10810810810810811	0.0835822037419078206
-1.10510510510510507	0.0649095837570135142
-1.10210210210210202	0.0826930313616747598
-1.0990990990990992	0.0711337904186449543
-1.09609609609609615	0.0773579970802763806
-1.0930930930930931	0.0800255142209755771
-1.09009009009009006	0.0835822037419078206
-1.08708708708708701	0.0684662732779457717
-1.08408408408408419	0.0666879285174796499
-1.08108108108108114	0.0791363418407425162
-1.07807807807807809	0.0702446180384118934
-1.07507507507507505	0.0773579970802763806
-1.072072072072072	0.0800255142209755771
-1.06906906906906918	0.0933630999244715043
-1.06606606606606613	0.0711337904186449543
-1.06306306306306309	0.0684662732779457717
-1.06006006006006004	0.073801307559344137
-1.05705705705705699	0.0986981342058698696
-1.05405405405405417	0.0818038589814416989
-1.05105105105105112	0.104033168487268249
-1.04804804804804808	0.0800255142209755771
-1.04504504504504503	0.0933630999244715043
-1.04204204204204198	0.080914686601208638
-1.03903903903903916	0.0906955827837723216
-1.03603603603603611	0.0880280656430731251
-1.03303303303303307	0.0853605485023739424
-1.03003003003003002	0.0924739275442384434
-1.02702702702702697	0.0986981342058698696
-1.02402402402402415	0.0915847551640053825
-1.0210210210210211	0.0942522723047045652
-1.01801801801801806	0.0942522723047045652
-1.01501501501501501	0.104033168487268249
-1.01201201201201196	0.0871388932628400642
-1.00900900900900892	0.0880280656430731251
-1.00600600600600609	0.0986981342058698696
-1.00300300300300305	0.0969197894454037479
-1	0.0871388932628400642
-0.996996996996997176	0.112035719909365797
-0.993993993993993907	0.10492234086750131
-0.990990990990991083	0.0826930313616747598
-0.987987987987987815	0.10492234086750131
-0.98498498498498499	0.102254823726802113
-0.981981981981982166	0.104033168487268249
-0.978978978978978898	0.0951414446849376261
-0.975975975975976073	0.0898064104035392469
-0.972972972972972805	0.111146547529132736
-0.969969969969969981	0.102254823726802113
-0.966966966966967156	0.110257375148899675
-0.963963963963963888	0.096030617065170687
-0.960960960960961064	0.0844713761221408815
-0.957957957957957795	0.107589858008200492
-0.954954954954954971	0.106700685627967432
-0.951951951951952147	0.109368202768666614
-0.948948948948948878	0.0880280656430731251
-0.945945945945946054	0.0844713761221408815
-0.942942942942942786	0.115592409430298054
-0.939939939939939961	0.111146547529132736
-0.936936936936937137	0.0995873065861029305
-0.933933933933933869	0.102254823726802113
-0.930930930930931044	0.111146547529132736
-0.927927927927927776	0.101365651346569052
-0.924924924924924952	0.109368202768666614
-0.921921921921922127	0.0978089618256368087
-0.918918918918918859	0.0986981342058698696
-0.915915915915916035	0.0978089618256368087
-0.912912912912912766	0.124484133232628663
-0.909909909909909942	0.108479030388433553
-0.906906906906907118	0.112924892289598858
-0.903903903903903849	0.104033168487268249
-0.900900900900901025	0.138710891316357665
-0.897897897897897757	0.108479030388433553
-0.894894894894894932	0.116481581810531115
-0.891891891891892108	0.120038271331463359
-0.88888888888888884	0.12181661609192948
-0.885885885885886015	0.132486684654726211
-0.882882882882882747	0.123594960852395602
-0.879879879879879923	0.12092744371169642
-0.876876876876877098	0.129819167514027028
-0.87387387387387383	0.116481581810531115
-0.870870870870871006	0.138710891316357665
-0.867867867867867737	0.120038271331463359
-0.864864864864864913	0.136043374175658482
-0.861861861861862089	0.119149098951230298
-0.85885885885885882	0.122705788472162541
-0.855855855855855996	0.127151650373327846
-0.852852852852852727	0.12181661609192948
-0.849849849849849903	0.134265029415192361
-0.846846846846847079	0.112035719909365797
-0.843843843843843811	0.127151650373327846
-0.840840840840840986	0.115592409430298054
-0.837837837837837718	0.128040822753560907
-0.834834834834834894	0.120038271331463359
-0.831831831831832069	0.1333758570349593
-0.828828828828828801	0.126262477993094785
-0.825825825825825977	0.13159751227449315
-0.822822822822822708	0.13159751227449315
-0.819819819819819884	0.119149098951230298
-0.816816816816816615	0.134265029415192361
-0.813813813813813791	0.148491787498921335
-0.810810810810810967	0.16627523510358258
-0.807807807807807698	0.134265029415192361
-0.804804804804804874	0.141378408457056848
-0.801801801801801606	0.135154201795425422
-0.798798798798798781	0.137821718936124604
-0.795795795795795957	0.144935097977989091
-0.792792792792792689	0.136043374175658482
-0.789789789789789864	0.135154201795425422
-0.786786786786786596	0.138710891316357665
-0.783783783783783772	0.150270132259387457
-0.780780780780780947	0.142267580837289909
-0.777777777777777679	0.124484133232628663
-0.774774774774774855	0.152048477019853578
-0.771771771771771586	0.157383511301251972
-0.768768768768768762	0.168053579864048702
-0.765765765765765938	0.1538268217803197
-0.762762762762762669	0.146713442738455213
-0.759759759759759845	0.164496890343116459
-0.756756756756756577	0.146713442738455213
-0.753753753753753752	0.151159304639620518
-0.750750750750750928	0.170721097004747885
-0.74774774774774766	0.160940200822184215
-0.744744744744744835	0.140489236076823787
-0.741741741741741567	0.150270132259387457
-0.738738738738738743	0.157383511301251972
-0.735735735735735918	0.164496890343116459
-0.73273273273273265	0.160940200822184215
-0.729729729729729826	0.154715994160552761
-0.726726726726726557	0.160940200822184215
-0.723723723723723733	0.178723648426845433
-0.720720720720720909	0.167164407483815641
-0.71771771771771764	0.16627523510358258
-0.714714714714714816	0.182280337947777704
-0.711711711711711548	0.1538268217803197
-0.708708708708708723	0.181391165567544643
-0.705705705705705899	0.161829373202417276
-0.702702702702702631	0.171610269384980946
-0.699699699699699806	0.164496890343116459
-0.696696696696696538	0.174277786525680128
-0.693693693693693714	0.176945303666379311
-0.690690690690690889	0.178723648426845433
-0.687687687687687621	0.16538606272334952
-0.684684684684684797	0.184058682708243826
-0.681681681681681528	0.1982854407919728
-0.678678678678678704	0.184058682708243826
-0.67567567567567588	0.206287992214070376
-0.672672672672672611	0.195617923651273617
-0.669669669669669787	0.176945303666379311
-0.666666666666666519	0.174277786525680128
-0.663663663663663694	0.194728751271040557
-0.66066066066066087	0.203620475073371165
-0.657657657657657602	0.193839578890807496
-0.654654654654654777	0.209844681735002619
-0.651651651651651509	0.192950406510574435
-0.648648648648648685	0.214290543636167924
-0.64564564564564586	0.181391165567544643
-0.642642642642642592	0.22051475029779935
-0.639639639639639768	0.200952957932671983
-0.636636636636636499	0.216958060776867107
-0.633633633633633675	0.202731302693138105
-0.630630630630630851	0.208066336974536498
-0.627627627627627582	0.201842130312905044
-0.624624624624624758	0.209844681735002619
-0.62162162162162149	0.213401371255934863
-0.618618618618618665	0.206287992214070376
-0.615615615615615841	0.227628129339663837
-0.612612612612612573	0.218736405537333228
-0.609609609609609748	0.227628129339663837
-0.60660660660660648	0.214290543636167924
-0.603603603603603656	0.214290543636167924
-0.600600600600600831	0.215179716016400985
-0.597597597597597563	0.224960612198964655
-0.594594594594594739	0.224960612198964655
-0.59159159159159147	0.222293095058265472
-0.588588588588588646	0.261416679788520179
-0.585585585585585822	0.246300749324558144
-0.582582582582582553	0.248079094085024265
-0.579579579579579729	0.216068888396634046
-0.576576576576576461	0.23296316362106223
-0.573573573573573636	0.256081645507121813
-0.570570570570570812	0.238298197902460596
-0.567567567567567544	0.25252495598618957
-0.564564564564564719	0.25252495598618957
-0.561561561561561451	0.248079094085024265
-0.558558558558558627	0.243633232183858961
-0.555555555555555358	0.235630680761761413
-0.552552552552552534	0.257859990267587935
-0.54954954954954971	0.251635783605956509
-0.546546546546546441	0.249857438845490387
-0.543543543543543617	0.27742178263271533
-0.540540540540540349	0.236519853141994474
-0.537537537537537524	0.272975920731550026
-0.5345345345345347	0.284535161674579817
-0.531531531531531432	0.300540264518774913
-0.528528528528528607	0.269419231210617782
-0.525525525525525339	0.257859990267587935
-0.522522522522522515	0.258749162647820996
-0.51951951951951969	0.287202678815279
-0.516516516516516422	0.297872747378075731
-0.513513513513513598	0.304096954039707157
-0.510510510510510329	0.276532610252482269
-0.507507507507507505	0.319212884503669247
-0.504504504504504681	0.29698357499784267
-0.501501501501501412	0.30676447118040634
-0.498498498498498588	0.293426885476910426
-0.495495495495495319	0.302318609279241035
-0.492492492492492495	0.326326263545533735
-0.489489489489489671	0.313877850222270827
-0.486486486486486402	0.276532610252482269
-0.483483483483483578	0.342331366389728831
-0.48048048048048031	0.30676447118040634
-0.477477477477477485	0.320991229264135369
-0.474474474474474661	0.342331366389728831
-0.471471471471471393	0.353890607332758622
-0.468468468468468568	0.3316612978269321
-0.4654654654654653	0.360114813994390048
-0.462462462462462476	0.353001434952525561
-0.459459459459459651	0.357447296853690866
-0.456456456456456383	0.351223090192059439
-0.453453453453453559	0.355668952093224744
-0.45045045045045029	0.350333917811826379
-0.447447447447447466	0.377009089218818261
-0.444444444444444642	0.359225641614156987
-0.441441441441441373	0.3521122625722925
-0.438438438438438549	0.382344123500216626
-0.435435435435435281	0.3965708815839456
-0.432432432432432456	0.356558124473457805
-0.429429429429429632	0.365449848275788469
-0.426426426426426364	0.377009089218818261
-0.423423423423423539	0.375230744458352139
-0.420420420420420271	0.371674054937419895
-0.417417417417417447	0.384122468260682748
-0.414414414414414622	0.412575984428140752
-0.411411411411411354	0.38590081302114887
-0.40840840840840853	0.375230744458352139
-0.405405405405405261	0.382344123500216626
-0.402402402402402437	0.418800191089772178
-0.399399399399399613	0.437472811074666457
-0.396396396396396344	0.415243501568839934
-0.39339339339339352	0.423246052990937482
-0.390390390390390252	0.425913570131636665
-0.387387387387387427	0.429470259652568909
-0.384384384384384603	0.4205785358502383
-0.381381381381381335	0.433026949173501152
-0.37837837837837851	0.4410295005955987
-0.375375375375375242	0.427691914892102787
-0.372372372372372418	0.442807845356064822
-0.369369369369369593	0.457034603439793796
-0.366366366366366325	0.439251155835132578
-0.363363363363363501	0.460591292960726095
-0.360360360360360232	0.45081039677816237
-0.357357357357357408	0.497047360550281592
-0.354354354354354584	0.443697017736297883
-0.351351351351351315	0.449032052017696248
-0.348348348348348491	0.481042257706086496
-0.345345345345345223	0.52016584243634123
-0.342342342342342398	0.486377291987484861
-0.339339339339339574	0.489933981508417105
-0.336336336336336306	0.525500876717739596
-0.333333333333333481	0.51571998053517587
-0.330330330330330213	0.501493222451446896
-0.327327327327327389	0.492601498649116287
-0.324324324324324564	0.506828256732845261
-0.321321321321321296	0.517498325295641992
-0.318318318318318472	0.497047360550281592
-0.315315315315315203	0.534392600520070205
-0.312312312312312379	0.521055014816574236
-0.309309309309309555	0.56995949572939264
-0.306306306306306286	0.532614255759604083
-0.303303303303303462	0.523722531957273474
-0.300300300300300194	0.599302184277083705
-0.297297297297297369	0.578851219531723249
-0.294294294294294101	0.592188805235219218
-0.291291291291291277	0.541505979561934692
-0.288288288288288452	0.594856322375918456
-0.285285285285285184	0.592188805235219218
-0.28228228228228236	0.609972252839880436
-0.279279279279279091	0.623309838543376404
-0.276276276276276267	0.625088183303842526
-0.273273273273273443	0.619753149022444161
-0.270270270270270174	0.636647424246872373
-0.26726726726726735	0.601969701417782943
-0.264264264264264082	0.673992664216660931
-0.261261261261261257	0.62864487282477477
-0.258258258258258433	0.672214319456194809
-0.255255255255255165	0.669546802315495571
-0.25225225225225234	0.691776111821322148
-0.249249249249249072	0.640204113767804617
-0.246246246246246248	0.682884388018991539
-0.243243243243243423	0.699778663243419752
-0.240240240240240155	0.672214319456194809
-0.237237237237237331	0.683773560399224656
-0.234234234234234062	0.719340455608547091
-0.231231231231231238	0.662433423273631083
-0.228228228228228414	0.690886939441089143
-0.225225225225225145	0.724675489889945457
-0.222222222222222321	0.701557008003885874
-0.219219219219219053	0.771801626042297739
-0.216216216216216228	0.740680592734140553
-0.213213213213213404	0.759353212719034887
-0.210210210210210136	0.797587625069056561
-0.207207207207207311	0.738902247973674431
-0.204204204204204043	0.771801626042297739
-0.201201201201201219	0.779804177464395343
-0.198198198198198394	0.830487003137679869
-0.195195195195195126	0.795809280308590439
-0.192192192192192302	0.776247487943463099
-0.189189189189189033	0.832265347898145991
-0.186186186186186209	0.819816934574883027
-0.183183183183183385	0.806479348871387169
-0.180180180180180116	0.823373624095815382
-0.177177177177177292	0.850048795502807208
-0.174174174174174023	0.795809280308590439
-0.171171171171171199	0.909623344978422343
-0.168168168168168375	0.790474246027192073
-0.165165165165165106	0.834043692658612112
-0.162162162162162282	0.867832243107468426
-0.159159159159159014	0.882948173571430517
-0.156156156156156189	0.929185137343549683
-0.153153153153153365	0.865164725966769188
-0.150150150150150097	0.898064104035392496
-0.147147147147147273	0.900731621176091735
-0.144144144144144004	0.912290862119121471
-0.14114114114114118	0.914958379259820709
-0.138138138138138356	0.947857757328444017
-0.135135135135135087	0.934520171624948048
-0.132132132132132263	0.926517620202850556
-0.129129129129128994	0.945190240187744779
-0.12612612612612617	0.95586030875054151
-0.123123123123123346	0.977200445876135082
-0.120120120120120077	0.986092169678465691
-0.117117117117117253	0.981646307777300331
-0.114114114114113985	0.979867963016834209
-0.11111111111111116	1.01632403060638987
-0.108108108108108336	0.980757135397067326
-0.105105105105105068	1.02877244392965261
-0.102102102102102243	1.04744506391454695
-0.0990990990990989751	0.959416998271473753
-0.0960960960960961508	1.00921065156452516
-0.0930930930930933265	1.03855334011221623
-0.0900900900900900581	1.08923616578550075
-0.0870870870870872338	1.02254823726802124
-0.0840840840840839654	1.04299920201338159
-0.0810810810810811411	1.11680050957272581
-0.0780780780780783168	1.05989347723780969
-0.0750750750750750484	1.10257375148899683
-0.0720720720720722241	1.04122085725291558
-0.0690690690690689557	1.10701961339016197
-0.0660660660660661314	1.06967437342037353
-0.0630630630630633071	1.13814064669831927
-0.0600600600600600387	1.13102726765645478
-0.0570570570570572144	1.11680050957272581
-0.054054054054053946	1.09901706196806459
-0.0510510510510511217	1.1408081638390184
-0.0480480480480478533	1.10524126862969596
-0.045045045045045029	1.01632403060638987
-0.0420420420420422047	1.08034444198317026
-0.0390390390390389364	1.10435209624946284
-0.0360360360360361121	1.11946802671342494
-0.0330330330330328437	1.09101451054596699
-0.0300300300300300194	1.10435209624946284
-0.0270270270270271951	1.0758985800820049
-0.0240240240240239267	1.148810715261116
-0.0210210210210211024	1.08301195912386938
-0.018018018018017834	1.16659416286577722
-0.0150150150150150097	1.13280561241692079
-0.0120120120120121854	1.10790878577039509
-0.00900900900900891699	1.11946802671342494
-0.00600600600600609269	1.17104002476694258
-0.0030030030030028243	1.10701961339016197
0	1.1568132666832136
0.0030030030030028243	1.15147823240181513
0.00600600600600609269	1.08212278674363627
0.00900900900900891699	1.18082092094950619
0.0120120120120121854	1.11413299243202668
0.0150150150150150097	1.18437761047043844
0.018018018018017834	1.14525402574018376
0.0210210210210211024	1.15503492192274737
0.0240240240240239267	1.12658140575528942
0.0270270270270271951	1.19149098951230292
0.0300300300300300194	1.18615595523090467
0.0330330330330328437	1.11680050957272581
0.0360360360360361121	1.10790878577039509
0.0390390390390389364	1.11324382005179356
0.0420420420420422047	1.07234189056107265
0.045045045045045029	1.07056354580060664
0.0480480480480478533	1.0269940991691866
0.0510510510510511217	1.16392664572507809
0.054054054054053946	1.10524126862969596
0.0570570570570572144	1.11946802671342494
0.0600600600600600387	1.06167182199827592
0.063063063063062863	1.13458395717738703
0.0660660660660661314	1.10346292386922973
0.0690690690690689557	1.12124637147389117
0.0720720720720722241	1.04566671915408071
0.0750750750750750484	1.05544761533664455
0.0780780780780778727	1.0670068562796744
0.0810810810810811411	1.0670068562796744
0.0840840840840839654	1.02432658202848725
0.0870870870870872338	1.07767692484247113
0.0900900900900900581	0.994094721100563183
0.0930930930930928824	1.06967437342037353
0.0960960960960961508	1.05366927057617832
0.0990990990990989751	1.03143996107035174
0.102102102102102243	1.05544761533664455
0.105105105105105068	1.00209727252266068
0.108108108108107892	1.03321830583081797
0.11111111111111116	0.998540583001728543
0.114114114114113985	0.989648859199397934
0.117117117117117253	0.965641204933105235
0.120120120120120077	0.964752032552872119
0.123123123123122902	1.00832147918429227
0.12612612612612617	0.898064104035392496
0.129129129129128994	0.962084515412172991
0.132132132132132263	0.913180034499354587
0.135135135135135087	0.99053803157963094
0.138138138138137911	0.930074309723782799
0.14114114114114118	0.979867963016834209
0.144144144144144004	0.977200445876135082
0.147147147147147273	0.964752032552872119
0.150150150150150097	0.887394035472595766
0.153153153153152921	0.920293413541219074
0.156156156156156189	0.885615690712129644
0.159159159159159014	0.867832243107468426
0.162162162162162282	0.873167277388866792
0.165165165165165106	0.874945622149332913
0.168168168168167931	0.839378726940010478
0.171171171171171199	0.834932865038845118
0.174174174174174023	0.838489554559777361
0.177177177177177292	0.873167277388866792
0.180180180180180116	0.808257693631853291
0.18318318318318294	0.825151968856281504
0.186186186186186209	0.849159623122574092
0.189189189189189033	0.825151968856281504
0.192192192192192302	0.802033486970221809
0.195195195195195126	0.760242385099267892
0.19819819819819795	0.777136660323696105
0.201201201201201219	0.75846404033880177
0.204204204204204043	0.778025832703929221
0.207207207207207311	0.764688247000433252
0.210210210210210136	0.738902247973674431
0.213213213213213404	0.735345558452742187
0.216216216216216228	0.764688247000433252
0.219219219219219053	0.735345558452742187
0.222222222222222321	0.737123903213208309
0.225225225225225145	0.733567213692276066
0.228228228228228414	0.703335352764351995
0.231231231231231238	0.738902247973674431
0.234234234234234062	0.706892042285284239
0.237237237237237331	0.719340455608547091
0.240240240240240155	0.669546802315495571
0.243243243243243423	0.71311624894691561
0.246246246246246248	0.69800031848295363
0.249249249249249072	0.701557008003885874
0.25225225225225234	0.696221973722487508
0.255255255255255165	0.645539148049202982
0.258258258258258433	0.649985009950368231
0.261261261261261257	0.645539148049202982
0.264264264264264082	0.636647424246872373
0.26726726726726735	0.64376080328873686
0.270270270270270174	0.617974804261978039
0.273273273273273443	0.600191356657316821
0.276276276276276267	0.631312389965474008
0.279279279279279091	0.601969701417782943
0.28228228228228236	0.620642321402677166
0.285285285285285184	0.596634667136384578
0.288288288288288452	0.616196459501511917
0.291291291291291277	0.569070323349159635
0.294294294294294101	0.536170945280536326
0.297297297297297369	0.56995949572939264
0.300300300300300194	0.577072874771257127
0.303303303303303462	0.609972252839880436
0.306306306306306286	0.601969701417782943
0.309309309309309111	0.524611704337506479
0.312312312312312379	0.534392600520070205
0.315315315315315203	0.562846116687528153
0.318318318318318472	0.531725083379371077
0.321321321321321296	0.516609152915408987
0.32432432432432412	0.49526901578981547
0.327327327327327389	0.560178599546829026
0.330330330330330213	0.514830808154942865
0.333333333333333481	0.518387497675875109
0.336336336336336306	0.500604050071213891
0.33933933933933913	0.5094957738735445
0.342342342342342398	0.474818051044455069
0.345345345345345223	0.492601498649116287
0.348348348348348491	0.482820602466552617
0.351351351351351315	0.494379843409582409
0.35435435435435414	0.476596395804921191
0.357357357357357408	0.471261361523522826
0.360360360360360232	0.472150533903755887
0.363363363363363501	0.484598947227018739
0.366366366366366325	0.457923775820026857
0.369369369369369149	0.477485568185154252
0.372372372372372418	0.409908467287441514
0.375375375375375242	0.446364534876997066
0.37837837837837851	0.417911018709539117
0.381381381381381335	0.451699569158395431
0.384384384384384159	0.461480465340959156
0.387387387387387427	0.423246052990937482
0.390390390390390252	0.423246052990937482
0.39339339339339352	0.399238398724644783
0.396396396396396344	0.416132673949072995
0.399399399399399169	0.425913570131636665
0.402402402402402437	0.426802742511869726
0.405405405405405261	0.424135225371170543
0.40840840840840853	0.374341572078119078
0.411411411411411354	0.374341572078119078
0.414414414414414178	0.385011640640915809
0.417417417417417447	0.372563227317652956
0.420420420420420271	0.414354329188606874
0.423423423423423539	0.384122468260682748
0.426426426426426364	0.369006537796720713
0.429429429429429188	0.351223090192059439
0.432432432432432456	0.3521122625722925
0.435435435435435281	0.36189315875485617
0.438438438438438549	0.338774676868796587
0.441441441441441373	0.365449848275788469
0.444444444444444198	0.345888055910661074
0.447447447447447466	0.351223090192059439
0.45045045045045029	0.349444745431593318
0.453453453453453559	0.328993780686232917
0.456456456456456383	0.372563227317652956
0.459459459459459651	0.330772125446699039
0.462462462462462476	0.337885504488563526
0.4654654654654653	0.336107159728097404
0.468468468468468568	0.343220538769961891
0.471471471471471393	0.317434539743203126
0.474474474474474661	0.335217987347864343
0.477477477477477485	0.332550470207165161
0.48048048048048031	0.315656194982737004
0.483483483483483578	0.320102056883902308
0.486486486486486402	0.312988677842037766
0.489489489489489671	0.30676447118040634
0.492492492492492495	0.3316612978269321
0.495495495495495319	0.274754265492016148
0.498498498498498588	0.298761919758308792
0.501501501501501412	0.304986126419940218
0.504504504504504681	0.280978472153647574
0.507507507507507505	0.312988677842037766
0.510510510510510329	0.300540264518774913
0.513513513513513598	0.284535161674579817
0.516516516516516422	0.298761919758308792
0.51951951951951969	0.250746611225723448
0.522522522522522515	0.274754265492016148
0.525525525525525339	0.264084196929219361
0.528528528528528607	0.276532610252482269
0.531531531531531432	0.260527507408287118
0.5345345345345347	0.26764088645015166
0.537537537537537524	0.280978472153647574
0.540540540540540349	0.26230585216875324
0.543543543543543617	0.280089299773414513
0.546546546546546441	0.2667517140699186
0.54954954954954971	0.256081645507121813
0.552552552552552534	0.279200127393181452
0.555555555555555358	0.239187370282693657
0.558558558558558627	0.244522404564092022
0.561561561561561451	0.25252495598618957
0.564564564564564719	0.223182267438498533
0.567567567567567544	0.221403922678032411
0.570570570570570368	0.228517301719896898
0.573573573573573636	0.236519853141994474
0.576576576576576461	0.249857438845490387
0.579579579579579729	0.233852336001295291
0.582582582582582553	0.215179716016400985
0.585585585585585378	0.246300749324558144
0.588588588588588646	0.2427440598036259
0.59159159159159147	0.214290543636167924
0.594594594594594739	0.237409025522227535
0.597597597597597563	0.236519853141994474
0.600600600600600387	0.21073385411523568
0.603603603603603656	0.224071439818731594
0.60660660660660648	0.218736405537333228
0.609609609609609748	0.217847233157100167
0.612612612612612573	0.211623026495468741
0.615615615615615397	0.212512198875701802
0.618618618618618665	0.230295646480363048
0.62162162162162149	0.225849784579197715
0.624624624624624758	0.23296316362106223
0.627627627627627582	0.1982854407919728
0.630630630630630407	0.187615372229176069
0.633633633633633675	0.186726199848943009
0.636636636636636499	0.22051475029779935
0.639639639639639768	0.204509647453604226
0.642642642642642592	0.191172061750108313
0.645645645645645416	0.21073385411523568
0.648648648648648685	0.180501993187311555
0.651651651651651509	0.17605613128614625
0.654654654654654777	0.194728751271040557
0.657657657657657602	0.202731302693138105
0.660660660660660426	0.223182267438498533
0.663663663663663694	0.200063785552438922
0.666666666666666519	0.194728751271040557
0.669669669669669787	0.199174613172205861
0.672672672672672611	0.174277786525680128
0.675675675675675436	0.18850454460940913
0.678678678678678704	0.17605613128614625
0.681681681681681528	0.190282889369875252
0.684684684684684797	0.189393716989642191
0.687687687687687621	0.168053579864048702
0.690690690690690445	0.177834476046612372
0.693693693693693714	0.178723648426845433
0.696696696696696538	0.160051028441951154
0.699699699699699806	0.152937649400086639
0.702702702702702631	0.154715994160552761
0.705705705705705455	0.184947855088476887
0.708708708708708723	0.184947855088476887
0.711711711711711548	0.172499441765214007
0.714714714714714816	0.162718545582650337
0.71771771771771764	0.162718545582650337
0.720720720720720909	0.148491787498921335
0.723723723723723733	0.14315675321752297
0.726726726726726557	0.169831924624514824
0.729729729729729826	0.138710891316357665
0.73273273273273265	0.148491787498921335
0.735735735735735918	0.155605166540785822
0.738738738738738743	0.16627523510358258
0.741741741741741567	0.160051028441951154
0.744744744744744835	0.13159751227449315
0.74774774774774766	0.168053579864048702
0.750750750750750928	0.14315675321752297
0.753753753753753752	0.155605166540785822
0.756756756756756577	0.160940200822184215
0.759759759759759845	0.178723648426845433
0.762762762762762669	0.141378408457056848
0.765765765765765938	0.14404592559775603
0.768768768768768762	0.1538268217803197
0.771771771771771586	0.150270132259387457
0.774774774774774855	0.174277786525680128
0.777777777777777679	0.159161856061718093
0.780780780780780947	0.154715994160552761
0.783783783783783772	0.156494338921018883
0.786786786786786596	0.144935097977989091
0.789789789789789864	0.152048477019853578
0.792792792792792689	0.145824270358222152
0.795795795795795957	0.146713442738455213
0.798798798798798781	0.13159751227449315
0.801801801801801606	0.129819167514027028
0.804804804804804874	0.147602615118688274
0.807807807807807698	0.148491787498921335
0.810810810810810967	0.137821718936124604
0.813813813813813791	0.128929995133793968
0.816816816816816615	0.155605166540785822
0.819819819819819884	0.135154201795425422
0.822822822822822708	0.128040822753560907
0.825825825825825977	0.105811513247734371
0.828828828828828801	0.122705788472162541
0.831831831831831625	0.125373305612861724
0.834834834834834894	0.138710891316357665
0.837837837837837718	0.137821718936124604
0.840840840840840986	0.109368202768666614
0.843843843843843811	0.129819167514027028
0.846846846846846635	0.130708339894260089
0.849849849849849903	0.127151650373327846
0.852852852852852727	0.120038271331463359
0.855855855855855996	0.119149098951230298
0.85885885885885882	0.101365651346569052
0.861861861861861644	0.118259926570997237
0.864864864864864913	0.109368202768666614
0.867867867867867737	0.10492234086750131
0.870870870870871006	0.127151650373327846
0.87387387387387383	0.112924892289598858
0.876876876876876654	0.126262477993094785
0.879879879879879923	0.0978089618256368087
0.882882882882882747	0.129819167514027028
0.885885885885886015	0.117370754190764176
0.88888888888888884	0.101365651346569052
0.891891891891891664	0.141378408457056848
0.894894894894894932	0.116481581810531115
0.897897897897897757	0.109368202768666614
0.900900900900901025	0.105811513247734371
0.903903903903903849	0.110257375148899675
0.906906906906906674	0.114703237050064993
0.909909909909909942	0.107589858008200492
0.912912912912912766	0.12181661609192948
0.915915915915916035	0.106700685627967432
0.918918918918918859	0.101365651346569052
0.921921921921921683	0.113814064669831919
0.924924924924924952	0.116481581810531115
0.927927927927927776	0.105811513247734371
0.930930930930931044	0.100476478966335991
0.933933933933933869	0.105811513247734371
0.936936936936936693	0.0951414446849376261
0.939939939939939961	0.0969197894454037479
0.942942942942942786	0.0969197894454037479
0.945945945945946054	0.111146547529132736
0.948948948948948878	0.109368202768666614
0.951951951951951703	0.10492234086750131
0.954954954954954971	0.0915847551640053825
0.957957957957957795	0.0978089618256368087
0.960960960960961064	0.116481581810531115
0.963963963963963888	0.0978089618256368087
0.966966966966966712	0.0951414446849376261
0.969969969969969981	0.117370754190764176
0.972972972972972805	0.10492234086750131
0.975975975975976073	0.13159751227449315
0.978978978978978898	0.105811513247734371
0.981981981981982166	0.0880280656430731251
0.98498498498498499	0.101365651346569052
0.987987987987987815	0.106700685627967432
0.990990990990991083	0.0978089618256368087
0.993993993993993907	0.0951414446849376261
0.996996996996997176	0.0915847551640053825
1	0.096030617065170687
1.00300300300300282	0.0898064104035392469
1.00600600600600565	0.104033168487268249
1.00900900900900936	0.100476478966335991
1.01201201201201219	0.0871388932628400642
1.01501501501501501	0.096030617065170687
1.01801801801801783	0.0818038589814416989
1.02102102102102066	0.088917238023306186
1.02402402402402437	0.0924739275442384434
1.0270270270270272	0.0773579970802763806
1.03003003003003002	0.0951414446849376261
1.03303303303303284	0.088917238023306186
1.03603603603603567	0.0898064104035392469
1.03903903903903938	0.0995873065861029305
1.0420420420420422	0.0720229627988780152
1.04504504504504503	0.0978089618256368087
1.04804804804804785	0.0933630999244715043
1.05105105105105068	0.088917238023306186
1.05405405405405439	0.0915847551640053825
1.05705705705705721	0.0862497208826070033
1.06006006006006004	0.096030617065170687
1.06306306306306286	0.0684662732779457717
1.06606606606606569	0.0986981342058698696
1.0690690690690694	0.088917238023306186
1.07207207207207222	0.0898064104035392469
1.07507507507507505	0.080914686601208638
1.07807807807807787	0.0782471694605094414
1.0810810810810807	0.0773579970802763806
1.08408408408408441	0.0729121351791110761
1.08708708708708723	0.073801307559344137
1.09009009009009006	0.0764688247000433197
1.09309309309309288	0.0764688247000433197
1.09609609609609571	0.0649095837570135142
1.09909909909909942	0.0880280656430731251
1.10210210210210224	0.080914686601208638
1.10510510510510507	0.0666879285174796499
1.10810810810810789	0.0729121351791110761
1.11111111111111072	0.0657987561372465751
1.11411411411411443	0.0666879285174796499
1.11711711711711725	0.0773579970802763806
1.12012012012012008	0.0862497208826070033
1.1231231231231229	0.0693554456581788326
1.12612612612612573	0.0702446180384118934
1.12912912912912944	0.0826930313616747598
1.13213213213213226	0.0729121351791110761
1.13513513513513509	0.0746904799395771979
1.13813813813813791	0.0684662732779457717
1.14114114114114074	0.0649095837570135142
1.14414414414414445	0.0711337904186449543
1.14714714714714727	0.0666879285174796499
1.1501501501501501	0.0773579970802763806
1.15315315315315292	0.0702446180384118934
1.15615615615615575	0.0729121351791110761
1.15915915915915946	0.0604637218558482098
1.16216216216216228	0.0702446180384118934
1.16516516516516511	0.0604637218558482098
1.16816816816816793	0.0773579970802763806
1.17117117117117076	0.0746904799395771979
1.17417417417417447	0.0666879285174796499
1.17717717717717729	0.073801307559344137
1.18018018018018012	0.0729121351791110761
1.18318318318318294	0.0853605485023739424
1.18618618618618576	0.0684662732779457717
1.18918918918918948	0.0720229627988780152
1.1921921921921923	0.0711337904186449543
1.19519519519519513	0.0640204113767804533
1.19819819819819795	0.0657987561372465751
1.20120120120120077	0.0595745494756151489
1.20420420420420449	0.0711337904186449543
1.20720720720720731	0.0657987561372465751
1.21021021021021014	0.0764688247000433197
1.21321321321321296	0.0657987561372465751
1.21621621621621578	0.0604637218558482098
1.2192192192192195	0.0631312389965473925
1.22222222222222232	0.0666879285174796499
1.22522522522522515	0.0604637218558482098
1.22822822822822797	0.0782471694605094414
1.23123123123123079	0.073801307559344137
1.23423423423423451	0.0462369637721192217
1.23723723723723733	0.0675771008977127108
1.24024024024024015	0.0640204113767804533
1.24324324324324298	0.0551286875744498375
1.2462462462462458	0.058685377095382088
1.24924924924924952	0.0595745494756151489
1.25225225225225234	0.0853605485023739424
1.25525525525525516	0.0604637218558482098
1.25825825825825799	0.0622420666163143316
1.26126126126126081	0.0577962047151490271
1.26426426426426453	0.0675771008977127108
1.26726726726726735	0.0622420666163143316
1.27027027027027017	0.0577962047151490271
1.273273273273273	0.058685377095382088
1.27627627627627582	0.0533503428139837158
1.27927927927927954	0.0613528942360812707
1.28228228228228236	0.0551286875744498375
1.28528528528528518	0.0693554456581788326
1.28828828828828801	0.051571998053517594
1.29129129129129083	0.0506828256732845261
1.29429429429429455	0.0657987561372465751
1.29729729729729737	0.0693554456581788326
1.30030030030030019	0.0577962047151490271
1.30330330330330302	0.0666879285174796499
1.30630630630630584	0.0524611704337506549
1.30930930930930955	0.0533503428139837158
1.31231231231231238	0.051571998053517594
1.3153153153153152	0.0489044809128184044
1.31831831831831803	0.0497936532930514653
1.32132132132132085	0.051571998053517594
1.32432432432432456	0.0524611704337506549
1.32732732732732739	0.044458619011653093
1.33033033033033021	0.058685377095382088
1.33333333333333304	0.0497936532930514653
1.33633633633633586	0.0577962047151490271
1.33933933933933957	0.051571998053517594
1.3423423423423424	0.0471261361523522826
1.34534534534534522	0.0595745494756151489
1.34834834834834805	0.0506828256732845261
1.35135135135135087	0.0577962047151490271
1.35435435435435458	0.0524611704337506549
1.35735735735735741	0.0364560675895555381
1.36036036036036023	0.0489044809128184044
1.36336336336336306	0.0409019294907208494
1.36636636636636677	0.0471261361523522826
1.36936936936936959	0.0453477913918861608
1.37237237237237242	0.0506828256732845261
1.37537537537537524	0.0462369637721192217
1.37837837837837807	0.051571998053517594
1.38138138138138178	0.0577962047151490271
1.3843843843843846	0.051571998053517594
1.38738738738738743	0.0524611704337506549
1.39039039039039025	0.0417911018709539103
1.39339339339339308	0.0497936532930514653
1.39639639639639679	0.0489044809128184044
1.39939939939939961	0.0453477913918861608
1.40240240240240244	0.0506828256732845261
1.40540540540540526	0.0551286875744498375
1.40840840840840809	0.0480153085325853435
1.4114114114114118	0.0533503428139837158
1.41441441441441462	0.0506828256732845261
1.41741741741741745	0.0497936532930514653
1.42042042042042027	0.0453477913918861608
1.4234234234234231	0.051571998053517594
1.42642642642642681	0.0497936532930514653
1.42942942942942963	0.0391235847302547207
1.43243243243243246	0.0480153085325853435
1.43543543543543528	0.0506828256732845261
1.43843843843843811	0.0435694466314200321
1.44144144144144182	0.0328993780686232876
1.44444444444444464	0.0462369637721192217
1.44744744744744747	0.0400127571104877885
1.45045045045045029	0.0400127571104877885
1.45345345345345311	0.0346777228290894163
1.45645645645645683	0.0480153085325853435
1.45945945945945965	0.0462369637721192217
1.46246246246246248	0.0400127571104877885
1.4654654654654653	0.0551286875744498375
1.46846846846846812	0.0417911018709539103
1.47147147147147184	0.0560178599546828984
1.47447447447447466	0.044458619011653093
1.47747747747747749	0.0328993780686232876
1.48048048048048031	0.0364560675895555381
1.48348348348348313	0.0489044809128184044
1.48648648648648685	0.0417911018709539103
1.48948948948948967	0.0426802742511869712
1.4924924924924925	0.0497936532930514653
1.49549549549549532	0.0462369637721192217
1.49849849849849814	0.0480153085325853435
1.50150150150150186	0.0373452399697885989
1.50450450450450468	0.0480153085325853435
1.5075075075075075	0.0480153085325853435
1.51051051051051033	0.0435694466314200321
1.51351351351351315	0.058685377095382088
1.51651651651651687	0.0417911018709539103
1.51951951951951969	0.0364560675895555381
1.52252252252252251	0.0364560675895555381
1.52552552552552534	0.0373452399697885989
1.52852852852852816	0.0435694466314200321
1.53153153153153188	0.0426802742511869712
1.5345345345345347	0.0355668952093224772
1.53753753753753752	0.0435694466314200321
1.54054054054054035	0.0391235847302547207
1.54354354354354317	0.0409019294907208494
1.54654654654654689	0.0364560675895555381
1.54954954954954971	0.0328993780686232876
1.55255255255255253	0.0400127571104877885
1.55555555555555536	0.0417911018709539103
1.55855855855855818	0.0435694466314200321
1.56156156156156189	0.0355668952093224772
1.56456456456456472	0.0382344123500216598
1.56756756756756754	0.0409019294907208494
1.57057057057057037	0.0373452399697885989
1.57357357357357319	0.0435694466314200321
1.5765765765765769	0.0373452399697885989
1.57957957957957973	0.0426802742511869712
1.58258258258258255	0.0373452399697885989
1.58558558558558538	0.0462369637721192217
1.5885885885885882	0.0426802742511869712
1.59159159159159191	0.0435694466314200321
1.59459459459459474	0.0400127571104877885
1.59759759759759756	0.0284535161674579797
1.60060060060060039	0.0346777228290894163
1.60360360360360321	0.0328993780686232876
1.60660660660660692	0.0320102056883902267
1.60960960960960975	0.0320102056883902267
1.61261261261261257	0.0328993780686232876
1.6156156156156154	0.0328993780686232876
1.61861861861861822	0.0337885504488563554
1.62162162162162193	0.0373452399697885989
1.62462462462462476	0.0311210333081571658
1.62762762762762758	0.0417911018709539103
1.63063063063063041	0.0346777228290894163
1.63363363363363323	0.0391235847302547207
1.63663663663663694	0.0302318609279241049
1.63963963963963977	0.0337885504488563554
1.64264264264264259	0.0497936532930514653
1.64564564564564542	0.0382344123500216598
1.64864864864864824	0.0355668952093224772
1.65165165165165195	0.0346777228290894163
1.65465465465465478	0.0355668952093224772
1.6576576576576576	0.0284535161674579797
1.66066066066066043	0.0337885504488563554
1.66366366366366325	0.0373452399697885989
1.66666666666666696	0.0355668952093224772
1.66966966966966979	0.0382344123500216598
1.67267267267267261	0.0382344123500216598
1.67567567567567544	0.0373452399697885989
1.67867867867867826	0.0355668952093224772
1.68168168168168197	0.0453477913918861608
1.6846846846846848	0.0382344123500216598
1.68768768768768762	0.0364560675895555381
1.69069069069069045	0.0426802742511869712
1.69369369369369327	0.0435694466314200321
1.69669669669669698	0.029342688547691044
1.69969969969969981	0.0417911018709539103
1.70270270270270263	0.0248968266465257326
1.70570570570570545	0.0337885504488563554
1.70870870870870828	0.0382344123500216598
1.71171171171171199	0.0275643437872249188
1.71471471471471482	0.0320102056883902267
1.71771771771771764	0.0240076542662926717
1.72072072072072046	0.0337885504488563554
1.72372372372372329	0.0346777228290894163
1.726726726726727	0.0462369637721192217
1.72972972972972983	0.0302318609279241049
1.73273273273273265	0.0311210333081571658
1.73573573573573547	0.0284535161674579797
1.7387387387387383	0.0400127571104877885
1.74174174174174201	0.0328993780686232876
1.74474474474474484	0.0346777228290894163
1.74774774774774766	0.0328993780686232876
1.75075075075075048	0.025785999026758797
1.75375375375375331	0.0382344123500216598
1.75675675675675702	0.0373452399697885989
1.75975975975975985	0.025785999026758797
1.76276276276276267	0.0391235847302547207
1.76576576576576549	0.0266751714069918579
1.76876876876876832	0.0320102056883902267
1.77177177177177203	0.0160051028441951133
1.77477477477477485	0.0328993780686232876
1.77777777777777768	0.0284535161674579797
1.7807807807807805	0.0311210333081571658
1.78378378378378333	0.0364560675895555381
1.78678678678678704	0.0284535161674579797
1.78978978978978986	0.0400127571104877885
1.79279279279279269	0.025785999026758797
1.79579579579579551	0.0275643437872249188
1.79879879879879834	0.0240076542662926717
1.80180180180180205	0.0328993780686232876
1.80480480480480487	0.0328993780686232876
1.8078078078078077	0.0337885504488563554
1.81081081081081052	0.0231184818860596109
1.81381381381381335	0.0382344123500216598
1.81681681681681706	0.025785999026758797
1.81981981981981988	0.0231184818860596109
1.82282282282282271	0.0337885504488563554
1.82582582582582553	0.0346777228290894163
1.82882882882882836	0.0204509647453604247
1.83183183183183207	0.0311210333081571658
1.83483483483483489	0.0328993780686232876
1.83783783783783772	0.029342688547691044
1.84084084084084054	0.0248968266465257326
1.84384384384384337	0.0284535161674579797
1.84684684684684708	0.0355668952093224772
1.8498498498498499	0.0240076542662926717
1.85285285285285273	0.0222293095058265465
1.85585585585585555	0.025785999026758797
1.85885885885885838	0.0266751714069918579
1.86186186186186209	0.0311210333081571658
1.86486486486486491	0.0364560675895555381
1.86786786786786774	0.0391235847302547207
1.87087087087087056	0.0248968266465257326
1.87387387387387427	0.0302318609279241049
1.8768768768768771	0.0213401371255934856
1.87987987987987992	0.0213401371255934856
1.88288288288288275	0.0337885504488563554
1.88588588588588557	0.029342688547691044
1.88888888888888928	0.0195617923651273604
1.89189189189189211	0.0248968266465257326
1.89489489489489493	0.0248968266465257326
1.89789789789789776	0.0320102056883902267
1.90090090090090058	0.029342688547691044
1.90390390390390429	0.0222293095058265465
1.90690690690690712	0.0275643437872249188
1.90990990990990994	0.0302318609279241049
1.91291291291291277	0.0266751714069918579
1.91591591591591559	0.0213401371255934856
1.9189189189189193	0.0275643437872249188
1.92192192192192213	0.0328993780686232876
1.92492492492492495	0.0222293095058265465
1.92792792792792778	0.0275643437872249188
1.9309309309309306	0.0240076542662926717
1.93393393393393431	0.0248968266465257326
1.93693693693693714	0.025785999026758797
1.93993993993993996	0.0266751714069918579
1.94294294294294279	0.0311210333081571658
1.94594594594594561	0.0248968266465257326
1.94894894894894932	0.0275643437872249188
1.95195195195195215	0.0302318609279241049
1.95495495495495497	0.0240076542662926717
1.9579579579579578	0.0248968266465257326
1.96096096096096062	0.0302318609279241049
1.96396396396396433	0.0160051028441951133
1.96696696696696716	0.0248968266465257326
1.96996996996996998	0.0168942752244281777
1.9729729729729728	0.0160051028441951133
1.97597597597597563	0.0222293095058265465
1.97897897897897934	0.0231184818860596109
1.98198198198198217	0.0266751714069918579
1.98498498498498499	0.0142267580837289898
1.98798798798798781	0.0142267580837289898
1.99099099099099064	0.0275643437872249188
1.99399399399399435	0.0266751714069918579
1.99699699699699718	0.0248968266465257326
2	0.0248968266465257326
2.00300300300300282	0.0240076542662926717
2.00600600600600565	0.0311210333081571658
2.00900900900900936	0.0240076542662926717
2.01201201201201219	0.0204509647453604247
2.01501501501501501	0.0204509647453604247
2.01801801801801783	0.0248968266465257326
2.02102102102102066	0.0320102056883902267
2.02402402402402437	0.0222293095058265465
2.0270270270270272	0.0204509647453604247
2.03003003003003002	0.0186726199848942995
2.03303303303303284	0.0204509647453604247
2.03603603603603567	0.0195617923651273604
2.03903903903903938	0.0186726199848942995
2.0420420420420422	0.0186726199848942995
2.04504504504504503	0.0302318609279241049
2.04804804804804785	0.0204509647453604247
2.05105105105105068	0.0222293095058265465
2.05405405405405439	0.0195617923651273604
2.05705705705705721	0.0195617923651273604
2.06006006006006004	0.025785999026758797
2.06306306306306286	0.0240076542662926717
2.06606606606606569	0.0222293095058265465
2.0690690690690694	0.0204509647453604247
2.07207207207207222	0.025785999026758797
2.07507507507507505	0.0284535161674579797
2.07807807807807787	0.0177834476046612386
2.0810810810810807	0.0240076542662926717
2.08408408408408441	0.0213401371255934856
2.08708708708708723	0.0364560675895555381
2.09009009009009006	0.0266751714069918579
2.09309309309309288	0.0266751714069918579
2.09609609609609571	0.0213401371255934856
2.09909909909909942	0.0213401371255934856
2.10210210210210224	0.0275643437872249188
2.10510510510510507	0.0204509647453604247
2.10810810810810789	0.0213401371255934856
2.11111111111111072	0.0240076542662926717
2.11411411411411443	0.0231184818860596109
2.11711711711711725	0.0204509647453604247
2.12012012012012008	0.025785999026758797
2.1231231231231229	0.0284535161674579797
2.12612612612612573	0.0213401371255934856
2.12912912912912944	0.0160051028441951133
2.13213213213213226	0.0231184818860596109
2.13513513513513509	0.0275643437872249188
2.13813813813813791	0.025785999026758797
2.14114114114114074	0.0195617923651273604
2.14414414414414445	0.0320102056883902267
2.14714714714714727	0.0240076542662926717
2.1501501501501501	0.0195617923651273604
2.15315315315315292	0.0222293095058265465
2.15615615615615575	0.0177834476046612386
2.15915915915915946	0.0248968266465257326
2.16216216216216228	0.0213401371255934856
2.16516516516516511	0.0231184818860596109
2.16816816816816793	0.0195617923651273604
2.17117117117117076	0.0222293095058265465
2.17417417417417447	0.0195617923651273604
2.17717717717717729	0.0160051028441951133
2.18018018018018012	0.0142267580837289898
2.18318318318318294	0.0177834476046612386
2.18618618618618576	0.0195617923651273604
2.18918918918918948	0.0213401371255934856
2.1921921921921923	0.025785999026758797
2.19519519519519513	0.0186726199848942995
2.19819819819819795	0.0240076542662926717
2.20120120120120077	0.0186726199848942995
2.20420420420420449	0.0160051028441951133
2.20720720720720731	0.0204509647453604247
2.21021021021021014	0.0168942752244281777
2.21321321321321296	0.0231184818860596109
2.21621621621621578	0.0204509647453604247
2.2192192192192195	0.0177834476046612386
2.22222222222222232	0.0168942752244281777
2.22522522522522515	0.0248968266465257326
2.22822822822822797	0.0204509647453604247
2.23123123123123079	0.0284535161674579797
2.23423423423423451	0.0133375857034959289
2.23723723723723733	0.0204509647453604247
2.24024024024024015	0.0204509647453604247
2.24324324324324298	0.0168942752244281777
2.2462462462462458	0.0186726199848942995
2.24924924924924952	0.0248968266465257326
2.25225225225225234	0.0231184818860596109
2.25525525525525516	0.0195617923651273604
2.25825825825825799	0.0204509647453604247
2.26126126126126081	0.0195617923651273604
2.26426426426426453	0.0195617923651273604
2.26726726726726735	0.0195617923651273604
2.27027027027027017	0.025785999026758797
2.273273273273273	0.0240076542662926717
2.27627627627627582	0.0248968266465257326
2.27927927927927954	0.0204509647453604247
2.28228228228228236	0.0222293095058265465
2.28528528528528518	0.0168942752244281777
2.28828828828828801	0.0177834476046612386
2.29129129129129083	0.0168942752244281777
2.29429429429429455	0.0177834476046612386
2.29729729729729737	0.0186726199848942995
2.30030030030030019	0.0142267580837289898
2.30330330330330302	0.0124484133232628663
2.30630630630630584	0.0186726199848942995
2.30930930930930955	0.0186726199848942995
2.31231231231231238	0.0124484133232628663
2.3153153153153152	0.025785999026758797
2.31831831831831803	0.0195617923651273604
2.32132132132132085	0.0222293095058265465
2.32432432432432456	0.0186726199848942995
2.32732732732732739	0.0222293095058265465
2.33033033033033021	0.0142267580837289898
2.33333333333333304	0.0133375857034959289
2.33633633633633586	0.0142267580837289898
2.33933933933933957	0.0168942752244281777
2.3423423423423424	0.0195617923651273604
2.34534534534534522	0.0151159304639620524
2.34834834834834805	0.0186726199848942995
2.35135135135135087	0.0106700685627967428
2.35435435435435458	0.00889172380233061929
2.35735735735735741	0.0204509647453604247
2.36036036036036023	0.0142267580837289898
2.36336336336336306	0.0240076542662926717
2.36636636636636588	0.0133375857034959289
2.36936936936936959	0.0222293095058265465
2.37237237237237242	0.0115592409430298054
2.37537537537537524	0.0186726199848942995
2.37837837837837807	0.0160051028441951133
2.38138138138138089	0.0231184818860596109
2.3843843843843846	0.0222293095058265465
2.38738738738738743	0.0177834476046612386
2.39039039039039025	0.0204509647453604247
2.39339339339339308	0.0142267580837289898
2.39639639639639679	0.0177834476046612386
2.39939939939939961	0.0195617923651273604
2.40240240240240244	0.0142267580837289898
2.40540540540540526	0.0133375857034959289
2.40840840840840809	0.0177834476046612386
2.4114114114114118	0.0160051028441951133
2.41441441441441462	0.0160051028441951133
2.41741741741741745	0.0151159304639620524
2.42042042042042027	0.0195617923651273604
2.4234234234234231	0.0115592409430298054
2.42642642642642681	0.0168942752244281777
2.42942942942942963	0.0231184818860596109
2.43243243243243246	0.0160051028441951133
2.43543543543543528	0.0133375857034959289
2.43843843843843811	0.0168942752244281777
2.44144144144144182	0.0151159304639620524
2.44444444444444464	0.0160051028441951133
2.44744744744744747	0.0177834476046612386
2.45045045045045029	0.0151159304639620524
2.45345345345345311	0.0106700685627967428
2.45645645645645683	0.0151159304639620524
2.45945945945945965	0.0204509647453604247
2.46246246246246248	0.0195617923651273604
2.4654654654654653	0.0151159304639620524
2.46846846846846812	0.0204509647453604247
2.47147147147147184	0.0160051028441951133
2.47447447447447466	0.0186726199848942995
2.47747747747747749	0.0168942752244281777
2.48048048048048031	0.0142267580837289898
2.48348348348348313	0.0160051028441951133
2.48648648648648685	0.0151159304639620524
2.48948948948948967	0.0124484133232628663
2.4924924924924925	0.0195617923651273604
2.49549549549549532	0.0133375857034959289
2.49849849849849814	0.0160051028441951133
2.50150150150150186	0.0195617923651273604
2.50450450450450468	0.0160051028441951133
2.5075075075075075	0.0151159304639620524
2.51051051051051033	0.0142267580837289898
2.51351351351351315	0.00978089618256368018
2.51651651651651687	0.0186726199848942995
2.51951951951951969	0.0133375857034959289
2.52252252252252251	0.0133375857034959289
2.52552552552552534	0.0186726199848942995
2.52852852852852816	0.0240076542662926717
2.53153153153153188	0.00978089618256368018
2.5345345345345347	0.0106700685627967428
2.53753753753753752	0.0133375857034959289
2.54054054054054035	0.00889172380233061929
2.54354354354354317	0.0151159304639620524
2.54654654654654689	0.0106700685627967428
2.54954954954954971	0.0204509647453604247
2.55255255255255253	0.0213401371255934856
2.55555555555555536	0.0160051028441951133
2.55855855855855818	0.0142267580837289898
2.56156156156156189	0.0115592409430298054
2.56456456456456472	0.00889172380233061929
2.56756756756756754	0.0133375857034959289
2.57057057057057037	0.0160051028441951133
2.57357357357357319	0.00444586190116530965
2.5765765765765769	0.0124484133232628663
2.57957957957957973	0.0195617923651273604
2.58258258258258255	0.0195617923651273604
2.58558558558558538	0.0133375857034959289
2.5885885885885882	0.0168942752244281777
2.59159159159159191	0.0106700685627967428
2.59459459459459474	0.0142267580837289898
2.59759759759759756	0.0106700685627967428
2.60060060060060039	0.0133375857034959289
2.60360360360360321	0.0160051028441951133
2.60660660660660692	0.0186726199848942995
2.60960960960960975	0.0142267580837289898
2.61261261261261257	0.00622420666163143316
2.6156156156156154	0.0186726199848942995
2.61861861861861822	0.0204509647453604247
2.62162162162162193	0.0142267580837289898
2.62462462462462476	0.00889172380233061929
2.62762762762762758	0.00889172380233061929
2.63063063063063041	0.0168942752244281777
2.63363363363363323	0.0177834476046612386
2.63663663663663694	0.0168942752244281777
2.63963963963963977	0.0106700685627967428
2.64264264264264259	0.0204509647453604247
2.64564564564564542	0.0151159304639620524
2.64864864864864824	0.0142267580837289898
2.65165165165165195	0.0160051028441951133
2.65465465465465478	0.00889172380233061929
2.6576576576576576	0.0204509647453604247
2.66066066066066043	0.0106700685627967428
2.66366366366366325	0.0124484133232628663
2.66666666666666696	0.00444586190116530965
2.66966966966966979	0.00889172380233061929
2.67267267267267261	0.0133375857034959289
2.67567567567567544	0.0142267580837289898
2.67867867867867826	0.0168942752244281777
2.68168168168168197	0.0133375857034959289
2.6846846846846848	0.00622420666163143316
2.68768768768768762	0.0186726199848942995
2.69069069069069045	0.0151159304639620524
2.69369369369369327	0.0177834476046612386
2.69669669669669698	0.0106700685627967428
2.69969969969969981	0.0133375857034959289
2.70270270270270263	0.0151159304639620524
2.70570570570570545	0.00978089618256368018
2.70870870870870828	0.0115592409430298054
2.71171171171171199	0.0142267580837289898
2.71471471471471482	0.0133375857034959289
2.71771771771771764	0.0133375857034959289
2.72072072072072046	0.0133375857034959289
2.72372372372372329	0.0142267580837289898
2.726726726726727	0.0186726199848942995
2.72972972972972983	0.0151159304639620524
2.73273273273273265	0.00889172380233061929
2.73573573573573547	0.0133375857034959289
2.7387387387387383	0.00800255142209755667
2.74174174174174201	0.0142267580837289898
2.74474474474474484	0.0142267580837289898
2.74774774774774766	0.0168942752244281777
2.75075075075075048	0.00889172380233061929
2.75375375375375331	0.0133375857034959289
2.75675675675675702	0.0115592409430298054
2.75975975975975985	0.0168942752244281777
2.76276276276276267	0.0124484133232628663
2.76576576576576549	0.00978089618256368018
2.76876876876876832	0.0124484133232628663
2.77177177177177203	0.0106700685627967428
2.77477477477477485	0.0124484133232628663
2.77777777777777768	0.00711337904186449491
2.7807807807807805	0.0151159304639620524
2.78378378378378333	0.0151159304639620524
2.78678678678678704	0.0160051028441951133
2.78978978978978986	0.0133375857034959289
2.79279279279279269	0.0124484133232628663
2.79579579579579551	0.0124484133232628663
2.79879879879879834	0.00978089618256368018
2.80180180180180205	0.0106700685627967428
2.80480480480480487	0.0177834476046612386
2.8078078078078077	0.00978089618256368018
2.81081081081081052	0.0168942752244281777
2.81381381381381335	0.00978089618256368018
2.81681681681681706	0.0133375857034959289
2.81981981981981988	0.0115592409430298054
2.82282282282282271	0.0142267580837289898
2.82582582582582553	0.00978089618256368018
2.82882882882882836	0.0124484133232628663
2.83183183183183207	0.00889172380233061929
2.83483483483483489	0.00889172380233061929
2.83783783783783772	0.0133375857034959289
2.84084084084084054	0.00978089618256368018
2.84384384384384337	0.0142267580837289898
2.84684684684684708	0.00978089618256368018
2.8498498498498499	0.0124484133232628663
2.85285285285285273	0.00889172380233061929
2.85585585585585555	0.00800255142209755667
2.85885885885885838	0.0133375857034959289
2.86186186186186209	0.00711337904186449491
2.86486486486486491	0.0142267580837289898
2.86786786786786774	0.00978089618256368018
2.87087087087087056	0.0115592409430298054
2.87387387387387339	0.00978089618256368018
2.8768768768768771	0.0124484133232628663
2.87987987987987992	0.00889172380233061929
2.88288288288288275	0.0115592409430298054
2.88588588588588557	0.0177834476046612386
2.8888888888888884	0.0124484133232628663
2.89189189189189211	0.0106700685627967428
2.89489489489489493	0.00889172380233061929
2.89789789789789776	0.0115592409430298054
2.90090090090090058	0.0151159304639620524
2.90390390390390429	0.0133375857034959289
2.90690690690690712	0.00711337904186449491
2.90990990990990994	0.0160051028441951133
2.91291291291291277	0.00978089618256368018
2.91591591591591559	0.0142267580837289898
2.9189189189189193	0.00978089618256368018
2.92192192192192213	0.00800255142209755667
2.92492492492492495	0.0133375857034959289
2.92792792792792778	0.0186726199848942995
2.9309309309309306	0.00800255142209755667
2.93393393393393431	0.00889172380233061929
2.93693693693693714	0.0195617923651273604
2.93993993993993996	0.0168942752244281777
2.94294294294294279	0.0106700685627967428
2.94594594594594561	0.00978089618256368018
2.94894894894894932	0.00889172380233061929
2.95195195195195215	0.0115592409430298054
2.95495495495495497	0.0115592409430298054
2.9579579579579578	0.0133375857034959289
2.96096096096096062	0.0115592409430298054
2.96396396396396433	0.0124484133232628663
2.96696696696696716	0.0124484133232628663
2.96996996996996998	0.0106700685627967428
2.9729729729729728	0.0133375857034959289
2.97597597597597563	0.0160051028441951133
2.97897897897897934	0.0186726199848942995
2.98198198198198217	0.0115592409430298054
2.98498498498498499	0.00800255142209755667
2.98798798798798781	0.0115592409430298054
2.99099099099099064	0.0168942752244281777
2.99399399399399435	0.0168942752244281777
2.99699699699699718	0.0133375857034959289
3	0.0124484133232628663
