-3	0.025378827419459498
-2.99699699699699718	0.0244388708483684082
-2.99399399399399391	0.0281986971327327779
-2.99099099099099108	0.0187991314218218519
-2.98798798798798781	0.0281986971327327779
-2.98498498498498499	0.0150393051374574805
-2.98198198198198217	0.0150393051374574805
-2.9789789789789789	0.0159792617085485721
-2.97597597597597607	0.0291386537038238712
-2.9729729729729728	0.0159792617085485721
-2.96996996996996998	0.0140993485663663889
-2.96696696696696716	0.0140993485663663889
-2.96396396396396389	0.0197390879929129452
-2.96096096096096106	0.0131593919952752957
-2.9579579579579578	0.0244388708483684082
-2.95495495495495497	0.0225589577061862216
-2.95195195195195215	0.0187991314218218519
-2.94894894894894888	0.0263187839905505913
-2.94594594594594605	0.0178591748507307586
-2.94294294294294279	0.0159792617085485721
-2.93993993993993996	0.0169192182796396653
-2.93693693693693714	0.0159792617085485721
-2.93393393393393387	0.0281986971327327779
-2.93093093093093104	0.0169192182796396653
-2.92792792792792778	0.0150393051374574805
-2.92492492492492495	0.0263187839905505913
-2.92192192192192213	0.0291386537038238712
-2.91891891891891886	0.020679044564004035
-2.91591591591591603	0.0263187839905505913
-2.91291291291291277	0.030078610274914961
-2.90990990990990994	0.025378827419459498
-2.90690690690690712	0.0225589577061862216
-2.90390390390390385	0.030078610274914961
-2.90090090090090102	0.0197390879929129452
-2.89789789789789776	0.0291386537038238712
-2.89489489489489493	0.0150393051374574805
-2.89189189189189211	0.0244388708483684082
-2.88888888888888884	0.0310185668460060543
-2.88588588588588602	0.0112794788530931108
-2.88288288288288275	0.0150393051374574805
-2.87987987987987992	0.0178591748507307586
-2.8768768768768771	0.0216190011350951283
-2.87387387387387383	0.0131593919952752957
-2.87087087087087101	0.0216190011350951283
-2.86786786786786774	0.0112794788530931108
-2.86486486486486491	0.0244388708483684082
-2.86186186186186209	0.0234989142772773149
-2.85885885885885882	0.025378827419459498
-2.855855855855856	0.0234989142772773149
-2.85285285285285273	0.0169192182796396653
-2.8498498498498499	0.0263187839905505913
-2.84684684684684708	0.0216190011350951283
-2.84384384384384381	0.0263187839905505913
-2.84084084084084099	0.0281986971327327779
-2.83783783783783772	0.020679044564004035
-2.83483483483483489	0.0272587405616416846
-2.83183183183183207	0.0187991314218218519
-2.8288288288288288	0.0150393051374574805
-2.82582582582582598	0.025378827419459498
-2.82282282282282271	0.0291386537038238712
-2.81981981981981988	0.0225589577061862216
-2.81681681681681662	0.0263187839905505913
-2.81381381381381379	0.0225589577061862216
-2.81081081081081097	0.0225589577061862216
-2.8078078078078077	0.0244388708483684082
-2.80480480480480487	0.0225589577061862216
-2.80180180180180161	0.0263187839905505913
-2.79879879879879878	0.0169192182796396653
-2.79579579579579596	0.0178591748507307586
-2.79279279279279269	0.0281986971327327779
-2.78978978978978986	0.0234989142772773149
-2.7867867867867866	0.0225589577061862216
-2.78378378378378377	0.0234989142772773149
-2.78078078078078095	0.0197390879929129452
-2.77777777777777768	0.0216190011350951283
-2.77477477477477485	0.0244388708483684082
-2.77177177177177159	0.0234989142772773149
-2.76876876876876876	0.0234989142772773149
-2.76576576576576594	0.0338384365592793307
-2.76276276276276267	0.0169192182796396653
-2.75975975975975985	0.0263187839905505913
-2.75675675675675658	0.0178591748507307586
-2.75375375375375375	0.0244388708483684082
-2.75075075075075093	0.020679044564004035
-2.74774774774774766	0.0328984799881882409
-2.74474474474474484	0.0263187839905505913
-2.74174174174174157	0.0187991314218218519
-2.73873873873873874	0.0216190011350951283
-2.73573573573573592	0.0216190011350951283
-2.73273273273273265	0.0197390879929129452
-2.72972972972972983	0.0197390879929129452
-2.72672672672672656	0.0187991314218218519
-2.72372372372372373	0.0187991314218218519
-2.72072072072072091	0.030078610274914961
-2.71771771771771764	0.0225589577061862216
-2.71471471471471482	0.0319585234170971441
-2.71171171171171155	0.0216190011350951283
-2.70870870870870872	0.0197390879929129452
-2.7057057057057059	0.0225589577061862216
-2.70270270270270263	0.0310185668460060543
-2.69969969969969981	0.0159792617085485721
-2.69669669669669654	0.0216190011350951283
-2.69369369369369371	0.0263187839905505913
-2.69069069069069045	0.0187991314218218519
-2.68768768768768762	0.0244388708483684082
-2.6846846846846848	0.0216190011350951283
-2.68168168168168153	0.0216190011350951283
-2.6786786786786787	0.0272587405616416846
-2.67567567567567544	0.0281986971327327779
-2.67267267267267261	0.0244388708483684082
-2.66966966966966979	0.0263187839905505913
-2.66666666666666652	0.025378827419459498
-2.66366366366366369	0.020679044564004035
-2.66066066066066043	0.0234989142772773149
-2.6576576576576576	0.025378827419459498
-2.65465465465465478	0.0244388708483684082
-2.65165165165165151	0.0244388708483684082
-2.64864864864864868	0.0216190011350951283
-2.64564564564564542	0.0310185668460060543
-2.64264264264264259	0.0225589577061862216
-2.63963963963963977	0.025378827419459498
-2.6366366366366365	0.0187991314218218519
-2.63363363363363367	0.0178591748507307586
-2.63063063063063041	0.0244388708483684082
-2.62762762762762758	0.0291386537038238712
-2.62462462462462476	0.020679044564004035
-2.62162162162162149	0.0272587405616416846
-2.61861861861861867	0.0272587405616416846
-2.6156156156156154	0.0234989142772773149
-2.61261261261261257	0.0310185668460060543
-2.60960960960960975	0.0131593919952752957
-2.60660660660660648	0.0310185668460060543
-2.60360360360360366	0.0244388708483684082
-2.60060060060060039	0.020679044564004035
-2.59759759759759756	0.0187991314218218519
-2.59459459459459474	0.0281986971327327779
-2.59159159159159147	0.0272587405616416846
-2.58858858858858865	0.0319585234170971441
-2.58558558558558538	0.0281986971327327779
-2.58258258258258255	0.025378827419459498
-2.57957957957957973	0.0159792617085485721
-2.57657657657657646	0.0216190011350951283
-2.57357357357357364	0.0347783931303704275
-2.57057057057057037	0.0187991314218218519
-2.56756756756756754	0.025378827419459498
-2.56456456456456472	0.0244388708483684082
-2.56156156156156145	0.0281986971327327779
-2.55855855855855863	0.0216190011350951283
-2.55555555555555536	0.020679044564004035
-2.55255255255255253	0.0244388708483684082
-2.54954954954954971	0.0272587405616416846
-2.54654654654654644	0.0197390879929129452
-2.54354354354354362	0.0244388708483684082
-2.54054054054054035	0.0225589577061862216
-2.53753753753753752	0.0263187839905505913
-2.5345345345345347	0.0234989142772773149
-2.53153153153153143	0.0310185668460060543
-2.52852852852852861	0.0272587405616416846
-2.52552552552552534	0.0187991314218218519
-2.52252252252252251	0.0432380022701902567
-2.51951951951951969	0.030078610274914961
-2.51651651651651642	0.0140993485663663889
-2.5135135135135136	0.0310185668460060543
-2.51051051051051033	0.0338384365592793307
-2.5075075075075075	0.0244388708483684082
-2.50450450450450468	0.0272587405616416846
-2.50150150150150141	0.0225589577061862216
-2.49849849849849859	0.0263187839905505913
-2.49549549549549532	0.0244388708483684082
-2.4924924924924925	0.0225589577061862216
-2.48948948948948967	0.030078610274914961
-2.4864864864864864	0.0225589577061862216
-2.48348348348348358	0.0159792617085485721
-2.48048048048048031	0.0234989142772773149
-2.47747747747747749	0.0272587405616416846
-2.47447447447447466	0.0197390879929129452
-2.47147147147147139	0.025378827419459498
-2.46846846846846857	0.030078610274914961
-2.4654654654654653	0.025378827419459498
-2.46246246246246248	0.0272587405616416846
-2.45945945945945965	0.0347783931303704275
-2.45645645645645638	0.0310185668460060543
-2.45345345345345356	0.0272587405616416846
-2.45045045045045029	0.0178591748507307586
-2.44744744744744747	0.0263187839905505913
-2.44444444444444464	0.0347783931303704275
-2.44144144144144137	0.0366583062725526071
-2.43843843843843855	0.0225589577061862216
-2.43543543543543528	0.0272587405616416846
-2.43243243243243246	0.0281986971327327779
-2.42942942942942963	0.0328984799881882409
-2.42642642642642636	0.0310185668460060543
-2.42342342342342354	0.0338384365592793307
-2.42042042042042027	0.0197390879929129452
-2.41741741741741745	0.0310185668460060543
-2.41441441441441462	0.030078610274914961
-2.41141141141141135	0.0234989142772773149
-2.40840840840840853	0.0263187839905505913
-2.40540540540540526	0.0394781759858258904
-2.40240240240240244	0.0178591748507307586
-2.39939939939939961	0.0281986971327327779
-2.39639639639639634	0.0319585234170971441
-2.39339339339339352	0.0347783931303704275
-2.39039039039039025	0.0234989142772773149
-2.38738738738738743	0.0385382194147347937
-2.3843843843843846	0.0291386537038238712
-2.38138138138138133	0.0310185668460060543
-2.37837837837837851	0.0263187839905505913
-2.37537537537537524	0.0281986971327327779
-2.37237237237237242	0.0272587405616416846
-2.36936936936936959	0.0319585234170971441
-2.36636636636636633	0.0244388708483684082
-2.3633633633633635	0.0216190011350951283
-2.36036036036036023	0.0310185668460060543
-2.35735735735735741	0.020679044564004035
-2.35435435435435458	0.0291386537038238712
-2.35135135135135132	0.0366583062725526071
-2.34834834834834849	0.0319585234170971441
-2.34534534534534522	0.0385382194147347937
-2.3423423423423424	0.0225589577061862216
-2.33933933933933957	0.0328984799881882409
-2.33633633633633631	0.0244388708483684082
-2.33333333333333348	0.0385382194147347937
-2.33033033033033021	0.0385382194147347937
-2.32732732732732739	0.0357183497014615173
-2.32432432432432456	0.0347783931303704275
-2.3213213213213213	0.0310185668460060543
-2.31831831831831847	0.0328984799881882409
-2.3153153153153152	0.0366583062725526071
-2.31231231231231238	0.0394781759858258904
-2.30930930930930955	0.0328984799881882409
-2.30630630630630629	0.0310185668460060543
-2.30330330330330346	0.0310185668460060543
-2.30030030030030019	0.0432380022701902567
-2.29729729729729737	0.0357183497014615173
-2.29429429429429455	0.0357183497014615173
-2.29129129129129128	0.0291386537038238712
-2.28828828828828845	0.0347783931303704275
-2.28528528528528518	0.0244388708483684082
-2.28228228228228236	0.0281986971327327779
-2.27927927927927954	0.0272587405616416846
-2.27627627627627627	0.0375982628436437039
-2.27327327327327344	0.0432380022701902567
-2.27027027027027017	0.0272587405616416846
-2.26726726726726735	0.0319585234170971441
-2.26426426426426453	0.0310185668460060543
-2.26126126126126126	0.0375982628436437039
-2.25825825825825799	0.0385382194147347937
-2.25525525525525516	0.0244388708483684082
-2.25225225225225234	0.0319585234170971441
-2.24924924924924952	0.0375982628436437039
-2.24624624624624625	0.0263187839905505913
-2.24324324324324298	0.0272587405616416846
-2.24024024024024015	0.025378827419459498
-2.23723723723723733	0.0394781759858258904
-2.23423423423423451	0.0310185668460060543
-2.23123123123123124	0.030078610274914961
-2.22822822822822797	0.0366583062725526071
-2.22522522522522515	0.0357183497014615173
-2.22222222222222232	0.0404181325569169803
-2.2192192192192195	0.0328984799881882409
-2.21621621621621623	0.0413580891280080701
-2.21321321321321296	0.0404181325569169803
-2.21021021021021014	0.0281986971327327779
-2.20720720720720731	0.025378827419459498
-2.20420420420420449	0.0338384365592793307
-2.20120120120120122	0.0404181325569169803
-2.19819819819819795	0.0385382194147347937
-2.19519519519519513	0.0310185668460060543
-2.1921921921921923	0.030078610274914961
-2.18918918918918903	0.0328984799881882409
-2.18618618618618621	0.0375982628436437039
-2.18318318318318294	0.0385382194147347937
-2.18018018018018012	0.0385382194147347937
-2.17717717717717729	0.0310185668460060543
-2.17417417417417402	0.0385382194147347937
-2.1711711711711712	0.0357183497014615173
-2.16816816816816793	0.0404181325569169803
-2.16516516516516511	0.0394781759858258904
-2.16216216216216228	0.0404181325569169803
-2.15915915915915901	0.0281986971327327779
-2.15615615615615619	0.0357183497014615173
-2.15315315315315292	0.0375982628436437039
-2.1501501501501501	0.0291386537038238712
-2.14714714714714727	0.0422980456990991668
-2.144144144144144	0.0263187839905505913
-2.14114114114114118	0.0272587405616416846
-2.13813813813813791	0.0432380022701902567
-2.13513513513513509	0.0460578719834635331
-2.13213213213213226	0.030078610274914961
-2.12912912912912899	0.0432380022701902567
-2.12612612612612617	0.0366583062725526071
-2.1231231231231229	0.0375982628436437039
-2.12012012012012008	0.0394781759858258904
-2.11711711711711725	0.0441779588412813534
-2.11411411411411398	0.0291386537038238712
-2.11111111111111116	0.0366583062725526071
-2.10810810810810789	0.0375982628436437039
-2.10510510510510507	0.0281986971327327779
-2.10210210210210224	0.0451179154123724432
-2.09909909909909898	0.0413580891280080701
-2.09609609609609615	0.0394781759858258904
-2.09309309309309288	0.0328984799881882409
-2.09009009009009006	0.0469978285545546298
-2.08708708708708723	0.0357183497014615173
-2.08408408408408397	0.0338384365592793307
-2.08108108108108114	0.0319585234170971441
-2.07807807807807787	0.050757654838918996
-2.07507507507507505	0.0291386537038238712
-2.07207207207207222	0.0366583062725526071
-2.06906906906906896	0.0469978285545546298
-2.06606606606606613	0.0394781759858258904
-2.06306306306306286	0.0319585234170971441
-2.06006006006006004	0.0385382194147347937
-2.05705705705705721	0.0357183497014615173
-2.05405405405405395	0.0281986971327327779
-2.05105105105105112	0.0281986971327327779
-2.04804804804804785	0.0451179154123724432
-2.04504504504504503	0.0451179154123724432
-2.0420420420420422	0.0338384365592793307
-2.03903903903903894	0.050757654838918996
-2.03603603603603611	0.0394781759858258904
-2.03303303303303284	0.0310185668460060543
-2.03003003003003002	0.0347783931303704275
-2.0270270270270272	0.0385382194147347937
-2.02402402402402393	0.0375982628436437039
-2.0210210210210211	0.0394781759858258904
-2.01801801801801783	0.0385382194147347937
-2.01501501501501501	0.0375982628436437039
-2.01201201201201219	0.0357183497014615173
-2.00900900900900892	0.0422980456990991668
-2.00600600600600609	0.0441779588412813534
-2.00300300300300282	0.0460578719834635331
-2	0.0441779588412813534
-1.99699699699699695	0.0385382194147347937
-1.99399399399399391	0.0422980456990991668
-1.99099099099099108	0.0422980456990991668
-1.98798798798798804	0.0432380022701902567
-1.98498498498498499	0.0375982628436437039
-1.98198198198198194	0.0281986971327327779
-1.9789789789789789	0.0338384365592793307
-1.97597597597597607	0.055457437694374459
-1.97297297297297303	0.0404181325569169803
-1.96996996996996998	0.0441779588412813534
-1.96696696696696693	0.0469978285545546298
-1.96396396396396389	0.0479377851256457196
-1.96096096096096106	0.0441779588412813534
-1.95795795795795802	0.0357183497014615173
-1.95495495495495497	0.0469978285545546298
-1.95195195195195192	0.0385382194147347937
-1.94894894894894888	0.0357183497014615173
-1.94594594594594605	0.0375982628436437039
-1.94294294294294301	0.0394781759858258904
-1.93993993993993996	0.030078610274914961
-1.93693693693693691	0.0328984799881882409
-1.93393393393393387	0.0366583062725526071
-1.93093093093093104	0.0394781759858258904
-1.927927927927928	0.0404181325569169803
-1.92492492492492495	0.0422980456990991668
-1.92192192192192191	0.0432380022701902567
-1.91891891891891886	0.0375982628436437039
-1.91591591591591603	0.0460578719834635331
-1.91291291291291299	0.0432380022701902567
-1.90990990990990994	0.0385382194147347937
-1.9069069069069069	0.0413580891280080701
-1.90390390390390385	0.060157220549829922
-1.9009009009009008	0.0338384365592793307
-1.89789789789789798	0.0422980456990991668
-1.89489489489489493	0.0394781759858258904
-1.89189189189189189	0.0498176982678279062
-1.88888888888888884	0.0479377851256457196
-1.88588588588588579	0.0413580891280080701
-1.88288288288288297	0.0385382194147347937
-1.87987987987987992	0.0394781759858258904
-1.87687687687687688	0.0441779588412813534
-1.87387387387387383	0.0357183497014615173
-1.87087087087087078	0.0441779588412813534
-1.86786786786786796	0.0375982628436437039
-1.86486486486486491	0.0404181325569169803
-1.86186186186186187	0.0488777416967368164
-1.85885885885885882	0.0460578719834635331
-1.85585585585585577	0.0422980456990991668
-1.85285285285285295	0.0441779588412813534
-1.8498498498498499	0.050757654838918996
-1.84684684684684686	0.0451179154123724432
-1.84384384384384381	0.0394781759858258904
-1.84084084084084076	0.0526375679811011826
-1.83783783783783794	0.0404181325569169803
-1.83483483483483489	0.0526375679811011826
-1.83183183183183185	0.0469978285545546298
-1.8288288288288288	0.0488777416967368164
-1.82582582582582575	0.050757654838918996
-1.82282282282282293	0.0451179154123724432
-1.81981981981981988	0.0366583062725526071
-1.81681681681681684	0.0488777416967368164
-1.81381381381381379	0.0394781759858258904
-1.81081081081081074	0.0498176982678279062
-1.80780780780780792	0.0526375679811011826
-1.80480480480480487	0.0488777416967368164
-1.80180180180180183	0.0592172639787388322
-1.79879879879879878	0.0432380022701902567
-1.79579579579579574	0.0469978285545546298
-1.79279279279279291	0.0535775245521922794
-1.78978978978978986	0.0451179154123724432
-1.78678678678678682	0.0385382194147347937
-1.78378378378378377	0.0451179154123724432
-1.78078078078078073	0.0479377851256457196
-1.77777777777777768	0.0479377851256457196
-1.77477477477477485	0.0573373508365566456
-1.77177177177177181	0.0460578719834635331
-1.76876876876876876	0.0573373508365566456
-1.76576576576576572	0.055457437694374459
-1.76276276276276267	0.0413580891280080701
-1.75975975975975985	0.0404181325569169803
-1.7567567567567568	0.0451179154123724432
-1.75375375375375375	0.0545174811232833692
-1.75075075075075071	0.050757654838918996
-1.74774774774774766	0.0479377851256457196
-1.74474474474474484	0.0639170468341942882
-1.74174174174174179	0.0535775245521922794
-1.73873873873873874	0.0394781759858258904
-1.7357357357357357	0.0479377851256457196
-1.73273273273273265	0.0563973942654655558
-1.72972972972972983	0.0479377851256457196
-1.72672672672672678	0.0573373508365566456
-1.72372372372372373	0.0545174811232833692
-1.72072072072072069	0.0516976114100100928
-1.71771771771771764	0.0469978285545546298
-1.71471471471471482	0.055457437694374459
-1.71171171171171177	0.0620371336920121086
-1.70870870870870872	0.0545174811232833692
-1.70570570570570568	0.0516976114100100928
-1.70270270270270263	0.0657969599763764817
-1.69969969969969981	0.0535775245521922794
-1.69669669669669676	0.0460578719834635331
-1.69369369369369371	0.0592172639787388322
-1.69069069069069067	0.0704967428318319378
-1.68768768768768762	0.050757654838918996
-1.6846846846846848	0.0516976114100100928
-1.68168168168168175	0.0620371336920121086
-1.6786786786786787	0.0610971771209210188
-1.67567567567567566	0.0422980456990991668
-1.67267267267267261	0.0516976114100100928
-1.66966966966966979	0.0573373508365566456
-1.66666666666666674	0.055457437694374459
-1.66366366366366369	0.0422980456990991668
-1.66066066066066065	0.0667369165474675785
-1.6576576576576576	0.0695567862607408549
-1.65465465465465478	0.0366583062725526071
-1.65165165165165173	0.0498176982678279062
-1.64864864864864868	0.0610971771209210188
-1.64564564564564564	0.0479377851256457196
-1.64264264264264259	0.055457437694374459
-1.63963963963963955	0.0432380022701902567
-1.63663663663663672	0.0610971771209210188
-1.63363363363363367	0.064857003405285385
-1.63063063063063063	0.0469978285545546298
-1.62762762762762758	0.0545174811232833692
-1.62462462462462454	0.055457437694374459
-1.62162162162162171	0.0667369165474675785
-1.61861861861861867	0.0573373508365566456
-1.61561561561561562	0.0639170468341942882
-1.61261261261261257	0.0582773074076477424
-1.60960960960960953	0.0610971771209210188
-1.6066066066066067	0.0573373508365566456
-1.60360360360360366	0.0695567862607408549
-1.60060060060060061	0.0460578719834635331
-1.59759759759759756	0.0639170468341942882
-1.59459459459459452	0.0469978285545546298
-1.59159159159159169	0.0563973942654655558
-1.58858858858858865	0.0545174811232833692
-1.5855855855855856	0.0573373508365566456
-1.58258258258258255	0.0620371336920121086
-1.57957957957957951	0.0723766559740141313
-1.57657657657657668	0.0592172639787388322
-1.57357357357357364	0.0751965256872874077
-1.57057057057057059	0.0714366994029230346
-1.56756756756756754	0.0667369165474675785
-1.5645645645645645	0.0498176982678279062
-1.56156156156156167	0.0610971771209210188
-1.55855855855855863	0.060157220549829922
-1.55555555555555558	0.0620371336920121086
-1.55255255255255253	0.0535775245521922794
-1.54954954954954949	0.064857003405285385
-1.54654654654654666	0.0808362651138339605
-1.54354354354354362	0.0582773074076477424
-1.54054054054054057	0.0479377851256457196
-1.53753753753753752	0.0610971771209210188
-1.53453453453453448	0.0573373508365566456
-1.53153153153153165	0.0723766559740141313
-1.52852852852852861	0.0695567862607408549
-1.52552552552552556	0.064857003405285385
-1.52252252252252251	0.0676768731185586614
-1.51951951951951947	0.0573373508365566456
-1.51651651651651642	0.0573373508365566456
-1.5135135135135136	0.0610971771209210188
-1.51051051051051055	0.0516976114100100928
-1.5075075075075075	0.0657969599763764817
-1.50450450450450446	0.0582773074076477424
-1.50150150150150141	0.0780163954005606841
-1.49849849849849859	0.0751965256872874077
-1.49549549549549554	0.0751965256872874077
-1.4924924924924925	0.0667369165474675785
-1.48948948948948945	0.0516976114100100928
-1.4864864864864864	0.0516976114100100928
-1.48348348348348358	0.0620371336920121086
-1.48048048048048053	0.0545174811232833692
-1.47747747747747749	0.0704967428318319378
-1.47447447447447444	0.0704967428318319378
-1.47147147147147139	0.0676768731185586614
-1.46846846846846857	0.0723766559740141313
-1.46546546546546552	0.0695567862607408549
-1.46246246246246248	0.0667369165474675785
-1.45945945945945943	0.0733166125451052142
-1.45645645645645638	0.0657969599763764817
-1.45345345345345356	0.0761364822583785045
-1.45045045045045051	0.0845960913981983337
-1.44744744744744747	0.0686168296896497582
-1.44444444444444442	0.0592172639787388322
-1.44144144144144137	0.0817762216849250573
-1.43843843843843855	0.0723766559740141313
-1.4354354354354355	0.0751965256872874077
-1.43243243243243246	0.0629770902631032053
-1.42942942942942941	0.0676768731185586614
-1.42642642642642636	0.074256569116196311
-1.42342342342342354	0.0686168296896497582
-1.42042042042042049	0.0657969599763764817
-1.41741741741741745	0.0667369165474675785
-1.4144144144144144	0.0620371336920121086
-1.41141141141141135	0.0789563519716517809
-1.40840840840840853	0.0949356136802003425
-1.40540540540540548	0.0761364822583785045
-1.40240240240240244	0.0695567862607408549
-1.39939939939939939	0.0667369165474675785
-1.39639639639639634	0.0686168296896497582
-1.3933933933933933	0.0770764388294695874
-1.39039039039039047	0.0573373508365566456
-1.38738738738738743	0.060157220549829922
-1.38438438438438438	0.0714366994029230346
-1.38138138138138133	0.0704967428318319378
-1.37837837837837829	0.0874159611114716101
-1.37537537537537546	0.0789563519716517809
-1.37237237237237242	0.0704967428318319378
-1.36936936936936937	0.0582773074076477424
-1.36636636636636633	0.0827161782560161402
-1.36336336336336328	0.0874159611114716101
-1.36036036036036045	0.0704967428318319378
-1.35735735735735741	0.0798963085427428638
-1.35435435435435436	0.0864760045403805133
-1.35135135135135132	0.0845960913981983337
-1.34834834834834827	0.0686168296896497582
-1.34534534534534544	0.0733166125451052142
-1.3423423423423424	0.0883559176825627068
-1.33933933933933935	0.0714366994029230346
-1.33633633633633631	0.0817762216849250573
-1.33333333333333326	0.0686168296896497582
-1.33033033033033044	0.0977554833934736328
-1.32732732732732739	0.0930557005380181629
-1.32432432432432434	0.0761364822583785045
-1.3213213213213213	0.0845960913981983337
-1.31831831831831825	0.0770764388294695874
-1.31531531531531543	0.0639170468341942882
-1.31231231231231238	0.0883559176825627068
-1.30930930930930933	0.0808362651138339605
-1.30630630630630629	0.0845960913981983337
-1.30330330330330324	0.0874159611114716101
-1.30030030030030042	0.0977554833934736328
-1.29729729729729737	0.0817762216849250573
-1.29429429429429432	0.0836561348271072369
-1.29129129129129128	0.0883559176825627068
-1.28828828828828823	0.074256569116196311
-1.28528528528528541	0.0751965256872874077
-1.28228228228228236	0.0902358308247448865
-1.27927927927927931	0.0723766559740141313
-1.27627627627627627	0.0836561348271072369
-1.27327327327327322	0.0864760045403805133
-1.27027027027027017	0.0921157439669270661
-1.26726726726726735	0.0996353965356558124
-1.2642642642642643	0.0798963085427428638
-1.26126126126126126	0.102455266248929089
-1.25825825825825821	0.0855360479692894304
-1.25525525525525516	0.0902358308247448865
-1.25225225225225234	0.0883559176825627068
-1.24924924924924929	0.0836561348271072369
-1.24624624624624625	0.0761364822583785045
-1.2432432432432432	0.0977554833934736328
-1.24024024024024015	0.0817762216849250573
-1.23723723723723733	0.0827161782560161402
-1.23423423423423428	0.0892958742536537897
-1.23123123123123124	0.111854831959840015
-1.22822822822822819	0.0949356136802003425
-1.22522522522522515	0.0855360479692894304
-1.22222222222222232	0.0723766559740141313
-1.21921921921921927	0.105275135962202365
-1.21621621621621623	0.0808362651138339605
-1.21321321321321318	0.0883559176825627068
-1.21021021021021014	0.104335179391111268
-1.20720720720720731	0.0798963085427428638
-1.20420420420420426	0.0939956571091092596
-1.20120120120120122	0.0817762216849250573
-1.19819819819819817	0.108095005675475642
-1.19519519519519513	0.0817762216849250573
-1.1921921921921923	0.0902358308247448865
-1.18918918918918926	0.0911757873958359832
-1.18618618618618621	0.0874159611114716101
-1.18318318318318316	0.0836561348271072369
-1.18018018018018012	0.102455266248929089
-1.17717717717717729	0.105275135962202365
-1.17417417417417425	0.107155049104384559
-1.1711711711711712	0.0911757873958359832
-1.16816816816816815	0.0883559176825627068
-1.16516516516516511	0.101515309677837992
-1.16216216216216228	0.102455266248929089
-1.15915915915915924	0.104335179391111268
-1.15615615615615619	0.100575353106746909
-1.15315315315315314	0.111854831959840015
-1.1501501501501501	0.0949356136802003425
-1.14714714714714727	0.0986954399645647157
-1.14414414414414423	0.109034962246566738
-1.14114114114114118	0.108095005675475642
-1.13813813813813813	0.0996353965356558124
-1.13513513513513509	0.0939956571091092596
-1.13213213213213204	0.116554614815295485
-1.12912912912912922	0.0996353965356558124
-1.12612612612612617	0.0958755702512914393
-1.12312312312312312	0.119374484528568761
-1.12012012012012008	0.111854831959840015
-1.11711711711711703	0.109974918817657835
-1.11411411411411421	0.111854831959840015
-1.11111111111111116	0.110914875388748918
-1.10810810810810811	0.110914875388748918
-1.10510510510510507	0.0977554833934736328
-1.10210210210210202	0.0949356136802003425
-1.0990990990990992	0.138173615950390599
-1.09609609609609615	0.112794788530931112
-1.0930930930930931	0.0986954399645647157
-1.09009009009009006	0.116554614815295485
-1.08708708708708701	0.103395222820020186
-1.08408408408408419	0.128774050239479687
-1.08108108108108114	0.0986954399645647157
-1.07807807807807809	0.096815526822382536
-1.07507507507507505	0.112794788530931112
-1.072072072072072	0.0977554833934736328
-1.06906906906906918	0.102455266248929089
-1.06606606606606613	0.109974918817657835
-1.06306306306306309	0.120314441099659844
-1.06006006006006004	0.103395222820020186
-1.05705705705705699	0.127834093668388576
-1.05405405405405417	0.122194354241842038
-1.05105105105105112	0.130653963381661853
-1.04804804804804808	0.109034962246566738
-1.04504504504504503	0.121254397670750941
-1.04204204204204198	0.125954180526206411
-1.03903903903903916	0.117494571386386568
-1.03603603603603611	0.13441378966602624
-1.03303303303303307	0.109974918817657835
-1.03003003003003002	0.12313431081293312
-1.02702702702702697	0.111854831959840015
-1.02402402402402415	0.115614658244204388
-1.0210210210210211	0.131593919952752963
-1.01801801801801806	0.1250142239551153
-1.01501501501501501	0.121254397670750941
-1.01201201201201196	0.13911357252148171
-1.00900900900900892	0.115614658244204388
-1.00600600600600609	0.102455266248929089
-1.00300300300300305	0.122194354241842038
-1	0.124074267384024217
-0.996996996996997176	0.13911357252148171
-0.993993993993993907	0.12971400681057077
-0.990990990990991083	0.116554614815295485
-0.987987987987987815	0.101515309677837992
-0.98498498498498499	0.12971400681057077
-0.981981981981982166	0.130653963381661853
-0.978978978978978898	0.133473833094935157
-0.975975975975976073	0.136293702808208433
-0.972972972972972805	0.103395222820020186
-0.969969969969969981	0.12313431081293312
-0.966966966966967156	0.125954180526206411
-0.963963963963963888	0.135353746237117323
-0.960960960960961064	0.114674701673113291
-0.957957957957957795	0.141933442234754986
-0.954954954954954971	0.126894137097297494
-0.951951951951952147	0.128774050239479687
-0.948948948948948878	0.115614658244204388
-0.945945945945946054	0.126894137097297494
-0.942942942942942786	0.109974918817657835
-0.939939939939939961	0.135353746237117323
-0.936936936936937137	0.147573181661301539
-0.933933933933933869	0.140053529092572793
-0.930930930930931044	0.128774050239479687
-0.927927927927927776	0.132533876523844046
-0.924924924924924952	0.151333007945665898
-0.921921921921922127	0.131593919952752963
-0.918918918918918859	0.164492399940941197
-0.915915915915916035	0.158852660514394645
-0.912912912912912766	0.141933442234754986
-0.909909909909909942	0.135353746237117323
-0.906906906906907118	0.148513138232392622
-0.903903903903903849	0.166372313083123391
-0.900900900900901025	0.141933442234754986
-0.897897897897897757	0.126894137097297494
-0.894894894894894932	0.163552443369850115
-0.891891891891892108	0.156972747372212451
-0.88888888888888884	0.155092834230030285
-0.885885885885886015	0.148513138232392622
-0.882882882882882747	0.142873398805846069
-0.879879879879879923	0.156972747372212451
-0.876876876876877098	0.175771878794034303
-0.87387387387387383	0.149453094803483705
-0.870870870870871006	0.157912703943303562
-0.867867867867867737	0.12971400681057077
-0.864864864864864913	0.140053529092572793
-0.861861861861862089	0.176711835365125414
-0.85885885885885882	0.156032790801121368
-0.855855855855855996	0.177651791936216497
-0.852852852852852727	0.130653963381661853
-0.849849849849849903	0.151333007945665898
-0.846846846846847079	0.16543235651203228
-0.843843843843843811	0.158852660514394645
-0.840840840840840986	0.156972747372212451
-0.837837837837837718	0.16543235651203228
-0.834834834834834894	0.144753311948028263
-0.831831831831832069	0.140053529092572793
-0.828828828828828801	0.159792617085485728
-0.825825825825825977	0.144753311948028263
-0.822822822822822708	0.145693268519119346
-0.819819819819819884	0.149453094803483705
-0.816816816816816615	0.176711835365125414
-0.813813813813813791	0.160732573656576838
-0.810810810810810967	0.185171444504945243
-0.807807807807807698	0.17953170507839869
-0.804804804804804874	0.163552443369850115
-0.801801801801801606	0.185171444504945243
-0.798798798798798781	0.205850489068949261
-0.795795795795795957	0.150393051374574815
-0.792792792792792689	0.156032790801121368
-0.789789789789789864	0.164492399940941197
-0.786786786786786596	0.193631053644765072
-0.783783783783783772	0.183291531362763049
-0.780780780780780947	0.189871227360400685
-0.777777777777777679	0.17013213936748775
-0.774774774774774855	0.199270793071311625
-0.771771771771771586	0.183291531362763049
-0.768768768768768762	0.196450923358038348
-0.765765765765765938	0.156972747372212451
-0.762762762762762669	0.193631053644765072
-0.759759759759759845	0.182351574791671966
-0.756756756756756577	0.17953170507839869
-0.753753753753753752	0.214310098208769118
-0.750750750750750928	0.205850489068949261
-0.74774774774774766	0.175771878794034303
-0.744744744744744835	0.196450923358038348
-0.741741741741741567	0.185171444504945243
-0.738738738738738743	0.204910532497858178
-0.735735735735735918	0.203970575926767095
-0.73273273273273265	0.184231487933854132
-0.729729729729729826	0.190811183931491796
-0.726726726726726557	0.185171444504945243
-0.723723723723723733	0.229349403346226582
-0.720720720720720909	0.203030619355675984
-0.71771771771771764	0.203030619355675984
-0.714714714714714816	0.201150706213493818
-0.711711711711711548	0.201150706213493818
-0.708708708708708723	0.209610315353313648
-0.705705705705705899	0.202090662784584901
-0.702702702702702631	0.208670358782222537
-0.699699699699699806	0.221829750777497836
-0.696696696696696538	0.189871227360400685
-0.693693693693693714	0.187051357647127409
-0.690690690690690889	0.234049186201682052
-0.687687687687687621	0.234989142772773135
-0.684684684684684797	0.217129967922042394
-0.681681681681681528	0.203970575926767095
-0.678678678678678704	0.25942801362114154
-0.67567567567567588	0.2284094467751355
-0.672672672672672611	0.217129967922042394
-0.669669669669669787	0.218069924493133477
-0.666666666666666519	0.242508795341501882
-0.663663663663663694	0.222769707348588947
-0.66066066066066087	0.224649620490771113
-0.657657657657657602	0.218069924493133477
-0.654654654654654777	0.234989142772773135
-0.651651651651651509	0.240628882199319688
-0.648648648648648685	0.234049186201682052
-0.64564564564564586	0.241568838770410799
-0.642642642642642592	0.293266450180420857
-0.639639639639639768	0.226529533632953306
-0.636636636636636499	0.256608143907868291
-0.633633633633633675	0.248148534768048434
-0.630630630630630851	0.248148534768048434
-0.627627627627627582	0.244388708483684075
-0.624624624624624758	0.256608143907868291
-0.62162162162162149	0.263187839905505927
-0.618618618618618665	0.285746797611692138
-0.615615615615615841	0.284806841040601055
-0.612612612612612573	0.262247883334414844
-0.609609609609609748	0.258488057050050457
-0.60660660660660648	0.288566667324965442
-0.603603603603603656	0.260367970192232623
-0.600600600600600831	0.251908361052412821
-0.597597597597597563	0.285746797611692138
-0.594594594594594739	0.294206406751511995
-0.59159159159159147	0.29890618960696741
-0.588588588588588646	0.276347231900781198
-0.585585585585585822	0.290446580467147608
-0.582582582582582553	0.257548100478959374
-0.579579579579579729	0.272587405616416867
-0.576576576576576461	0.274467318758599033
-0.573573573573573636	0.300786102749149631
-0.570570570570570812	0.323345060455335842
-0.567567567567567544	0.27352736218750795
-0.564564564564564719	0.304545929033514018
-0.561561561561561451	0.293266450180420857
-0.558558558558558627	0.279167101614054503
-0.555555555555555358	0.338384365592793335
-0.552552552552552534	0.306425842175696184
-0.54954954954954971	0.302666015891331797
-0.546546546546546441	0.313945494744424902
-0.543543543543543617	0.296086319893694161
-0.540540540540540349	0.295146363322603078
-0.537537537537537524	0.344024105019339888
-0.5345345345345347	0.307365798746787267
-0.531531531531531432	0.319585234170971455
-0.528528528528528607	0.331804669595155699
-0.525525525525525339	0.344024105019339888
-0.522522522522522515	0.335564495879520031
-0.51951951951951969	0.352483714159159689
-0.516516516516516422	0.358123453585706242
-0.513513513513513598	0.351543757588068606
-0.510510510510510329	0.316765364457698206
-0.507507507507507505	0.360003366727888463
-0.504504504504504681	0.366583062725526099
-0.501501501501501412	0.352483714159159689
-0.498498498498498588	0.329924756452973478
-0.495495495495495319	0.383502281005165757
-0.492492492492492495	0.375982628436437039
-0.489489489489489671	0.382562324434074674
-0.486486486486486402	0.35436362730134191
-0.483483483483483578	0.376922585007528121
-0.48048048048048031	0.381622367862983591
-0.477477477477477485	0.409821064995716355
-0.474474474474474661	0.376922585007528121
-0.471471471471471393	0.367523019296617182
-0.468468468468468568	0.432380022701902567
-0.4654654654654653	0.39384180328716778
-0.462462462462462476	0.391961890144985614
-0.459459459459459651	0.414520847851171825
-0.456456456456456383	0.420160587277718378
-0.453453453453453559	0.432380022701902567
-0.45045045045045029	0.437079805557358037
-0.447447447447447466	0.413580891280080742
-0.444444444444444642	0.415460804422262908
-0.441441441441441373	0.425800326704264931
-0.438438438438438549	0.440839631841722424
-0.435435435435435281	0.426740283275356014
-0.432432432432432456	0.440839631841722424
-0.429429429429429632	0.422980456990991682
-0.426426426426426364	0.492537243251732482
-0.423423423423423539	0.468098372403364105
-0.420420420420420271	0.480317807827548293
-0.417417417417417447	0.477497938114275045
-0.414414414414414622	0.461518676405726469
-0.411411411411411354	0.5000568958204612
-0.40840840840840853	0.51415624438682761
-0.405405405405405261	0.497237026107187952
-0.402402402402402437	0.50475667867591667
-0.399399399399399613	0.520735940384465246
-0.396396396396396344	0.52355581009773855
-0.39339339339339352	0.524495766668829688
-0.390390390390390252	0.47937785125645721
-0.387387387387387427	0.529195549524285158
-0.384384384384384603	0.478437894685366127
-0.381381381381381335	0.519795983813374218
-0.37837837837837851	0.572433551794475415
-0.375375375375375242	0.531075462666467324
-0.372372372372372418	0.541414984948469291
-0.369369369369369593	0.557394246657017867
-0.366366366366366325	0.545174811232833734
-0.363363363363363501	0.547054724375015899
-0.360360360360360232	0.548934637517198065
-0.357357357357357408	0.577133334649930885
-0.354354354354354584	0.581833117505386244
-0.351351351351351315	0.566793812367928806
-0.348348348348348491	0.594052552929570488
-0.345345345345345223	0.64387025119739838
-0.342342342342342398	0.605332031782663593
-0.339339339339339574	0.610031814638119063
-0.336336336336336306	0.65326981690830932
-0.333333333333333481	0.599692292356117096
-0.330330330330330213	0.63917046834194291
-0.327327327327327389	0.632590772344305274
-0.324324324324324564	0.661729426048129121
-0.321321321321321296	0.692747992894135245
-0.318318318318318472	0.661729426048129121
-0.315315315315315203	0.685228340325406471
-0.312312312312312379	0.646690120910671684
-0.309309309309309555	0.72282660316905023
-0.306306306306306286	0.730346255737778893
-0.303303303303303462	0.681468514041042139
-0.300300300300300194	0.766064605439240487
-0.297297297297297369	0.703087515176137212
-0.294294294294294101	0.699327688891772881
-0.291291291291291277	0.725646472882323423
-0.288288288288288452	0.776404127721242454
-0.285285285285285184	0.775464171150151316
-0.28228228228228236	0.736925951735416529
-0.279279279279279091	0.770764388294695957
-0.276276276276276267	0.771704344865786984
-0.273273273273273443	0.757604996299420574
-0.270270270270270174	0.818702173420341572
-0.26726726726726735	0.832801521986707982
-0.264264264264264082	0.799903041998519804
-0.261261261261261257	0.823401956275797042
-0.258258258258258433	0.876979480827989377
-0.255255255255255165	0.825281869417979319
-0.25225225225225234	0.845960913981983365
-0.249249249249249072	0.833741478557799121
-0.246246246246246248	0.879799350541262681
-0.243243243243243423	0.916457656813815302
-0.240240240240240155	0.845960913981983365
-0.237237237237237331	0.951236049944185647
-0.234234234234234062	0.909877960816177556
-0.231231231231231238	0.934316831664546044
-0.228228228228228414	0.96815526822382536
-0.225225225225225145	0.937136701377819237
-0.222222222222222321	0.931496961951272739
-0.219219219219219053	0.954055919657458951
-0.216216216216216228	0.964395441939460918
-0.213213213213213404	0.990714225930011572
-0.210210210210210136	1.02267274934710861
-0.207207207207207311	0.998233878498740346
-0.204204204204204043	1.02361270591819986
-0.201201201201201219	1.03959196762674844
-0.198198198198198394	1.0640308384751167
-0.195195195195195126	1.08095005675475653
-0.192192192192192302	1.03207231505801955
-0.189189189189189033	1.05275135962202371
-0.186186186186186209	1.1110286670296714
-0.183183183183183385	1.05087144647984143
-0.180180180180180116	1.10162910131876046
-0.177177177177177292	1.1082087973163981
-0.174174174174174023	1.20596428070987183
-0.171171171171171199	1.14110727730458628
-0.168168168168168375	1.12324810245385565
-0.165165165165165106	1.18058545329041231
-0.162162162162162282	1.19750467157005192
-0.159159159159159014	1.20408436756768955
-0.156156156156156189	1.21160402013641821
-0.153153153153153365	1.18528523614586767
-0.150150150150150097	1.02549261906038192
-0.147147147147147273	0.923977309382543965
-0.144144144144144004	0.957815745941823282
-0.14114114114114118	0.887319003109991344
-0.138138138138138356	0.841261131126527895
-0.135135135135135087	0.772644301436878123
-0.132132132132132263	0.78298382371888009
-0.129129129129128994	0.743505647733054165
-0.12612612612612617	0.657029643192673651
-0.123123123123123346	0.703087515176137212
-0.120120120120120077	0.585592943789750686
-0.117117117117117253	0.582773074076477382
-0.114114114114113985	0.592172639787388322
-0.11111111111111116	0.547994680946106927
-0.108108108108108336	0.547054724375015899
-0.105105105105105068	0.491597286680641399
-0.102102102102102243	0.455878936979179916
-0.0990990990990989751	0.437079805557358037
-0.0960960960960961508	0.428620196417538235
-0.0930930930930933265	0.382562324434074674
-0.0900900900900900581	0.374102715294254817
-0.0870870870870872338	0.346843974732613136
-0.0840840840840839654	0.376922585007528121
-0.0810810810810811411	0.300786102749149631
-0.0780780780780783168	0.305485885604605101
-0.0750750750750750484	0.280107058185145585
-0.0720720720720722241	0.286686754182783221
-0.0690690690690689557	0.236869055914955329
-0.0660660660660661314	0.22370966391968003
-0.0630630630630633071	0.202090662784584901
-0.0600600600600600387	0.203030619355675984
-0.0570570570570572144	0.189871227360400685
-0.054054054054053946	0.173891965651852137
-0.0510510510510511217	0.13911357252148171
-0.0480480480480478533	0.154152877658939175
-0.045045045045045029	0.120314441099659844
-0.0420420420420422047	0.109034962246566738
-0.0390390390390389364	0.110914875388748918
-0.0360360360360361121	0.0836561348271072369
-0.0330330330330328437	0.102455266248929089
-0.0300300300300300194	0.0582773074076477424
-0.0270270270270271951	0.0545174811232833692
-0.0240240240240239267	0.0451179154123724432
-0.0210210210210211024	0.0469978285545546298
-0.018018018018017834	0.0451179154123724432
-0.0150150150150150097	0.0328984799881882409
-0.0120120120120121854	0.0197390879929129452
-0.00900900900900891699	0.0112794788530931108
-0.00600600600600609269	0.0103395222820020175
-0.0030030030030028243	0.00563973942654655541
0	0
0.0030030030030028243	0.0028198697132732777
0.00600600600600609269	0.00657969599763764783
0.00900900900900891699	0.00939956571091092596
0.0120120120120121854	0.0140993485663663889
0.0150150150150150097	0.0338384365592793307
0.018018018018017834	0.0404181325569169803
0.0210210210210211024	0.0366583062725526071
0.0240240240240239267	0.0479377851256457196
0.0270270270270271951	0.055457437694374459
0.0300300300300300194	0.060157220549829922
0.0330330330330328437	0.0808362651138339605
0.0360360360360361121	0.0930557005380181629
0.0390390390390389364	0.0939956571091092596
0.0420420420420422047	0.12313431081293312
0.045045045045045029	0.13911357252148171
0.0480480480480478533	0.12313431081293312
0.0510510510510511217	0.159792617085485728
0.054054054054053946	0.142873398805846069
0.0570570570570572144	0.16543235651203228
0.0600600600600600387	0.208670358782222537
0.063063063063062863	0.218069924493133477
0.0660660660660661314	0.217129967922042394
0.0690690690690689557	0.271647449045325728
0.0720720720720722241	0.269767535903143563
0.0750750750750750484	0.272587405616416867
0.0780780780780778727	0.294206406751511995
0.0810810810810811411	0.313945494744424902
0.0840840840840839654	0.341204235306066583
0.0870870870870872338	0.375042671865345956
0.0900900900900900581	0.366583062725526099
0.0930930930930928824	0.40324136899807872
0.0960960960960961508	0.449299240981542225
0.0990990990990989751	0.432380022701902567
0.102102102102102243	0.442719544983904589
0.105105105105105068	0.516976114100100914
0.108108108108107892	0.519795983813374218
0.11111111111111116	0.531075462666467324
0.114114114114113985	0.580893160934295216
0.117117117117117253	0.591232683216297183
0.120120120120120077	0.637290555199760744
0.123123123123122902	0.638230511770851883
0.12612612612612617	0.691808036323044107
0.129129129129128994	0.721886646597959092
0.132132132132132263	0.800842998569610831
0.135135135135135087	0.782043867147789062
0.138138138138137911	0.809302607709430744
0.14114114114114118	0.856300436263985332
0.144144144144144004	0.949356136802003481
0.147147147147147273	0.911757873958359832
0.150150150150150097	1.10162910131876046
0.153153153153152921	1.15332671272877052
0.156156156156156189	1.29338024182134337
0.159159159159159014	1.25108219612224425
0.162162162162162282	1.18058545329041231
0.165165165165165106	1.11854831959840006
0.168168168168167931	1.16178632186859043
0.171171171171171199	1.20972410699423616
0.174174174174174023	1.14392714701785958
0.177177177177177292	1.11008871045858037
0.180180180180180116	1.14674701673113288
0.18318318318318294	1.14674701673113288
0.186186186186186209	1.11196862360076243
0.189189189189189033	1.10632888417421604
0.192192192192192302	1.08470988303912086
0.195195195195195126	1.03865201105565719
0.19819819819819795	1.03677209791347513
0.201201201201201219	1.02925244534474647
0.204204204204204043	1.02267274934710861
0.207207207207207311	1.00857340078074231
0.210210210210210136	0.971915094508189692
0.213213213213213404	0.975674920792554135
0.216216216216216228	0.956875789370732255
0.219219219219219053	1.01045331392292459
0.222222222222222321	0.955935832799641116
0.225225225225225145	0.925857222524726131
0.228228228228228414	1.00951335735183334
0.231231231231231238	0.958755702512914421
0.234234234234234062	0.96815526822382536
0.237237237237237331	0.908938004245086528
0.240240240240240155	0.879799350541262681
0.243243243243243423	0.90799804767399539
0.246246246246246248	0.89859848196308445
0.249249249249249072	0.861000219119440802
0.25225225225225234	0.841261131126527895
0.255255255255255165	0.911757873958359832
0.258258258258258433	0.822461999704706015
0.261261261261261257	0.882619220254535874
0.264264264264264082	0.833741478557799121
0.26726726726726735	0.806482737996157439
0.270270270270270174	0.77358425800796915
0.273273273273273443	0.76888447515251368
0.276276276276276267	0.783923780289971228
0.279279279279279091	0.805542781425066301
0.28228228228228236	0.774524214579060288
0.285285285285285184	0.724706516311232396
0.288288288288288452	0.762304779154876044
0.291291291291291277	0.741625734590871999
0.294294294294294101	0.748205430588509635
0.297297297297297369	0.751965256872874077
0.300300300300300194	0.682408470612133167
0.303303303303303462	0.696507819178499576
0.306306306306306286	0.709667211173774848
0.309309309309309111	0.70872725460268382
0.312312312312312379	0.682408470612133167
0.315315315315315203	0.655149730050491486
0.318318318318318472	0.663609339190311398
0.321321321321321296	0.668309122045766868
0.32432432432432412	0.673948861472313365
0.327327327327327389	0.641050381484125076
0.330330330330330213	0.609091858067028036
0.333333333333333481	0.624131163204485473
0.336336336336336306	0.613791640922483395
0.33933933933933913	0.618491423777938865
0.342342342342342398	0.610971771209210202
0.345345345345345223	0.555514333514835701
0.348348348348348491	0.619431380349030003
0.351351351351351315	0.613791640922483395
0.35435435435435414	0.574313464936657581
0.357357357357357408	0.564913899225746641
0.360360360360360232	0.556454290085926839
0.363363363363363501	0.527315636382102881
0.366366366366366325	0.563033986083564475
0.369369369369369149	0.573373508365566442
0.372372372372372418	0.531075462666467324
0.375375375375375242	0.539535071806287125
0.37837837837837851	0.505696635247007809
0.381381381381381335	0.495357112965005786
0.384384384384384159	0.501936808962643477
0.387387387387387427	0.487837460396277067
0.390390390390390252	0.515096200957918748
0.39339339339339352	0.52825559295319402
0.396396396396396344	0.466218459261181939
0.399399399399399169	0.482197720969730459
0.402402402402402437	0.498176982678279034
0.405405405405405261	0.490657330109550316
0.40840840840840853	0.501936808962643477
0.411411411411411354	0.466218459261181939
0.414414414414414178	0.456818893550270999
0.417417417417417447	0.453059067265906612
0.420420420420420271	0.469038328974455188
0.423423423423423539	0.489717373538459233
0.426426426426426364	0.510396418102463278
0.429429429429429188	0.445539414697177893
0.432432432432432456	0.435199892415175871
0.435435435435435281	0.466218459261181939
0.438438438438438549	0.444599458126086811
0.441441441441441373	0.431440066130811484
0.444444444444444198	0.421100543848809461
0.447447447447447466	0.438959718699540202
0.45045045045045029	0.432380022701902567
0.453453453453453559	0.467158415832273022
0.456456456456456383	0.390081977002803393
0.459459459459459651	0.428620196417538235
0.462462462462462476	0.415460804422262908
0.4654654654654653	0.40794115185353419
0.468468468468468568	0.414520847851171825
0.471471471471471393	0.391021933573894531
0.474474474474474661	0.405121282140260885
0.477477477477477485	0.388202063860621227
0.48048048048048031	0.383502281005165757
0.483483483483483578	0.40324136899807872
0.486486486486486402	0.376922585007528121
0.489489489489489671	0.392901846716076697
0.492492492492492495	0.380682411291892508
0.495495495495495319	0.371282845580981569
0.498498498498498588	0.383502281005165757
0.501501501501501412	0.360943323298979546
0.504504504504504681	0.366583062725526099
0.507507507507507505	0.34966384444588644
0.510510510510510329	0.368462975867708264
0.513513513513513598	0.364703149583343933
0.516516516516516422	0.332744626166246782
0.51951951951951969	0.350603801016977523
0.522522522522522515	0.343084148448248805
0.525525525525525339	0.346843974732613136
0.528528528528528607	0.353423670730250827
0.531531531531531432	0.317705321028789289
0.5345345345345347	0.328044843310791312
0.537537537537537524	0.323345060455335842
0.540540540540540349	0.313005538173333819
0.543543543543543617	0.319585234170971455
0.546546546546546441	0.312065581602242736
0.54954954954954971	0.319585234170971455
0.552552552552552534	0.299846146178058548
0.555555555555555358	0.326164930168609146
0.558558558558558627	0.338384365592793335
0.561561561561561451	0.315825407886607123
0.564564564564564719	0.289506623896056525
0.567567567567567544	0.281986971327327751
0.570570570570570368	0.295146363322603078
0.573573573573573636	0.289506623896056525
0.576576576576576461	0.275407275329690115
0.579579579579579729	0.265067753047688093
0.582582582582582553	0.301726059320240714
0.585585585585585378	0.27352736218750795
0.588588588588588646	0.286686754182783221
0.59159159159159147	0.301726059320240714
0.594594594594594739	0.26412779647659701
0.597597597597597563	0.26412779647659701
0.600600600600600387	0.281986971327327751
0.603603603603603656	0.260367970192232623
0.60660660660660648	0.271647449045325728
0.609609609609609748	0.262247883334414844
0.612612612612612573	0.256608143907868291
0.615615615615615397	0.258488057050050457
0.618618618618618665	0.246268621625866241
0.62162162162162149	0.236869055914955329
0.624624624624624758	0.250968404481321739
0.627627627627627582	0.267887622760961397
0.630630630630630407	0.235929099343864246
0.633633633633633675	0.267887622760961397
0.636636636636636499	0.25472823076568607
0.639639639639639768	0.266007709618779176
0.642642642642642592	0.234989142772773135
0.645645645645645416	0.243448751912592964
0.648648648648648685	0.230289359917317665
0.651651651651651509	0.217129967922042394
0.654654654654654777	0.231229316488408776
0.657657657657657602	0.237809012486046412
0.660660660660660426	0.232169273059499859
0.663663663663663694	0.232169273059499859
0.666666666666666519	0.21994983763531567
0.669669669669669787	0.214310098208769118
0.672672672672672611	0.236869055914955329
0.675675675675675436	0.187991314218218519
0.678678678678678704	0.251908361052412821
0.681681681681681528	0.214310098208769118
0.684684684684684797	0.224649620490771113
0.687687687687687621	0.209610315353313648
0.690690690690690445	0.21900988106422456
0.693693693693693714	0.206790445640040371
0.696696696696696538	0.216190011350951283
0.699699699699699806	0.189871227360400685
0.702702702702702631	0.213370141637678007
0.705705705705705455	0.194571010215856155
0.708708708708708723	0.198330836500220542
0.711711711711711548	0.198330836500220542
0.714714714714714816	0.226529533632953306
0.71771771771771764	0.212430185066586924
0.720720720720720909	0.197390879929129431
0.723723723723723733	0.193631053644765072
0.726726726726726557	0.177651791936216497
0.729729729729729826	0.199270793071311625
0.73273273273273265	0.198330836500220542
0.735735735735735918	0.201150706213493818
0.738738738738738743	0.213370141637678007
0.741741741741741567	0.189871227360400685
0.744744744744744835	0.187051357647127409
0.74774774774774766	0.194571010215856155
0.750750750750750928	0.201150706213493818
0.753753753753753752	0.177651791936216497
0.756756756756756577	0.172012052509669944
0.759759759759759845	0.178591748507307579
0.762762762762762669	0.161672530227667921
0.765765765765765938	0.146633225090210428
0.768768768768768762	0.173891965651852137
0.771771771771771586	0.191751140502582879
0.774774774774774855	0.189871227360400685
0.777777777777777679	0.196450923358038348
0.780780780780780947	0.186111401076036326
0.783783783783783772	0.163552443369850115
0.786786786786786596	0.161672530227667921
0.789789789789789864	0.171072095938578861
0.792792792792792689	0.17953170507839869
0.795795795795795957	0.196450923358038348
0.798798798798798781	0.16543235651203228
0.801801801801801606	0.192691097073673989
0.804804804804804874	0.17483192222294322
0.807807807807807698	0.147573181661301539
0.810810810810810967	0.155092834230030285
0.813813813813813791	0.13441378966602624
0.816816816816816615	0.154152877658939175
0.819819819819819884	0.160732573656576838
0.822822822822822708	0.128774050239479687
0.825825825825825977	0.150393051374574815
0.828828828828828801	0.172952009080761027
0.831831831831831625	0.183291531362763049
0.834834834834834894	0.166372313083123391
0.837837837837837718	0.173891965651852137
0.840840840840840986	0.149453094803483705
0.843843843843843811	0.152272964516757009
0.846846846846846635	0.143813355376937152
0.849849849849849903	0.159792617085485728
0.852852852852852727	0.159792617085485728
0.855855855855855996	0.149453094803483705
0.85885885885885882	0.144753311948028263
0.861861861861861644	0.176711835365125414
0.864864864864864913	0.164492399940941197
0.867867867867867737	0.176711835365125414
0.870870870870871006	0.167312269654214474
0.87387387387387383	0.152272964516757009
0.876876876876876654	0.154152877658939175
0.879879879879879923	0.135353746237117323
0.882882882882882747	0.127834093668388576
0.885885885885886015	0.13441378966602624
0.88888888888888884	0.151333007945665898
0.891891891891891664	0.159792617085485728
0.894894894894894932	0.154152877658939175
0.897897897897897757	0.149453094803483705
0.900900900900901025	0.171072095938578861
0.903903903903903849	0.153212921087848092
0.906906906906906674	0.149453094803483705
0.909909909909909942	0.125954180526206411
0.912912912912912766	0.109974918817657835
0.915915915915916035	0.151333007945665898
0.918918918918918859	0.117494571386386568
0.921921921921921683	0.152272964516757009
0.924924924924924952	0.158852660514394645
0.927927927927927776	0.155092834230030285
0.930930930930931044	0.111854831959840015
0.933933933933933869	0.143813355376937152
0.936936936936936693	0.136293702808208433
0.939939939939939961	0.151333007945665898
0.942942942942942786	0.118434527957477664
0.945945945945946054	0.151333007945665898
0.948948948948948878	0.151333007945665898
0.951951951951951703	0.13911357252148171
0.954954954954954971	0.116554614815295485
0.957957957957957795	0.141933442234754986
0.960960960960961064	0.13441378966602624
0.963963963963963888	0.131593919952752963
0.966966966966966712	0.140053529092572793
0.969969969969969981	0.127834093668388576
0.972972972972972805	0.148513138232392622
0.975975975975976073	0.117494571386386568
0.978978978978978898	0.120314441099659844
0.981981981981982166	0.128774050239479687
0.98498498498498499	0.116554614815295485
0.987987987987987815	0.12971400681057077
0.990990990990991083	0.103395222820020186
0.993993993993993907	0.127834093668388576
0.996996996996997176	0.114674701673113291
1	0.12971400681057077
1.00300300300300282	0.131593919952752963
1.00600600600600565	0.125954180526206411
1.00900900900900936	0.109974918817657835
1.01201201201201219	0.13911357252148171
1.01501501501501501	0.145693268519119346
1.01801801801801783	0.127834093668388576
1.02102102102102066	0.120314441099659844
1.02402402402402437	0.116554614815295485
1.0270270270270272	0.110914875388748918
1.03003003003003002	0.12313431081293312
1.03303303303303284	0.102455266248929089
1.03603603603603567	0.133473833094935157
1.03903903903903938	0.112794788530931112
1.0420420420420422	0.103395222820020186
1.04504504504504503	0.112794788530931112
1.04804804804804785	0.0986954399645647157
1.05105105105105068	0.109974918817657835
1.05405405405405439	0.124074267384024217
1.05705705705705721	0.117494571386386568
1.06006006006006004	0.104335179391111268
1.06306306306306286	0.116554614815295485
1.06606606606606569	0.121254397670750941
1.0690690690690694	0.112794788530931112
1.07207207207207222	0.125954180526206411
1.07507507507507505	0.116554614815295485
1.07807807807807787	0.0911757873958359832
1.0810810810810807	0.102455266248929089
1.08408408408408441	0.0986954399645647157
1.08708708708708723	0.0996353965356558124
1.09009009009009006	0.111854831959840015
1.09309309309309288	0.104335179391111268
1.09609609609609571	0.100575353106746909
1.09909909909909942	0.100575353106746909
1.10210210210210224	0.111854831959840015
1.10510510510510507	0.114674701673113291
1.10810810810810789	0.111854831959840015
1.11111111111111072	0.105275135962202365
1.11411411411411443	0.100575353106746909
1.11711711711711725	0.110914875388748918
1.12012012012012008	0.0911757873958359832
1.1231231231231229	0.107155049104384559
1.12612612612612573	0.110914875388748918
1.12912912912912944	0.103395222820020186
1.13213213213213226	0.107155049104384559
1.13513513513513509	0.109034962246566738
1.13813813813813791	0.0930557005380181629
1.14114114114114074	0.0949356136802003425
1.14414414414414445	0.0845960913981983337
1.14714714714714727	0.0902358308247448865
1.1501501501501501	0.102455266248929089
1.15315315315315292	0.0996353965356558124
1.15615615615615575	0.0958755702512914393
1.15915915915915946	0.0958755702512914393
1.16216216216216228	0.0883559176825627068
1.16516516516516511	0.102455266248929089
1.16816816816816793	0.0808362651138339605
1.17117117117117076	0.0855360479692894304
1.17417417417417447	0.0892958742536537897
1.17717717717717729	0.105275135962202365
1.18018018018018012	0.0958755702512914393
1.18318318318318294	0.0911757873958359832
1.18618618618618576	0.0874159611114716101
1.18918918918918948	0.107155049104384559
1.1921921921921923	0.0845960913981983337
1.19519519519519513	0.104335179391111268
1.19819819819819795	0.0921157439669270661
1.20120120120120077	0.0930557005380181629
1.20420420420420449	0.0911757873958359832
1.20720720720720731	0.0780163954005606841
1.21021021021021014	0.104335179391111268
1.21321321321321296	0.0808362651138339605
1.21621621621621578	0.0883559176825627068
1.2192192192192195	0.0770764388294695874
1.22222222222222232	0.0883559176825627068
1.22522522522522515	0.0977554833934736328
1.22822822822822797	0.0939956571091092596
1.23123123123123079	0.0817762216849250573
1.23423423423423451	0.0827161782560161402
1.23723723723723733	0.0921157439669270661
1.24024024024024015	0.103395222820020186
1.24324324324324298	0.0977554833934736328
1.2462462462462458	0.0883559176825627068
1.24924924924924952	0.0902358308247448865
1.25225225225225234	0.0676768731185586614
1.25525525525525516	0.0798963085427428638
1.25825825825825799	0.0817762216849250573
1.26126126126126081	0.0921157439669270661
1.26426426426426453	0.0845960913981983337
1.26726726726726735	0.0883559176825627068
1.27027027027027017	0.0958755702512914393
1.273273273273273	0.0958755702512914393
1.27627627627627582	0.0789563519716517809
1.27927927927927954	0.0836561348271072369
1.28228228228228236	0.0855360479692894304
1.28528528528528518	0.0827161782560161402
1.28828828828828801	0.0798963085427428638
1.29129129129129083	0.0827161782560161402
1.29429429429429455	0.0770764388294695874
1.29729729729729737	0.0770764388294695874
1.30030030030030019	0.0874159611114716101
1.30330330330330302	0.0714366994029230346
1.30630630630630584	0.0733166125451052142
1.30930930930930955	0.0751965256872874077
1.31231231231231238	0.0930557005380181629
1.3153153153153152	0.0789563519716517809
1.31831831831831803	0.074256569116196311
1.32132132132132085	0.0939956571091092596
1.32432432432432456	0.0874159611114716101
1.32732732732732739	0.0780163954005606841
1.33033033033033021	0.0827161782560161402
1.33333333333333304	0.074256569116196311
1.33633633633633586	0.0751965256872874077
1.33933933933933957	0.0874159611114716101
1.3423423423423424	0.0864760045403805133
1.34534534534534522	0.0855360479692894304
1.34834834834834805	0.0817762216849250573
1.35135135135135087	0.0836561348271072369
1.35435435435435458	0.0845960913981983337
1.35735735735735741	0.0827161782560161402
1.36036036036036023	0.0686168296896497582
1.36336336336336306	0.0676768731185586614
1.36636636636636677	0.0930557005380181629
1.36936936936936959	0.0789563519716517809
1.37237237237237242	0.0902358308247448865
1.37537537537537524	0.0789563519716517809
1.37837837837837807	0.0704967428318319378
1.38138138138138178	0.0808362651138339605
1.3843843843843846	0.0798963085427428638
1.38738738738738743	0.0620371336920121086
1.39039039039039025	0.0657969599763764817
1.39339339339339308	0.0751965256872874077
1.39639639639639679	0.0667369165474675785
1.39939939939939961	0.0723766559740141313
1.40240240240240244	0.0676768731185586614
1.40540540540540526	0.0714366994029230346
1.40840840840840809	0.0657969599763764817
1.4114114114114118	0.074256569116196311
1.41441441441441462	0.0695567862607408549
1.41741741741741745	0.0667369165474675785
1.42042042042042027	0.074256569116196311
1.4234234234234231	0.0657969599763764817
1.42642642642642681	0.0751965256872874077
1.42942942942942963	0.0723766559740141313
1.43243243243243246	0.0657969599763764817
1.43543543543543528	0.0620371336920121086
1.43843843843843811	0.0704967428318319378
1.44144144144144182	0.074256569116196311
1.44444444444444464	0.0695567862607408549
1.44744744744744747	0.0563973942654655558
1.45045045045045029	0.0751965256872874077
1.45345345345345311	0.0695567862607408549
1.45645645645645683	0.060157220549829922
1.45945945945945965	0.0545174811232833692
1.46246246246246248	0.0545174811232833692
1.4654654654654653	0.0686168296896497582
1.46846846846846812	0.0657969599763764817
1.47147147147147184	0.0780163954005606841
1.47447447447447466	0.0780163954005606841
1.47747747747747749	0.0695567862607408549
1.48048048048048031	0.064857003405285385
1.48348348348348313	0.0761364822583785045
1.48648648648648685	0.064857003405285385
1.48948948948948967	0.0676768731185586614
1.4924924924924925	0.0686168296896497582
1.49549549549549532	0.060157220549829922
1.49849849849849814	0.0686168296896497582
1.50150150150150186	0.0836561348271072369
1.50450450450450468	0.0573373508365566456
1.5075075075075075	0.0761364822583785045
1.51051051051051033	0.0620371336920121086
1.51351351351351315	0.0469978285545546298
1.51651651651651687	0.0563973942654655558
1.51951951951951969	0.064857003405285385
1.52252252252252251	0.0667369165474675785
1.52552552552552534	0.0573373508365566456
1.52852852852852816	0.074256569116196311
1.53153153153153188	0.0582773074076477424
1.5345345345345347	0.060157220549829922
1.53753753753753752	0.0676768731185586614
1.54054054054054035	0.0620371336920121086
1.54354354354354317	0.055457437694374459
1.54654654654654689	0.0451179154123724432
1.54954954954954971	0.0629770902631032053
1.55255255255255253	0.0563973942654655558
1.55555555555555536	0.0629770902631032053
1.55855855855855818	0.0479377851256457196
1.56156156156156189	0.0563973942654655558
1.56456456456456472	0.0667369165474675785
1.56756756756756754	0.060157220549829922
1.57057057057057037	0.0686168296896497582
1.57357357357357319	0.0535775245521922794
1.5765765765765769	0.0573373508365566456
1.57957957957957973	0.0667369165474675785
1.58258258258258255	0.0535775245521922794
1.58558558558558538	0.050757654838918996
1.5885885885885882	0.0592172639787388322
1.59159159159159191	0.0629770902631032053
1.59459459459459474	0.0479377851256457196
1.59759759759759756	0.0385382194147347937
1.60060060060060039	0.0545174811232833692
1.60360360360360321	0.0451179154123724432
1.60660660660660692	0.0592172639787388322
1.60960960960960975	0.0469978285545546298
1.61261261261261257	0.0545174811232833692
1.6156156156156154	0.0714366994029230346
1.61861861861861822	0.0657969599763764817
1.62162162162162193	0.0573373508365566456
1.62462462462462476	0.055457437694374459
1.62762762762762758	0.0582773074076477424
1.63063063063063041	0.0676768731185586614
1.63363363363363323	0.0432380022701902567
1.63663663663663694	0.0639170468341942882
1.63963963963963977	0.0488777416967368164
1.64264264264264259	0.0667369165474675785
1.64564564564564542	0.060157220549829922
1.64864864864864824	0.0563973942654655558
1.65165165165165195	0.064857003405285385
1.65465465465465478	0.060157220549829922
1.6576576576576576	0.0629770902631032053
1.66066066066066043	0.0479377851256457196
1.66366366366366325	0.0516976114100100928
1.66666666666666696	0.0545174811232833692
1.66966966966966979	0.0526375679811011826
1.67267267267267261	0.0563973942654655558
1.67567567567567544	0.0394781759858258904
1.67867867867867826	0.0498176982678279062
1.68168168168168197	0.0610971771209210188
1.6846846846846848	0.0563973942654655558
1.68768768768768762	0.064857003405285385
1.69069069069069045	0.0479377851256457196
1.69369369369369327	0.060157220549829922
1.69669669669669698	0.0422980456990991668
1.69969969969969981	0.0441779588412813534
1.70270270270270263	0.0488777416967368164
1.70570570570570545	0.0610971771209210188
1.70870870870870828	0.0479377851256457196
1.71171171171171199	0.0488777416967368164
1.71471471471471482	0.0592172639787388322
1.71771771771771764	0.0526375679811011826
1.72072072072072046	0.0441779588412813534
1.72372372372372329	0.0469978285545546298
1.726726726726727	0.0469978285545546298
1.72972972972972983	0.0535775245521922794
1.73273273273273265	0.0460578719834635331
1.73573573573573547	0.0498176982678279062
1.7387387387387383	0.0460578719834635331
1.74174174174174201	0.0357183497014615173
1.74474474474474484	0.0657969599763764817
1.74774774774774766	0.0469978285545546298
1.75075075075075048	0.0479377851256457196
1.75375375375375331	0.0441779588412813534
1.75675675675675702	0.0394781759858258904
1.75975975975975985	0.0488777416967368164
1.76276276276276267	0.0441779588412813534
1.76576576576576549	0.0441779588412813534
1.76876876876876832	0.0394781759858258904
1.77177177177177203	0.0526375679811011826
1.77477477477477485	0.0394781759858258904
1.77777777777777768	0.0460578719834635331
1.7807807807807805	0.0451179154123724432
1.78378378378378333	0.0385382194147347937
1.78678678678678704	0.0582773074076477424
1.78978978978978986	0.0441779588412813534
1.79279279279279269	0.0526375679811011826
1.79579579579579551	0.0545174811232833692
1.79879879879879834	0.0441779588412813534
1.80180180180180205	0.0451179154123724432
1.80480480480480487	0.0451179154123724432
1.8078078078078077	0.0460578719834635331
1.81081081081081052	0.0526375679811011826
1.81381381381381335	0.060157220549829922
1.81681681681681706	0.0432380022701902567
1.81981981981981988	0.0545174811232833692
1.82282282282282271	0.0357183497014615173
1.82582582582582553	0.0498176982678279062
1.82882882882882836	0.0432380022701902567
1.83183183183183207	0.050757654838918996
1.83483483483483489	0.0469978285545546298
1.83783783783783772	0.0610971771209210188
1.84084084084084054	0.0451179154123724432
1.84384384384384337	0.0498176982678279062
1.84684684684684708	0.0422980456990991668
1.8498498498498499	0.0535775245521922794
1.85285285285285273	0.0310185668460060543
1.85585585585585555	0.0460578719834635331
1.85885885885885838	0.0460578719834635331
1.86186186186186209	0.0413580891280080701
1.86486486486486491	0.0422980456990991668
1.86786786786786774	0.0498176982678279062
1.87087087087087056	0.0375982628436437039
1.87387387387387427	0.0469978285545546298
1.8768768768768771	0.0451179154123724432
1.87987987987987992	0.0385382194147347937
1.88288288288288275	0.0394781759858258904
1.88588588588588557	0.0422980456990991668
1.88888888888888928	0.0460578719834635331
1.89189189189189211	0.0432380022701902567
1.89489489489489493	0.0422980456990991668
1.89789789789789776	0.0432380022701902567
1.90090090090090058	0.0422980456990991668
1.90390390390390429	0.0404181325569169803
1.90690690690690712	0.0338384365592793307
1.90990990990990994	0.0460578719834635331
1.91291291291291277	0.0366583062725526071
1.91591591591591559	0.0451179154123724432
1.9189189189189193	0.0404181325569169803
1.92192192192192213	0.0479377851256457196
1.92492492492492495	0.0422980456990991668
1.92792792792792778	0.050757654838918996
1.9309309309309306	0.0244388708483684082
1.93393393393393431	0.0422980456990991668
1.93693693693693714	0.0357183497014615173
1.93993993993993996	0.0394781759858258904
1.94294294294294279	0.030078610274914961
1.94594594594594561	0.0394781759858258904
1.94894894894894932	0.0375982628436437039
1.95195195195195215	0.0357183497014615173
1.95495495495495497	0.0366583062725526071
1.9579579579579578	0.0328984799881882409
1.96096096096096062	0.0469978285545546298
1.96396396396396433	0.0366583062725526071
1.96696696696696716	0.0526375679811011826
1.96996996996996998	0.0413580891280080701
1.9729729729729728	0.0432380022701902567
1.97597597597597563	0.0441779588412813534
1.97897897897897934	0.0413580891280080701
1.98198198198198217	0.0432380022701902567
1.98498498498498499	0.0357183497014615173
1.98798798798798781	0.0357183497014615173
1.99099099099099064	0.0488777416967368164
1.99399399399399435	0.0375982628436437039
1.99699699699699718	0.0310185668460060543
2	0.050757654838918996
2.00300300300300282	0.0375982628436437039
2.00600600600600565	0.0375982628436437039
2.00900900900900936	0.0244388708483684082
2.01201201201201219	0.0441779588412813534
2.01501501501501501	0.0328984799881882409
2.01801801801801783	0.0460578719834635331
2.02102102102102066	0.0319585234170971441
2.02402402402402437	0.0375982628436437039
2.0270270270270272	0.0469978285545546298
2.03003003003003002	0.030078610274914961
2.03303303303303284	0.0385382194147347937
2.03603603603603567	0.0469978285545546298
2.03903903903903938	0.0281986971327327779
2.0420420420420422	0.0563973942654655558
2.04504504504504503	0.0347783931303704275
2.04804804804804785	0.0366583062725526071
2.05105105105105068	0.0413580891280080701
2.05405405405405439	0.0526375679811011826
2.05705705705705721	0.0441779588412813534
2.06006006006006004	0.0432380022701902567
2.06306306306306286	0.0347783931303704275
2.06606606606606569	0.0394781759858258904
2.0690690690690694	0.0460578719834635331
2.07207207207207222	0.0310185668460060543
2.07507507507507505	0.0479377851256457196
2.07807807807807787	0.0413580891280080701
2.0810810810810807	0.0347783931303704275
2.08408408408408441	0.0432380022701902567
2.08708708708708723	0.0498176982678279062
2.09009009009009006	0.0338384365592793307
2.09309309309309288	0.0422980456990991668
2.09609609609609571	0.0413580891280080701
2.09909909909909942	0.0291386537038238712
2.10210210210210224	0.0404181325569169803
2.10510510510510507	0.0357183497014615173
2.10810810810810789	0.030078610274914961
2.11111111111111072	0.0394781759858258904
2.11411411411411443	0.0310185668460060543
2.11711711711711725	0.0479377851256457196
2.12012012012012008	0.0394781759858258904
2.1231231231231229	0.030078610274914961
2.12612612612612573	0.0263187839905505913
2.12912912912912944	0.0357183497014615173
2.13213213213213226	0.0328984799881882409
2.13513513513513509	0.0394781759858258904
2.13813813813813791	0.0404181325569169803
2.14114114114114074	0.0244388708483684082
2.14414414414414445	0.0319585234170971441
2.14714714714714727	0.0291386537038238712
2.1501501501501501	0.0375982628436437039
2.15315315315315292	0.0347783931303704275
2.15615615615615575	0.0375982628436437039
2.15915915915915946	0.025378827419459498
2.16216216216216228	0.0375982628436437039
2.16516516516516511	0.0338384365592793307
2.16816816816816793	0.0385382194147347937
2.17117117117117076	0.0291386537038238712
2.17417417417417447	0.0281986971327327779
2.17717717717717729	0.0469978285545546298
2.18018018018018012	0.0328984799881882409
2.18318318318318294	0.0375982628436437039
2.18618618618618576	0.0291386537038238712
2.18918918918918948	0.0328984799881882409
2.1921921921921923	0.0385382194147347937
2.19519519519519513	0.0441779588412813534
2.19819819819819795	0.0357183497014615173
2.20120120120120077	0.0385382194147347937
2.20420420420420449	0.0375982628436437039
2.20720720720720731	0.0281986971327327779
2.21021021021021014	0.030078610274914961
2.21321321321321296	0.0357183497014615173
2.21621621621621578	0.0310185668460060543
2.2192192192192195	0.0422980456990991668
2.22222222222222232	0.0263187839905505913
2.22522522522522515	0.0319585234170971441
2.22822822822822797	0.0375982628436437039
2.23123123123123079	0.0272587405616416846
2.23423423423423451	0.0385382194147347937
2.23723723723723733	0.0366583062725526071
2.24024024024024015	0.0281986971327327779
2.24324324324324298	0.0441779588412813534
2.2462462462462458	0.025378827419459498
2.24924924924924952	0.0319585234170971441
2.25225225225225234	0.0357183497014615173
2.25525525525525516	0.0375982628436437039
2.25825825825825799	0.0281986971327327779
2.26126126126126081	0.0281986971327327779
2.26426426426426453	0.0310185668460060543
2.26726726726726735	0.0328984799881882409
2.27027027027027017	0.0432380022701902567
2.273273273273273	0.030078610274914961
2.27627627627627582	0.0319585234170971441
2.27927927927927954	0.0328984799881882409
2.28228228228228236	0.0272587405616416846
2.28528528528528518	0.0347783931303704275
2.28828828828828801	0.0291386537038238712
2.29129129129129083	0.0291386537038238712
2.29429429429429455	0.0366583062725526071
2.29729729729729737	0.0432380022701902567
2.30030030030030019	0.0263187839905505913
2.30330330330330302	0.0328984799881882409
2.30630630630630584	0.0338384365592793307
2.30930930930930955	0.0263187839905505913
2.31231231231231238	0.0310185668460060543
2.3153153153153152	0.0244388708483684082
2.31831831831831803	0.0328984799881882409
2.32132132132132085	0.0338384365592793307
2.32432432432432456	0.0272587405616416846
2.32732732732732739	0.0244388708483684082
2.33033033033033021	0.0291386537038238712
2.33333333333333304	0.0272587405616416846
2.33633633633633586	0.0319585234170971441
2.33933933933933957	0.030078610274914961
2.3423423423423424	0.0328984799881882409
2.34534534534534522	0.0281986971327327779
2.34834834834834805	0.0319585234170971441
2.35135135135135087	0.0263187839905505913
2.35435435435435458	0.0291386537038238712
2.35735735735735741	0.0328984799881882409
2.36036036036036023	0.0281986971327327779
2.36336336336336306	0.0291386537038238712
2.36636636636636588	0.0310185668460060543
2.36936936936936959	0.0319585234170971441
2.37237237237237242	0.0385382194147347937
2.37537537537537524	0.0357183497014615173
2.37837837837837807	0.0291386537038238712
2.38138138138138089	0.0310185668460060543
2.3843843843843846	0.0385382194147347937
2.38738738738738743	0.0404181325569169803
2.39039039039039025	0.0347783931303704275
2.39339339339339308	0.0272587405616416846
2.39639639639639679	0.0244388708483684082
2.39939939939939961	0.030078610274914961
2.40240240240240244	0.025378827419459498
2.40540540540540526	0.030078610274914961
2.40840840840840809	0.0347783931303704275
2.4114114114114118	0.0216190011350951283
2.41441441441441462	0.0347783931303704275
2.41741741741741745	0.0413580891280080701
2.42042042042042027	0.020679044564004035
2.4234234234234231	0.0244388708483684082
2.42642642642642681	0.0225589577061862216
2.42942942942942963	0.0197390879929129452
2.43243243243243246	0.0225589577061862216
2.43543543543543528	0.0328984799881882409
2.43843843843843811	0.0216190011350951283
2.44144144144144182	0.0272587405616416846
2.44444444444444464	0.0319585234170971441
2.44744744744744747	0.0338384365592793307
2.45045045045045029	0.0281986971327327779
2.45345345345345311	0.0291386537038238712
2.45645645645645683	0.0310185668460060543
2.45945945945945965	0.0310185668460060543
2.46246246246246248	0.0319585234170971441
2.4654654654654653	0.0310185668460060543
2.46846846846846812	0.0291386537038238712
2.47147147147147184	0.0310185668460060543
2.47447447447447466	0.0244388708483684082
2.47747747747747749	0.0281986971327327779
2.48048048048048031	0.0319585234170971441
2.48348348348348313	0.020679044564004035
2.48648648648648685	0.0338384365592793307
2.48948948948948967	0.0272587405616416846
2.4924924924924925	0.0328984799881882409
2.49549549549549532	0.0225589577061862216
2.49849849849849814	0.0338384365592793307
2.50150150150150186	0.0244388708483684082
2.50450450450450468	0.0244388708483684082
2.5075075075075075	0.0244388708483684082
2.51051051051051033	0.0272587405616416846
2.51351351351351315	0.0169192182796396653
2.51651651651651687	0.0272587405616416846
2.51951951951951969	0.0357183497014615173
2.52252252252252251	0.0244388708483684082
2.52552552552552534	0.0328984799881882409
2.52852852852852816	0.0216190011350951283
2.53153153153153188	0.0263187839905505913
2.5345345345345347	0.0272587405616416846
2.53753753753753752	0.0178591748507307586
2.54054054054054035	0.0310185668460060543
2.54354354354354317	0.0178591748507307586
2.54654654654654689	0.0263187839905505913
2.54954954954954971	0.020679044564004035
2.55255255255255253	0.0272587405616416846
2.55555555555555536	0.0347783931303704275
2.55855855855855818	0.0281986971327327779
2.56156156156156189	0.0272587405616416846
2.56456456456456472	0.030078610274914961
2.56756756756756754	0.025378827419459498
2.57057057057057037	0.0263187839905505913
2.57357357357357319	0.0225589577061862216
2.5765765765765769	0.0216190011350951283
2.57957957957957973	0.0234989142772773149
2.58258258258258255	0.0310185668460060543
2.58558558558558538	0.0234989142772773149
2.5885885885885882	0.0347783931303704275
2.59159159159159191	0.0169192182796396653
2.59459459459459474	0.025378827419459498
2.59759759759759756	0.0131593919952752957
2.60060060060060039	0.020679044564004035
2.60360360360360321	0.0244388708483684082
2.60660660660660692	0.030078610274914961
2.60960960960960975	0.0234989142772773149
2.61261261261261257	0.0244388708483684082
2.6156156156156154	0.0169192182796396653
2.61861861861861822	0.0244388708483684082
2.62162162162162193	0.0197390879929129452
2.62462462462462476	0.0347783931303704275
2.62762762762762758	0.0338384365592793307
2.63063063063063041	0.0225589577061862216
2.63363363363363323	0.0234989142772773149
2.63663663663663694	0.0263187839905505913
2.63963963963963977	0.0244388708483684082
2.64264264264264259	0.0281986971327327779
2.64564564564564542	0.0234989142772773149
2.64864864864864824	0.0272587405616416846
2.65165165165165195	0.0225589577061862216
2.65465465465465478	0.0281986971327327779
2.6576576576576576	0.0244388708483684082
2.66066066066066043	0.0244388708483684082
2.66366366366366325	0.0187991314218218519
2.66666666666666696	0.0225589577061862216
2.66966966966966979	0.0234989142772773149
2.67267267267267261	0.0216190011350951283
2.67567567567567544	0.0225589577061862216
2.67867867867867826	0.0272587405616416846
2.68168168168168197	0.0244388708483684082
2.6846846846846848	0.0225589577061862216
2.68768768768768762	0.0197390879929129452
2.69069069069069045	0.0357183497014615173
2.69369369369369327	0.0263187839905505913
2.69669669669669698	0.0263187839905505913
2.69969969969969981	0.0216190011350951283
2.70270270270270263	0.0159792617085485721
2.70570570570570545	0.0140993485663663889
2.70870870870870828	0.0216190011350951283
2.71171171171171199	0.0150393051374574805
2.71471471471471482	0.020679044564004035
2.71771771771771764	0.0281986971327327779
2.72072072072072046	0.0169192182796396653
2.72372372372372329	0.0178591748507307586
2.726726726726727	0.0385382194147347937
2.72972972972972983	0.0263187839905505913
2.73273273273273265	0.020679044564004035
2.73573573573573547	0.020679044564004035
2.7387387387387383	0.0263187839905505913
2.74174174174174201	0.0169192182796396653
2.74474474474474484	0.0319585234170971441
2.74774774774774766	0.0216190011350951283
2.75075075075075048	0.0234989142772773149
2.75375375375375331	0.0187991314218218519
2.75675675675675702	0.0263187839905505913
2.75975975975975985	0.0263187839905505913
2.76276276276276267	0.0244388708483684082
2.76576576576576549	0.0310185668460060543
2.76876876876876832	0.0216190011350951283
2.77177177177177203	0.0263187839905505913
2.77477477477477485	0.0169192182796396653
2.77777777777777768	0.0216190011350951283
2.7807807807807805	0.0319585234170971441
2.78378378378378333	0.0178591748507307586
2.78678678678678704	0.020679044564004035
2.78978978978978986	0.0234989142772773149
2.79279279279279269	0.0197390879929129452
2.79579579579579551	0.020679044564004035
2.79879879879879834	0.0234989142772773149
2.80180180180180205	0.0244388708483684082
2.80480480480480487	0.0244388708483684082
2.8078078078078077	0.0178591748507307586
2.81081081081081052	0.0178591748507307586
2.81381381381381335	0.025378827419459498
2.81681681681681706	0.0178591748507307586
2.81981981981981988	0.0140993485663663889
2.82282282282282271	0.0234989142772773149
2.82582582582582553	0.0216190011350951283
2.82882882882882836	0.0310185668460060543
2.83183183183183207	0.0225589577061862216
2.83483483483483489	0.0272587405616416846
2.83783783783783772	0.0216190011350951283
2.84084084084084054	0.0244388708483684082
2.84384384384384337	0.0169192182796396653
2.84684684684684708	0.0234989142772773149
2.8498498498498499	0.0281986971327327779
2.85285285285285273	0.0225589577061862216
2.85585585585585555	0.0187991314218218519
2.85885885885885838	0.0234989142772773149
2.86186186186186209	0.0216190011350951283
2.86486486486486491	0.020679044564004035
2.86786786786786774	0.0328984799881882409
2.87087087087087056	0.0244388708483684082
2.87387387387387339	0.0178591748507307586
2.8768768768768771	0.0169192182796396653
2.87987987987987992	0.0281986971327327779
2.88288288288288275	0.025378827419459498
2.88588588588588557	0.0272587405616416846
2.8888888888888884	0.0234989142772773149
2.89189189189189211	0.0197390879929129452
2.89489489489489493	0.030078610274914961
2.89789789789789776	0.0225589577061862216
2.90090090090090058	0.0244388708483684082
2.90390390390390429	0.0291386537038238712
2.90690690690690712	0.0187991314218218519
2.90990990990990994	0.0178591748507307586
2.91291291291291277	0.030078610274914961
2.91591591591591559	0.0244388708483684082
2.9189189189189193	0.0263187839905505913
2.92192192192192213	0.0216190011350951283
2.92492492492492495	0.020679044564004035
2.92792792792792778	0.0319585234170971441
2.9309309309309306	0.0197390879929129452
2.93393393393393431	0.0169192182796396653
2.93693693693693714	0.0310185668460060543
2.93993993993993996	0.0234989142772773149
2.94294294294294279	0.020679044564004035
2.94594594594594561	0.0187991314218218519
2.94894894894894932	0.0216190011350951283
2.95195195195195215	0.0272587405616416846
2.95495495495495497	0.0150393051374574805
2.9579579579579578	0.0140993485663663889
2.96096096096096062	0.0187991314218218519
2.96396396396396433	0.0187991314218218519
2.96696696696696716	0.0197390879929129452
2.96996996996996998	0.0272587405616416846
2.9729729729729728	0.020679044564004035
2.97597597597597563	0.0197390879929129452
2.97897897897897934	0.020679044564004035
2.98198198198198217	0.0234989142772773149
2.98498498498498499	0.0159792617085485721
2.98798798798798781	0.0225589577061862216
2.99099099099099064	0.0178591748507307586
2.99399399399399435	0.0263187839905505913
2.99699699699699718	0.0169192182796396653
3	0.0319585234170971441
