-3	0.0216488680453535247
-2.99699699699699718	0.0188251026481334981
-2.99399399399399391	0.0160013372509134749
-2.99099099099099108	0.0254138885749802257
-2.98798798798798781	0.01317757185369345
-2.98498498498498499	0.0263551437073869001
-2.98198198198198217	0.0150600821185067988
-2.9789789789789789	0.0197663577805401759
-2.97597597597597607	0.0207076129129468503
-2.9729729729729728	0.0225901231777601991
-2.96996996996996998	0.0263551437073869001
-2.96696696696696716	0.0216488680453535247
-2.96396396396396389	0.0225901231777601991
-2.96096096096096106	0.0188251026481334981
-2.9579579579579578	0.0188251026481334981
-2.95495495495495497	0.0178838475157268237
-2.95195195195195215	0.0225901231777601991
-2.94894894894894888	0.0188251026481334981
-2.94594594594594605	0.0254138885749802257
-2.94294294294294279	0.0150600821185067988
-2.93993993993993996	0.0216488680453535247
-2.93693693693693714	0.0301201642370135976
-2.93393393393393387	0.0188251026481334981
-2.93093093093093104	0.0216488680453535247
-2.92792792792792778	0.0197663577805401759
-2.92492492492492495	0.0169425923833201493
-2.92192192192192213	0.0112950615888800995
-2.91891891891891886	0.0150600821185067988
-2.91591591591591603	0.0160013372509134749
-2.91291291291291277	0.0188251026481334981
-2.90990990990990994	0.0197663577805401759
-2.90690690690690712	0.0197663577805401759
-2.90390390390390385	0.0197663577805401759
-2.90090090090090102	0.0235313783101668735
-2.89789789789789776	0.0197663577805401759
-2.89489489489489493	0.0263551437073869001
-2.89189189189189211	0.0272963988397935745
-2.88888888888888884	0.0141188269861001244
-2.88588588588588602	0.0235313783101668735
-2.88288288288288275	0.0122363167212867739
-2.87987987987987992	0.01317757185369345
-2.8768768768768771	0.0207076129129468503
-2.87387387387387383	0.0244726334425735478
-2.87087087087087101	0.0272963988397935745
-2.86786786786786774	0.0197663577805401759
-2.86486486486486491	0.0244726334425735478
-2.86186186186186209	0.0225901231777601991
-2.85885885885885882	0.0169425923833201493
-2.855855855855856	0.0244726334425735478
-2.85285285285285273	0.0244726334425735478
-2.8498498498498499	0.0188251026481334981
-2.84684684684684708	0.0160013372509134749
-2.84384384384384381	0.0254138885749802257
-2.84084084084084099	0.0254138885749802257
-2.83783783783783772	0.0235313783101668735
-2.83483483483483489	0.0235313783101668735
-2.83183183183183207	0.0188251026481334981
-2.8288288288288288	0.0216488680453535247
-2.82582582582582598	0.0282376539722002488
-2.82282282282282271	0.0254138885749802257
-2.81981981981981988	0.0169425923833201493
-2.81681681681681662	0.0263551437073869001
-2.81381381381381379	0.0141188269861001244
-2.81081081081081097	0.0178838475157268237
-2.8078078078078077	0.0207076129129468503
-2.80480480480480487	0.0216488680453535247
-2.80180180180180161	0.0160013372509134749
-2.79879879879879878	0.0197663577805401759
-2.79579579579579596	0.0188251026481334981
-2.79279279279279269	0.0150600821185067988
-2.78978978978978986	0.0188251026481334981
-2.7867867867867866	0.0188251026481334981
-2.78378378378378377	0.0225901231777601991
-2.78078078078078095	0.0207076129129468503
-2.77777777777777768	0.0225901231777601991
-2.77477477477477485	0.0282376539722002488
-2.77177177177177159	0.0254138885749802257
-2.76876876876876876	0.0235313783101668735
-2.76576576576576594	0.0254138885749802257
-2.76276276276276267	0.0329439296342336208
-2.75975975975975985	0.0216488680453535247
-2.75675675675675658	0.0263551437073869001
-2.75375375375375375	0.0178838475157268237
-2.75075075075075093	0.0235313783101668735
-2.74774774774774766	0.0254138885749802257
-2.74474474474474484	0.0272963988397935745
-2.74174174174174157	0.0244726334425735478
-2.73873873873873874	0.0178838475157268237
-2.73573573573573592	0.0244726334425735478
-2.73273273273273265	0.0338851847666402986
-2.72972972972972983	0.0188251026481334981
-2.72672672672672656	0.0235313783101668735
-2.72372372372372373	0.0197663577805401759
-2.72072072072072091	0.0320026745018269498
-2.71771771771771764	0.0216488680453535247
-2.71471471471471482	0.0188251026481334981
-2.71171171171171155	0.0263551437073869001
-2.70870870870870872	0.0263551437073869001
-2.7057057057057059	0.0188251026481334981
-2.70270270270270263	0.0263551437073869001
-2.69969969969969981	0.0188251026481334981
-2.69669669669669654	0.0254138885749802257
-2.69369369369369371	0.0216488680453535247
-2.69069069069069045	0.0207076129129468503
-2.68768768768768762	0.0178838475157268237
-2.6846846846846848	0.0225901231777601991
-2.68168168168168153	0.0188251026481334981
-2.6786786786786787	0.0301201642370135976
-2.67567567567567544	0.0244726334425735478
-2.67267267267267261	0.0244726334425735478
-2.66966966966966979	0.0225901231777601991
-2.66666666666666652	0.0272963988397935745
-2.66366366366366369	0.0160013372509134749
-2.66066066066066043	0.0376502052962669961
-2.6576576576576576	0.0235313783101668735
-2.65465465465465478	0.0188251026481334981
-2.65165165165165151	0.0207076129129468503
-2.64864864864864868	0.0291789091046069232
-2.64564564564564542	0.0244726334425735478
-2.64264264264264259	0.0244726334425735478
-2.63963963963963977	0.0310614193694202755
-2.6366366366366365	0.0225901231777601991
-2.63363363363363367	0.0235313783101668735
-2.63063063063063041	0.0225901231777601991
-2.62762762762762758	0.0320026745018269498
-2.62462462462462476	0.0310614193694202755
-2.62162162162162149	0.0235313783101668735
-2.61861861861861867	0.0263551437073869001
-2.6156156156156154	0.0272963988397935745
-2.61261261261261257	0.0216488680453535247
-2.60960960960960975	0.0320026745018269498
-2.60660660660660648	0.0272963988397935745
-2.60360360360360366	0.0310614193694202755
-2.60060060060060039	0.0254138885749802257
-2.59759759759759756	0.0216488680453535247
-2.59459459459459474	0.0301201642370135976
-2.59159159159159147	0.0169425923833201493
-2.58858858858858865	0.0282376539722002488
-2.58558558558558538	0.0254138885749802257
-2.58258258258258255	0.0254138885749802257
-2.57957957957957973	0.0310614193694202755
-2.57657657657657646	0.0254138885749802257
-2.57357357357357364	0.0291789091046069232
-2.57057057057057037	0.0272963988397935745
-2.56756756756756754	0.0282376539722002488
-2.56456456456456472	0.0301201642370135976
-2.56156156156156145	0.0357676950314536474
-2.55855855855855863	0.0225901231777601991
-2.55555555555555536	0.0244726334425735478
-2.55255255255255253	0.0272963988397935745
-2.54954954954954971	0.0254138885749802257
-2.54654654654654644	0.0254138885749802257
-2.54354354354354362	0.0263551437073869001
-2.54054054054054035	0.0301201642370135976
-2.53753753753753752	0.0348264398990469765
-2.5345345345345347	0.0235313783101668735
-2.53153153153153143	0.0216488680453535247
-2.52852852852852861	0.0263551437073869001
-2.52552552552552534	0.0263551437073869001
-2.52252252252252251	0.0207076129129468503
-2.51951951951951969	0.0244726334425735478
-2.51651651651651642	0.0282376539722002488
-2.5135135135135136	0.0272963988397935745
-2.51051051051051033	0.0244726334425735478
-2.5075075075075075	0.0357676950314536474
-2.50450450450450468	0.0225901231777601991
-2.50150150150150141	0.0310614193694202755
-2.49849849849849859	0.0272963988397935745
-2.49549549549549532	0.0225901231777601991
-2.4924924924924925	0.0254138885749802257
-2.48948948948948967	0.0376502052962669961
-2.4864864864864864	0.0301201642370135976
-2.48348348348348358	0.0291789091046069232
-2.48048048048048031	0.0348264398990469765
-2.47747747747747749	0.0207076129129468503
-2.47447447447447466	0.0263551437073869001
-2.47147147147147139	0.0272963988397935745
-2.46846846846846857	0.0367089501638603252
-2.4654654654654653	0.0310614193694202755
-2.46246246246246248	0.0320026745018269498
-2.45945945945945965	0.0282376539722002488
-2.45645645645645638	0.0263551437073869001
-2.45345345345345356	0.0348264398990469765
-2.45045045045045029	0.0301201642370135976
-2.44744744744744747	0.0235313783101668735
-2.44444444444444464	0.0207076129129468503
-2.44144144144144137	0.0348264398990469765
-2.43843843843843855	0.0244726334425735478
-2.43543543543543528	0.0254138885749802257
-2.43243243243243246	0.0320026745018269498
-2.42942942942942963	0.0207076129129468503
-2.42642642642642636	0.0235313783101668735
-2.42342342342342354	0.0301201642370135976
-2.42042042042042027	0.0320026745018269498
-2.41741741741741745	0.0442389912231137272
-2.41441441441441462	0.0244726334425735478
-2.41141141141141135	0.0338851847666402986
-2.40840840840840853	0.0301201642370135976
-2.40540540540540526	0.0282376539722002488
-2.40240240240240244	0.0320026745018269498
-2.39939939939939961	0.0254138885749802257
-2.39639639639639634	0.0216488680453535247
-2.39339339339339352	0.0282376539722002488
-2.39039039039039025	0.0291789091046069232
-2.38738738738738743	0.0348264398990469765
-2.3843843843843846	0.0310614193694202755
-2.38138138138138133	0.0301201642370135976
-2.37837837837837851	0.0225901231777601991
-2.37537537537537524	0.0197663577805401759
-2.37237237237237242	0.0263551437073869001
-2.36936936936936959	0.0263551437073869001
-2.36636636636636633	0.0320026745018269498
-2.3633633633633635	0.0254138885749802257
-2.36036036036036023	0.0348264398990469765
-2.35735735735735741	0.0235313783101668735
-2.35435435435435458	0.0254138885749802257
-2.35135135135135132	0.0301201642370135976
-2.34834834834834849	0.0329439296342336208
-2.34534534534534522	0.0320026745018269498
-2.3423423423423424	0.0301201642370135976
-2.33933933933933957	0.0320026745018269498
-2.33633633633633631	0.0338851847666402986
-2.33333333333333348	0.0338851847666402986
-2.33033033033033021	0.0272963988397935745
-2.32732732732732739	0.0235313783101668735
-2.32432432432432456	0.0338851847666402986
-2.3213213213213213	0.0367089501638603252
-2.31831831831831847	0.0282376539722002488
-2.3153153153153152	0.0282376539722002488
-2.31231231231231238	0.0414152258258937006
-2.30930930930930955	0.0357676950314536474
-2.30630630630630629	0.0282376539722002488
-2.30330330330330346	0.0320026745018269498
-2.30030030030030019	0.0423564809583003715
-2.29729729729729737	0.0263551437073869001
-2.29429429429429455	0.0404739706934870228
-2.29129129129129128	0.0301201642370135976
-2.28828828828828845	0.0244726334425735478
-2.28528528528528518	0.0291789091046069232
-2.28228228228228236	0.0310614193694202755
-2.27927927927927954	0.0348264398990469765
-2.27627627627627627	0.0348264398990469765
-2.27327327327327344	0.0282376539722002488
-2.27027027027027017	0.0414152258258937006
-2.26726726726726735	0.0329439296342336208
-2.26426426426426453	0.0254138885749802257
-2.26126126126126126	0.0376502052962669961
-2.25825825825825799	0.0310614193694202755
-2.25525525525525516	0.0291789091046069232
-2.25225225225225234	0.0254138885749802257
-2.24924924924924952	0.0432977360907070494
-2.24624624624624625	0.0310614193694202755
-2.24324324324324298	0.0225901231777601991
-2.24024024024024015	0.0348264398990469765
-2.23723723723723733	0.0244726334425735478
-2.23423423423423451	0.0282376539722002488
-2.23123123123123124	0.0282376539722002488
-2.22822822822822797	0.0357676950314536474
-2.22522522522522515	0.0244726334425735478
-2.22222222222222232	0.0301201642370135976
-2.2192192192192195	0.0367089501638603252
-2.21621621621621623	0.0338851847666402986
-2.21321321321321296	0.0272963988397935745
-2.21021021021021014	0.0272963988397935745
-2.20720720720720731	0.0254138885749802257
-2.20420420420420449	0.0310614193694202755
-2.20120120120120122	0.0367089501638603252
-2.19819819819819795	0.0310614193694202755
-2.19519519519519513	0.0404739706934870228
-2.1921921921921923	0.038591460428673674
-2.18918918918918903	0.0329439296342336208
-2.18618618618618621	0.0272963988397935745
-2.18318318318318294	0.0320026745018269498
-2.18018018018018012	0.0357676950314536474
-2.17717717717717729	0.038591460428673674
-2.17417417417417402	0.0395327155610803518
-2.1711711711711712	0.0376502052962669961
-2.16816816816816793	0.038591460428673674
-2.16516516516516511	0.0272963988397935745
-2.16216216216216228	0.0188251026481334981
-2.15915915915915901	0.0282376539722002488
-2.15615615615615619	0.0338851847666402986
-2.15315315315315292	0.0320026745018269498
-2.1501501501501501	0.0272963988397935745
-2.14714714714714727	0.0141188269861001244
-2.144144144144144	0.0404739706934870228
-2.14114114114114118	0.038591460428673674
-2.13813813813813791	0.0320026745018269498
-2.13513513513513509	0.0395327155610803518
-2.13213213213213226	0.0338851847666402986
-2.12912912912912899	0.0301201642370135976
-2.12612612612612617	0.0357676950314536474
-2.1231231231231229	0.0329439296342336208
-2.12012012012012008	0.0414152258258937006
-2.11711711711711725	0.0329439296342336208
-2.11411411411411398	0.0254138885749802257
-2.11111111111111116	0.0470627566203337469
-2.10810810810810789	0.0291789091046069232
-2.10510510510510507	0.0395327155610803518
-2.10210210210210224	0.0432977360907070494
-2.09909909909909898	0.0301201642370135976
-2.09609609609609615	0.0395327155610803518
-2.09309309309309288	0.0442389912231137272
-2.09009009009009006	0.0348264398990469765
-2.08708708708708723	0.0357676950314536474
-2.08408408408408397	0.0320026745018269498
-2.08108108108108114	0.0310614193694202755
-2.07807807807807787	0.0357676950314536474
-2.07507507507507505	0.0320026745018269498
-2.07207207207207222	0.0395327155610803518
-2.06906906906906896	0.0310614193694202755
-2.06606606606606613	0.0320026745018269498
-2.06306306306306286	0.0376502052962669961
-2.06006006006006004	0.0301201642370135976
-2.05705705705705721	0.0282376539722002488
-2.05405405405405395	0.0348264398990469765
-2.05105105105105112	0.0414152258258937006
-2.04804804804804785	0.0414152258258937006
-2.04504504504504503	0.0414152258258937006
-2.0420420420420422	0.0301201642370135976
-2.03903903903903894	0.0611815836064338731
-2.03603603603603611	0.0376502052962669961
-2.03303303303303284	0.0395327155610803518
-2.03003003003003002	0.0357676950314536474
-2.0270270270270272	0.0301201642370135976
-2.02402402402402393	0.0432977360907070494
-2.0210210210210211	0.0423564809583003715
-2.01801801801801783	0.0423564809583003715
-2.01501501501501501	0.0338851847666402986
-2.01201201201201219	0.0301201642370135976
-2.00900900900900892	0.0395327155610803518
-2.00600600600600609	0.0291789091046069232
-2.00300300300300282	0.0508277771499604514
-2	0.0329439296342336208
-1.99699699699699695	0.0404739706934870228
-1.99399399399399391	0.046121501487927076
-1.99099099099099108	0.0395327155610803518
-1.98798798798798804	0.0432977360907070494
-1.98498498498498499	0.0376502052962669961
-1.98198198198198194	0.0508277771499604514
-1.9789789789789789	0.0338851847666402986
-1.97597597597597607	0.0480040117527404248
-1.97297297297297303	0.0480040117527404248
-1.96996996996996998	0.0310614193694202755
-1.96696696696696693	0.0357676950314536474
-1.96396396396396389	0.0310614193694202755
-1.96096096096096106	0.0451802463555203981
-1.95795795795795802	0.0451802463555203981
-1.95495495495495497	0.0376502052962669961
-1.95195195195195192	0.0414152258258937006
-1.94894894894894888	0.0451802463555203981
-1.94594594594594605	0.0404739706934870228
-1.94294294294294301	0.0470627566203337469
-1.93993993993993996	0.0291789091046069232
-1.93693693693693691	0.0451802463555203981
-1.93393393393393387	0.0480040117527404248
-1.93093093093093104	0.0423564809583003715
-1.927927927927928	0.0320026745018269498
-1.92492492492492495	0.0348264398990469765
-1.92192192192192191	0.0376502052962669961
-1.91891891891891886	0.0517690322823671223
-1.91591591591591603	0.0536515425471804711
-1.91291291291291299	0.0348264398990469765
-1.90990990990990994	0.0357676950314536474
-1.9069069069069069	0.0470627566203337469
-1.90390390390390385	0.0451802463555203981
-1.9009009009009008	0.0367089501638603252
-1.89789789789789798	0.0574165630768071755
-1.89489489489489493	0.0376502052962669961
-1.89189189189189189	0.0555340528119938268
-1.88888888888888884	0.0470627566203337469
-1.88588588588588579	0.0498865220175537735
-1.88288288288288297	0.0329439296342336208
-1.87987987987987992	0.0480040117527404248
-1.87687687687687688	0.0451802463555203981
-1.87387387387387383	0.0480040117527404248
-1.87087087087087078	0.0536515425471804711
-1.86786786786786796	0.0489452668851470957
-1.86486486486486491	0.0432977360907070494
-1.86186186186186187	0.0376502052962669961
-1.85885885885885882	0.0404739706934870228
-1.85585585585585577	0.0357676950314536474
-1.85285285285285295	0.0404739706934870228
-1.8498498498498499	0.0536515425471804711
-1.84684684684684686	0.0414152258258937006
-1.84384384384384381	0.0423564809583003715
-1.84084084084084076	0.038591460428673674
-1.83783783783783794	0.0489452668851470957
-1.83483483483483489	0.0536515425471804711
-1.83183183183183185	0.0555340528119938268
-1.8288288288288288	0.046121501487927076
-1.82582582582582575	0.0291789091046069232
-1.82282282282282293	0.0508277771499604514
-1.81981981981981988	0.0527102874147738001
-1.81681681681681684	0.0404739706934870228
-1.81381381381381379	0.0480040117527404248
-1.81081081081081074	0.046121501487927076
-1.80780780780780792	0.0564753079444004977
-1.80480480480480487	0.0489452668851470957
-1.80180180180180183	0.046121501487927076
-1.79879879879879878	0.0527102874147738001
-1.79579579579579574	0.0395327155610803518
-1.79279279279279291	0.0508277771499604514
-1.78978978978978986	0.0432977360907070494
-1.78678678678678682	0.0404739706934870228
-1.78378378378378377	0.0414152258258937006
-1.78078078078078073	0.0536515425471804711
-1.77777777777777768	0.0423564809583003715
-1.77477477477477485	0.0423564809583003715
-1.77177177177177181	0.0423564809583003715
-1.76876876876876876	0.0555340528119938268
-1.76576576576576572	0.0574165630768071755
-1.76276276276276267	0.0621228387388405509
-1.75975975975975985	0.0470627566203337469
-1.7567567567567568	0.046121501487927076
-1.75375375375375375	0.0423564809583003715
-1.75075075075075071	0.0592990733416205243
-1.74774774774774766	0.0423564809583003715
-1.74474474474474484	0.0527102874147738001
-1.74174174174174179	0.0527102874147738001
-1.73873873873873874	0.0611815836064338731
-1.7357357357357357	0.0480040117527404248
-1.73273273273273265	0.0536515425471804711
-1.72972972972972983	0.0414152258258937006
-1.72672672672672678	0.0611815836064338731
-1.72372372372372373	0.0536515425471804711
-1.72072072072072069	0.046121501487927076
-1.71771771771771764	0.0423564809583003715
-1.71471471471471482	0.0555340528119938268
-1.71171171171171177	0.046121501487927076
-1.70870870870870872	0.0611815836064338731
-1.70570570570570568	0.0621228387388405509
-1.70270270270270263	0.0621228387388405509
-1.69969969969969981	0.0527102874147738001
-1.69669669669669676	0.0451802463555203981
-1.69369369369369371	0.0423564809583003715
-1.69069069069069067	0.0489452668851470957
-1.68768768768768762	0.0498865220175537735
-1.6846846846846848	0.0545927976795871489
-1.68168168168168175	0.0489452668851470957
-1.6786786786786787	0.0508277771499604514
-1.67567567567567566	0.0564753079444004977
-1.67267267267267261	0.0555340528119938268
-1.66966966966966979	0.0602403284740271952
-1.66666666666666674	0.046121501487927076
-1.66366366366366369	0.0555340528119938268
-1.66066066066066065	0.0442389912231137272
-1.6576576576576576	0.0564753079444004977
-1.65465465465465478	0.0527102874147738001
-1.65165165165165173	0.0527102874147738001
-1.64864864864864868	0.0555340528119938268
-1.64564564564564564	0.0687116246656872681
-1.64264264264264259	0.0583578182092138464
-1.63963963963963955	0.0564753079444004977
-1.63663663663663672	0.0611815836064338731
-1.63363363363363367	0.0583578182092138464
-1.63063063063063063	0.0574165630768071755
-1.62762762762762758	0.0508277771499604514
-1.62462462462462454	0.0649466041360605706
-1.62162162162162171	0.0564753079444004977
-1.61861861861861867	0.0640053490036538997
-1.61561561561561562	0.0508277771499604514
-1.61261261261261257	0.0480040117527404248
-1.60960960960960953	0.0414152258258937006
-1.6066066066066067	0.0480040117527404248
-1.60360360360360366	0.0592990733416205243
-1.60060060060060061	0.0668291144008739263
-1.59759759759759756	0.0574165630768071755
-1.59459459459459452	0.0621228387388405509
-1.59159159159159169	0.0574165630768071755
-1.58858858858858865	0.0668291144008739263
-1.5855855855855856	0.0649466041360605706
-1.58258258258258255	0.0583578182092138464
-1.57957957957957951	0.0583578182092138464
-1.57657657657657668	0.0432977360907070494
-1.57357357357357364	0.0602403284740271952
-1.57057057057057059	0.0414152258258937006
-1.56756756756756754	0.0517690322823671223
-1.5645645645645645	0.0668291144008739263
-1.56156156156156167	0.0611815836064338731
-1.55855855855855863	0.0545927976795871489
-1.55555555555555558	0.0630640938712472288
-1.55255255255255253	0.0574165630768071755
-1.54954954954954949	0.0630640938712472288
-1.54654654654654666	0.0668291144008739263
-1.54354354354354362	0.0800066862545673746
-1.54054054054054057	0.0555340528119938268
-1.53753753753753752	0.0489452668851470957
-1.53453453453453448	0.0696528797980939529
-1.53153153153153165	0.0592990733416205243
-1.52852852852852861	0.0592990733416205243
-1.52552552552552556	0.0555340528119938268
-1.52252252252252251	0.0677703695332805972
-1.51951951951951947	0.0498865220175537735
-1.51651651651651642	0.0508277771499604514
-1.5135135135135136	0.0592990733416205243
-1.51051051051051055	0.0677703695332805972
-1.5075075075075075	0.0592990733416205243
-1.50450450450450446	0.0762416657249406771
-1.50150150150150141	0.0592990733416205243
-1.49849849849849859	0.0630640938712472288
-1.49549549549549554	0.0894192375786341254
-1.4924924924924925	0.0705941349305006238
-1.48948948948948945	0.0649466041360605706
-1.4864864864864864	0.0687116246656872681
-1.48348348348348358	0.0715353900629072947
-1.48048048048048053	0.0630640938712472288
-1.47747747747747749	0.0658878592684672415
-1.47447447447447444	0.0715353900629072947
-1.47147147147147139	0.0705941349305006238
-1.46846846846846857	0.0583578182092138464
-1.46546546546546552	0.084712961916600743
-1.46246246246246248	0.0696528797980939529
-1.45945945945945943	0.0611815836064338731
-1.45645645645645638	0.0649466041360605706
-1.45345345345345356	0.0715353900629072947
-1.45045045045045051	0.0705941349305006238
-1.44744744744744747	0.0602403284740271952
-1.44444444444444442	0.0668291144008739263
-1.44144144144144137	0.0602403284740271952
-1.43843843843843855	0.0621228387388405509
-1.4354354354354355	0.0621228387388405509
-1.43243243243243246	0.0602403284740271952
-1.42942942942942941	0.0621228387388405509
-1.42642642642642636	0.0724766451953139795
-1.42342342342342354	0.0517690322823671223
-1.42042042042042049	0.0734179003277206504
-1.41741741741741745	0.0734179003277206504
-1.4144144144144144	0.0818891965193807164
-1.41141141141141135	0.0705941349305006238
-1.40840840840840853	0.0677703695332805972
-1.40540540540540548	0.0800066862545673746
-1.40240240240240244	0.0856542170490074278
-1.39939939939939939	0.0753004105925339923
-1.39639639639639634	0.0724766451953139795
-1.3933933933933933	0.0734179003277206504
-1.39039039039039047	0.0602403284740271952
-1.38738738738738743	0.0734179003277206504
-1.38438438438438438	0.0809479413869740455
-1.38138138138138133	0.0715353900629072947
-1.37837837837837829	0.077182920857347348
-1.37537537537537546	0.0658878592684672415
-1.37237237237237242	0.0705941349305006238
-1.36936936936936937	0.0602403284740271952
-1.36636636636636633	0.0743591554601273214
-1.36336336336336328	0.0913017478434474672
-1.36036036036036045	0.0762416657249406771
-1.35735735735735741	0.084712961916600743
-1.35435435435435436	0.0658878592684672415
-1.35135135135135132	0.0781241759897540189
-1.34834834834834827	0.0687116246656872681
-1.34534534534534544	0.0809479413869740455
-1.3423423423423424	0.0790654311221607037
-1.33933933933933935	0.077182920857347348
-1.33633633633633631	0.0781241759897540189
-1.33333333333333326	0.0809479413869740455
-1.33033033033033044	0.0677703695332805972
-1.32732732732732739	0.107303085094360942
-1.32432432432432434	0.092243002975854152
-1.3213213213213213	0.0837717067841940721
-1.31831831831831825	0.0790654311221607037
-1.31531531531531543	0.0818891965193807164
-1.31231231231231238	0.0753004105925339923
-1.30930930930930933	0.0941255132406674938
-1.30630630630630629	0.0913017478434474672
-1.30330330330330324	0.0960080235054808495
-1.30030030030030042	0.0818891965193807164
-1.29729729729729737	0.0941255132406674938
-1.29429429429429432	0.0705941349305006238
-1.29129129129129128	0.0781241759897540189
-1.28828828828828823	0.0913017478434474672
-1.28528528528528541	0.0960080235054808495
-1.28228228228228236	0.0762416657249406771
-1.27927927927927931	0.0753004105925339923
-1.27627627627627627	0.084712961916600743
-1.27327327327327322	0.084712961916600743
-1.27027027027027017	0.0818891965193807164
-1.26726726726726735	0.0903604927110407963
-1.2642642642642643	0.0762416657249406771
-1.26126126126126126	0.0884779824462274544
-1.25825825825825821	0.084712961916600743
-1.25525525525525516	0.0743591554601273214
-1.25225225225225234	0.0913017478434474672
-1.24924924924924929	0.0809479413869740455
-1.24624624624624625	0.0865954721814140987
-1.2432432432432432	0.084712961916600743
-1.24024024024024015	0.0818891965193807164
-1.23723723723723733	0.0790654311221607037
-1.23423423423423428	0.0818891965193807164
-1.23123123123123124	0.0941255132406674938
-1.22822822822822819	0.0809479413869740455
-1.22522522522522515	0.0969492786378875204
-1.22222222222222232	0.100714299167514218
-1.21921921921921927	0.0828304516517874012
-1.21621621621621623	0.0790654311221607037
-1.21321321321321318	0.0903604927110407963
-1.21021021021021014	0.0875367273138207697
-1.20720720720720731	0.0960080235054808495
-1.20420420420420426	0.0884779824462274544
-1.20120120120120122	0.0649466041360605706
-1.19819819819819817	0.0913017478434474672
-1.19519519519519513	0.084712961916600743
-1.1921921921921923	0.110126850491580969
-1.18918918918918926	0.0818891965193807164
-1.18618618618618621	0.101655554299920903
-1.18318318318318316	0.0988317889027008761
-1.18018018018018012	0.0969492786378875204
-1.17717717717717729	0.103538064564734245
-1.17417417417417425	0.106361829961954271
-1.1711711711711712	0.109185595359174298
-1.16816816816816815	0.104479319697140929
-1.16516516516516511	0.099773044035107547
-1.16216216216216228	0.0884779824462274544
-1.15915915915915924	0.118598146683241049
-1.15615615615615619	0.100714299167514218
-1.15315315315315314	0.0894192375786341254
-1.1501501501501501	0.102596809432327574
-1.14714714714714727	0.122363167212867746
-1.14414414414414423	0.0969492786378875204
-1.14114114114114118	0.0790654311221607037
-1.13813813813813813	0.0856542170490074278
-1.13513513513513509	0.0941255132406674938
-1.13213213213213204	0.108244340226767627
-1.12912912912912922	0.0988317889027008761
-1.12612612612612617	0.0753004105925339923
-1.12312312312312312	0.1054205748295476
-1.12012012012012008	0.114833126153614351
-1.11711711711711703	0.112950615888800995
-1.11411411411411421	0.102596809432327574
-1.11111111111111116	0.112009360756394324
-1.10810810810810811	0.108244340226767627
-1.10510510510510507	0.109185595359174298
-1.10210210210210202	0.112009360756394324
-1.0990990990990992	0.100714299167514218
-1.09609609609609615	0.108244340226767627
-1.0930930930930931	0.0969492786378875204
-1.09009009009009006	0.112009360756394324
-1.08708708708708701	0.112950615888800995
-1.08408408408408419	0.103538064564734245
-1.08108108108108114	0.129893208272121141
-1.07807807807807809	0.125186932610087759
-1.07507507507507505	0.109185595359174298
-1.072072072072072	0.107303085094360942
-1.06906906906906918	0.104479319697140929
-1.06606606606606613	0.114833126153614351
-1.06306306306306309	0.124245677477681102
-1.06006006006006004	0.124245677477681102
-1.05705705705705699	0.115774381286021022
-1.05405405405405417	0.125186932610087759
-1.05105105105105112	0.127069442874901128
-1.04804804804804808	0.104479319697140929
-1.04504504504504503	0.102596809432327574
-1.04204204204204198	0.119539401815647719
-1.03903903903903916	0.121421912080461075
-1.03603603603603611	0.102596809432327574
-1.03303303303303307	0.127069442874901128
-1.03003003003003002	0.118598146683241049
-1.02702702702702697	0.107303085094360942
-1.02402402402402415	0.131775718536934483
-1.0210210210210211	0.142129524993407919
-1.01801801801801806	0.113891871021207666
-1.01501501501501501	0.132716973669341182
-1.01201201201201196	0.117656891550834378
-1.00900900900900892	0.141188269861001248
-1.00600600600600609	0.123304422345274417
-1.00300300300300305	0.128010698007307799
-1	0.134599483934154524
-0.996996996996997176	0.122363167212867746
-0.993993993993993907	0.117656891550834378
-0.990990990990991083	0.0969492786378875204
-0.987987987987987815	0.12895195313971447
-0.98498498498498499	0.124245677477681102
-0.981981981981982166	0.124245677477681102
-0.978978978978978898	0.152483331449881354
-0.975975975975976073	0.121421912080461075
-0.972972972972972805	0.129893208272121141
-0.969969969969969981	0.140247014728594577
-0.966966966966967156	0.123304422345274417
-0.963963963963963888	0.130834463404527812
-0.960960960960961064	0.141188269861001248
-0.957957957957957795	0.116715636418427693
-0.954954954954954971	0.130834463404527812
-0.951951951951952147	0.12895195313971447
-0.948948948948948878	0.135540739066561194
-0.945945945945946054	0.131775718536934483
-0.942942942942942786	0.12895195313971447
-0.939939939939939961	0.149659566052661314
-0.936936936936937137	0.135540739066561194
-0.933933933933933869	0.14401203525822126
-0.930930930930931044	0.157189607111914709
-0.927927927927927776	0.139305759596187906
-0.924924924924924952	0.12048065694805439
-0.921921921921922127	0.123304422345274417
-0.918918918918918859	0.138364504463781235
-0.915915915915916035	0.133658228801747853
-0.912912912912912766	0.131775718536934483
-0.909909909909909942	0.166602158435981473
-0.906906906906907118	0.141188269861001248
-0.903903903903903849	0.139305759596187906
-0.900900900900901025	0.142129524993407919
-0.897897897897897757	0.144953290390627959
-0.894894894894894932	0.156248351979508038
-0.891891891891892108	0.154365841714694696
-0.88888888888888884	0.16095462764154142
-0.885885885885886015	0.143070780125814589
-0.882882882882882747	0.156248351979508038
-0.879879879879879923	0.14589454552303463
-0.876876876876877098	0.154365841714694696
-0.87387387387387383	0.164719648171168132
-0.870870870870871006	0.160013372509134749
-0.867867867867867737	0.165660903303574802
-0.864864864864864913	0.151542076317474683
-0.861861861861862089	0.165660903303574802
-0.85885885885885882	0.142129524993407919
-0.855855855855855996	0.153424586582288025
-0.852852852852852727	0.171308434098014856
-0.849849849849849903	0.162837137906354762
-0.846846846846847079	0.131775718536934483
-0.843843843843843811	0.126128187742494458
-0.840840840840840986	0.165660903303574802
-0.837837837837837718	0.163778393038761433
-0.834834834834834894	0.173190944362828197
-0.831831831831832069	0.150600821185067985
-0.828828828828828801	0.168484668700794815
-0.825825825825825977	0.160013372509134749
-0.822822822822822708	0.179779730289674922
-0.819819819819819884	0.168484668700794815
-0.816816816816816615	0.170367178965608185
-0.813813813813813791	0.158130862244321407
-0.810810810810810967	0.164719648171168132
-0.807807807807807698	0.17601470976004821
-0.804804804804804874	0.164719648171168132
-0.801801801801801606	0.174132199495234868
-0.798798798798798781	0.173190944362828197
-0.795795795795795957	0.186368516216521646
-0.792792792792792689	0.172249689230421527
-0.789789789789789864	0.173190944362828197
-0.786786786786786596	0.171308434098014856
-0.783783783783783772	0.168484668700794815
-0.780780780780780947	0.19295730214336837
-0.777777777777777679	0.180720985422081593
-0.774774774774774855	0.199546088070215094
-0.771771771771771586	0.185427261084114975
-0.768768768768768762	0.200487343202621765
-0.765765765765765938	0.163778393038761433
-0.762762762762762669	0.176955964892454909
-0.759759759759759845	0.192016047010961699
-0.756756756756756577	0.175073454627641539
-0.753753753753753752	0.183544750819301633
-0.750750750750750928	0.163778393038761433
-0.74774774774774766	0.183544750819301633
-0.744744744744744835	0.164719648171168132
-0.741741741741741567	0.216488680453535254
-0.738738738738738743	0.181662240554488263
-0.735735735735735918	0.198604832937808423
-0.73273273273273265	0.170367178965608185
-0.729729729729729826	0.195781067540588383
-0.726726726726726557	0.204252363732248476
-0.723723723723723733	0.200487343202621765
-0.720720720720720909	0.197663577805401752
-0.71771771771771764	0.218371190718348596
-0.714714714714714816	0.192016047010961699
-0.711711711711711548	0.20801738426187516
-0.708708708708708723	0.237196293366482097
-0.705705705705705899	0.214606170188721884
-0.702702702702702631	0.205193618864655147
-0.699699699699699806	0.210841149659095201
-0.696696696696696538	0.225901231777601991
-0.693693693693693714	0.214606170188721884
-0.690690690690690889	0.194839812408181712
-0.687687687687687621	0.224018721512788649
-0.684684684684684797	0.234372527969262057
-0.681681681681681528	0.230607507439635373
-0.678678678678678704	0.212723659923908542
-0.67567567567567588	0.22495997664519532
-0.672672672672672611	0.200487343202621765
-0.669669669669669787	0.208958639394281859
-0.666666666666666519	0.24002005876370211
-0.663663663663663694	0.218371190718348596
-0.66066066066066087	0.250373865220175518
-0.657657657657657602	0.230607507439635373
-0.654654654654654777	0.231548762572042044
-0.651651651651651509	0.288024070516442521
-0.648648648648648685	0.250373865220175518
-0.64564564564564586	0.223077466380381978
-0.642642642642642592	0.255080140882208928
-0.639639639639639768	0.244726334425735492
-0.636636636636636499	0.219312445850755267
-0.633633633633633675	0.252256375484988915
-0.630630630630630851	0.277670264059969141
-0.627627627627627582	0.297436621840509285
-0.624624624624624758	0.246608844690548834
-0.62162162162162149	0.265433947338682363
-0.618618618618618665	0.261668926809055624
-0.615615615615615841	0.260727671676648953
-0.612612612612612573	0.249432610087768875
-0.609609609609609748	0.259786416544242282
-0.60660660660660648	0.249432610087768875
-0.603603603603603656	0.289906580781255918
-0.600600600600600831	0.249432610087768875
-0.597597597597597563	0.273905243530342402
-0.594594594594594739	0.27672900892756247
-0.59159159159159147	0.25696265114702227
-0.588588588588588646	0.296495366708102615
-0.585585585585585822	0.332263061739556276
-0.582582582582582553	0.314379214223829417
-0.579579579579579729	0.278611519192375812
-0.576576576576576461	0.282376539722002495
-0.573573573573573636	0.29178909104606926
-0.570570570570570812	0.283317794854409166
-0.567567567567567544	0.304966662899762708
-0.564564564564564719	0.295554111575695944
-0.561561561561561451	0.30684917316457605
-0.558558558558558627	0.301201642370135969
-0.555555555555555358	0.292730346178475931
-0.552552552552552534	0.315320469356236144
-0.54954954954954971	0.347323143858063066
-0.546546546546546441	0.301201642370135969
-0.543543543543543617	0.335086827136776289
-0.540540540540540349	0.336028082269182959
-0.537537537537537524	0.320026745018269498
-0.5345345345345347	0.318144234753456157
-0.531531531531531432	0.319085489885862827
-0.528528528528528607	0.324733020680302853
-0.525525525525525339	0.356735695182129831
-0.522522522522522515	0.325674275812709524
-0.51951951951951969	0.339793102798809643
-0.516516516516516422	0.325674275812709524
-0.513513513513513598	0.348264398990469737
-0.510510510510510329	0.353911929784909818
-0.507507507507507505	0.384032094021923398
-0.504504504504504681	0.326615530945116195
-0.501501501501501412	0.368030756771009937
-0.498498498498498588	0.356735695182129831
-0.495495495495495319	0.368972011903416608
-0.492492492492492495	0.390620879948770094
-0.489489489489489671	0.372737032433043292
-0.486486486486486402	0.375560797830263304
-0.483483483483483578	0.358618205446943172
-0.48048048048048031	0.346381888725656395
-0.477477477477477485	0.37085452216822995
-0.474474474474474661	0.426388574980223756
-0.471471471471471393	0.389679624816363424
-0.468468468468468568	0.391562135081176765
-0.4654654654654653	0.409445982596903624
-0.462462462462462476	0.434859871171883849
-0.459459459459459651	0.392503390213583492
-0.456456456456456383	0.407563472332090282
-0.453453453453453559	0.439566146833917204
-0.45045045045045029	0.384973349154330069
-0.447447447447447466	0.415093513391343649
-0.444444444444444642	0.414152258258936978
-0.441441441441441373	0.396268410743210175
-0.438438438438438549	0.414152258258936978
-0.435435435435435281	0.493217689381097668
-0.432432432432432456	0.431094850642257166
-0.429429429429429632	0.485687648321844301
-0.426426426426426364	0.48004011752740422
-0.423423423423423539	0.434859871171883849
-0.420420420420420271	0.457449994349644062
-0.417417417417417447	0.456508739217237391
-0.414414414414414622	0.488511413719064314
-0.411411411411411354	0.48004011752740422
-0.40840840840840853	0.481922627792217562
-0.405405405405405261	0.510160281764417856
-0.402402402402402437	0.507336516367197787
-0.399399399399399613	0.489452668851470984
-0.396396396396396344	0.488511413719064314
-0.39339339339339352	0.526161619015331317
-0.390390390390390252	0.508277771499604514
-0.387387387387387427	0.518631577956077949
-0.384384384384384603	0.570400610238445016
-0.381381381381381335	0.524279108750517975
-0.37837837837837851	0.582636926959731793
-0.375375375375375242	0.512042792029231197
-0.372372372372372418	0.594873243681018571
-0.369369369369369593	0.527102874147737932
-0.366366366366366325	0.549692997325498145
-0.363363363363363501	0.560988058914378307
-0.360360360360360232	0.5741656307680717
-0.357357357357357408	0.587343202621765204
-0.354354354354354584	0.572283120503258358
-0.351351351351351315	0.597697009078238639
-0.348348348348348491	0.659819847817079141
-0.345345345345345223	0.5741656307680717
-0.342342342342342398	0.652289806757825774
-0.339339339339339574	0.591108223151391887
-0.336336336336336306	0.64852478622819909
-0.333333333333333481	0.622169642520812194
-0.330330330330330213	0.630640938712472288
-0.327327327327327389	0.660761102949485868
-0.324324324324324564	0.652289806757825774
-0.321321321321321296	0.66264361321429921
-0.318318318318318472	0.674879929935585987
-0.315315315315315203	0.658878592684672526
-0.312312312312312379	0.7417090443364599
-0.309309309309309555	0.690881267186499448
-0.306306306306306286	0.671114909405959303
-0.303303303303303462	0.710647624967039593
-0.300300300300300194	0.713471390364259661
-0.297297297297297369	0.766181677779033454
-0.294294294294294101	0.773711718838286822
-0.291291291291291277	0.709706369834632977
-0.288288288288288452	0.72288394168832637
-0.285285285285285184	0.796301842016047035
-0.28228228228228236	0.777476739367913505
-0.279279279279279091	0.737944023806833216
-0.276276276276276267	0.768064188043846796
-0.273273273273273443	0.778417994500320232
-0.270270270270270174	0.802890627942893786
-0.26726726726726735	0.803831883075300402
-0.264264264264264082	0.85560091535766758
-0.261261261261261257	0.795360586883640308
-0.258258258258258433	0.831128281915094025
-0.255255255255255165	0.853718405092854238
-0.25225225225225234	0.837717067841940777
-0.249249249249249072	0.880073548800241134
-0.246246246246246248	0.872543507740987656
-0.243243243243243423	0.882897314197461092
-0.240240240240240155	0.88572107959468116
-0.237237237237237331	0.918665009228914808
-0.234234234234234062	0.909252457904847988
-0.231231231231231238	0.880073548800241134
-0.228228228228228414	0.985494123629788721
-0.225225225225225145	0.961962745319621781
-0.222222222222222321	0.968551531246468533
-0.219219219219219053	0.995847930086262156
-0.216216216216216228	1.00149546088070207
-0.213213213213213404	0.991141654424228746
-0.210210210210210136	0.992082909556635473
-0.207207207207207311	1.00337797114551552
-0.204204204204204043	1.05891202395750939
-0.201201201201201219	1.01749679813161564
-0.198198198198198394	1.05608825856028932
-0.195195195195195126	1.05138198289825602
-0.192192192192192302	1.02032056352883571
-0.189189189189189033	1.0645595547519493
-0.186186186186186209	1.09185595359174292
-0.183183183183183385	1.1483312615361434
-0.180180180180180116	1.13421243455004328
-0.177177177177177292	1.13138866915282321
-0.174174174174174023	1.15303753719817692
-0.171171171171171199	1.21986665159905083
-0.168168168168168375	1.18221644630278377
-0.165165165165165106	1.21327786567220408
-0.162162162162162282	1.17468640524353041
-0.159159159159159014	1.13609494481485673
-0.156156156156156189	1.25563434663050444
-0.153153153153153365	1.17656891550834364
-0.150150150150150097	1.0372631559121559
-0.147147147147147273	0.954432704260368414
-0.144144144144144004	0.882897314197461092
-0.14114114114114118	0.88572107959468116
-0.138138138138138356	0.84148208837156746
-0.135135135135135087	0.775594229103100163
-0.132132132132132263	0.74641531999849331
-0.129129129129128994	0.720060176291106413
-0.12612612612612617	0.696528797980939474
-0.123123123123123346	0.609933325799525416
-0.120120120120120077	0.589225712886578545
-0.117117117117117253	0.656996082419859184
-0.114114114114113985	0.592990733416205229
-0.11111111111111116	0.566635589708818332
-0.108108108108108336	0.557223038384751623
-0.105105105105105068	0.490393923983877655
-0.102102102102102243	0.477216352130184207
-0.0990990990990989751	0.452743718687610652
-0.0960960960960961508	0.443331167363543888
-0.0930930930930933265	0.381208328624703385
-0.0900900900900900581	0.357676950314536501
-0.0870870870870872338	0.357676950314536501
-0.0840840840840839654	0.327556786077522866
-0.0810810810810811411	0.322850510415489511
-0.0780780780780783168	0.300260387237729298
-0.0750750750750750484	0.271081478133122389
-0.0720720720720722241	0.293671601310882602
-0.0690690690690689557	0.253197630617395586
-0.0660660660660661314	0.253197630617395586
-0.0630630630630633071	0.218371190718348596
-0.0600600600600600387	0.211782404791501871
-0.0570570570570572144	0.184486005951708304
-0.054054054054053946	0.149659566052661314
-0.0510510510510511217	0.147777055787847972
-0.0480480480480478533	0.14589454552303463
-0.045045045045045029	0.115774381286021022
-0.0420420420420422047	0.0903604927110407963
-0.0390390390390389364	0.0865954721814140987
-0.0360360360360361121	0.100714299167514218
-0.0330330330330328437	0.0743591554601273214
-0.0300300300300300194	0.0621228387388405509
-0.0270270270270271951	0.0555340528119938268
-0.0240240240240239267	0.0432977360907070494
-0.0210210210210211024	0.0404739706934870228
-0.018018018018017834	0.0282376539722002488
-0.0150150150150150097	0.0216488680453535247
-0.0120120120120121854	0.0169425923833201493
-0.00900900900900891699	0.0207076129129468503
-0.00600600600600609269	0.00941255132406674903
-0.0030030030030028243	0.00564753079444004977
0	0
0.0030030030030028243	0.00188251026481334985
0.00600600600600609269	0.0075300410592533994
0.00900900900900891699	0.0160013372509134749
0.0120120120120121854	0.0160013372509134749
0.0150150150150150097	0.0235313783101668735
0.018018018018017834	0.0348264398990469765
0.0210210210210211024	0.0376502052962669961
0.0240240240240239267	0.0404739706934870228
0.0270270270270271951	0.0668291144008739263
0.0300300300300300194	0.0583578182092138464
0.0330330330330328437	0.0630640938712472288
0.0360360360360361121	0.0809479413869740455
0.0390390390390389364	0.0988317889027008761
0.0420420420420422047	0.0978905337702941913
0.045045045045045029	0.112950615888800995
0.0480480480480478533	0.141188269861001248
0.0510510510510511217	0.155307096847101367
0.054054054054053946	0.174132199495234868
0.0570570570570572144	0.182603495686894934
0.0600600600600600387	0.212723659923908542
0.063063063063062863	0.221194956115568608
0.0660660660660661314	0.223077466380381978
0.0690690690690689557	0.24284382416092215
0.0720720720720722241	0.249432610087768875
0.0750750750750750484	0.289906580781255918
0.0780780780780778727	0.332263061739556276
0.0810810810810811411	0.345440633593249724
0.0840840840840839654	0.347323143858063066
0.0870870870870872338	0.356735695182129831
0.0900900900900900581	0.359559460579349843
0.0930930930930928824	0.397209665875616846
0.0960960960960961508	0.439566146833917204
0.0990990990990989751	0.414152258258936978
0.102102102102102243	0.446154932760763956
0.105105105105105068	0.501688985572757762
0.108108108108107892	0.452743718687610652
0.11111111111111116	0.565694334576411606
0.114114114114113985	0.576048141032885042
0.117117117117117253	0.60899207066711869
0.120120120120120077	0.683351226127246081
0.123123123123122902	0.642877255433759065
0.12612612612612617	0.721001431423513028
0.129129129129128994	0.740767789204053173
0.132132132132132263	0.786889290691980325
0.135135135135135087	0.772770463705880206
0.138138138138137911	0.865013466681734289
0.14114114114114118	0.893251120653934527
0.144144144144144004	0.906428692507628031
0.147147147147147273	0.96478651071684185
0.150150150150150097	1.04102817644178258
0.153153153153152921	1.1257411383583833
0.156156156156156189	1.17751017064075048
0.159159159159159014	1.22927920292311743
0.162162162162162282	1.20574782461295071
0.165165165165165106	1.14456624100651672
0.168168168168167931	1.1568025577278036
0.171171171171171199	1.13327117941763666
0.174174174174174023	1.12856490375560337
0.177177177177177292	1.14927251666855024
0.180180180180180116	1.09373846385655638
0.18318318318318294	1.09279720872414954
0.186186186186186209	1.10879854597506311
0.189189189189189033	1.0419694315741892
0.192192192192192302	1.04949947263344256
0.195195195195195126	1.0372631559121559
0.19819819819819795	1.05138198289825602
0.201201201201201219	1.07867838173804942
0.204204204204204043	1.06926583041398282
0.207207207207207311	0.978905337702941969
0.210210210210210136	0.96478651071684185
0.213213213213213404	1.01561428786680219
0.216216216216216228	1.00243671601310891
0.219219219219219053	0.990200399291822131
0.222222222222222321	0.963845255584435123
0.225225225225225145	0.96478651071684185
0.228228228228228414	0.952550193995555072
0.231231231231231238	0.959138979922401824
0.234234234234234062	0.905487437375221305
0.237237237237237331	0.910193713037254715
0.240240240240240155	0.888544844991901228
0.243243243243243423	0.891368610389121185
0.246246246246246248	0.891368610389121185
0.249249249249249072	0.865954721814141015
0.25225225225225234	0.838658322974347392
0.255255255255255165	0.863130956416920947
0.258258258258258433	0.847129619166007486
0.261261261261261257	0.834893302444720709
0.264264264264264082	0.865954721814141015
0.26726726726726735	0.778417994500320232
0.270270270270270174	0.834893302444720709
0.273273273273273443	0.739826534071646558
0.276276276276276267	0.785948035559573599
0.279279279279279091	0.801008117678080445
0.28228228228228236	0.789713056089200283
0.285285285285285184	0.791595566354013624
0.288288288288288452	0.765240422646626728
0.291291291291291277	0.759592891852186702
0.294294294294294101	0.689940012054092722
0.297297297297297369	0.738885278939239831
0.300300300300300194	0.696528797980939474
0.303303303303303462	0.709706369834632977
0.306306306306306286	0.699352563378159542
0.309309309309309111	0.701235073642972884
0.312312312312312379	0.691822522318906064
0.315315315315315203	0.712530135231852935
0.318318318318318472	0.65323106189023239
0.321321321321321296	0.713471390364259661
0.32432432432432412	0.61840462199118551
0.327327327327327389	0.635347214374505587
0.330330330330330213	0.623110897653218809
0.333333333333333481	0.656996082419859184
0.336336336336336306	0.565694334576411606
0.33933933933933913	0.619345877123592126
0.342342342342342398	0.614639601461558716
0.345345345345345223	0.593931988548611955
0.348348348348348491	0.621228387388405467
0.351351351351351315	0.590166968018985161
0.35435435435435414	0.629699683580065561
0.357357357357357408	0.604285795005085391
0.360360360360360232	0.560988058914378307
0.363363363363363501	0.55345801785512494
0.366366366366366325	0.539339190869024709
0.369369369369369149	0.540280446001431436
0.372372372372372418	0.524279108750517975
0.375375375375375242	0.546869231928278188
0.37837837837837851	0.544986721663464846
0.381381381381381335	0.512984047161637813
0.384384384384384159	0.514866557426451266
0.387387387387387427	0.516749067691264607
0.390390390390390252	0.522396598485704633
0.39339339339339352	0.486628903454250972
0.396396396396396344	0.538397935736618094
0.399399399399399169	0.517690322823671223
0.402402402402402437	0.524279108750517975
0.405405405405405261	0.467803800806117442
0.40840840840840853	0.53463291520699141
0.411411411411411354	0.496041454778317736
0.414414414414414178	0.485687648321844301
0.417417417417417447	0.475333841865370865
0.420420420420420271	0.474392586732964194
0.423423423423423539	0.466862545673710772
0.426426426426426364	0.438624891701510533
0.429429429429429188	0.448037443025577298
0.432432432432432456	0.447096187893170627
0.435435435435435281	0.398150921008023517
0.438438438438438549	0.463097525144084088
0.441441441441441373	0.423564809583003743
0.444444444444444198	0.432977360907070508
0.447447447447447466	0.448037443025577298
0.45045045045045029	0.427329830112630427
0.453453453453453559	0.437683636569103862
0.456456456456456383	0.392503390213583492
0.459459459459459651	0.383090838889516727
0.462462462462462476	0.389679624816363424
0.4654654654654653	0.421682299318190401
0.468468468468468568	0.431094850642257166
0.471471471471471393	0.381208328624703385
0.474474474474474661	0.395327155610803505
0.477477477477477485	0.409445982596903624
0.48048048048048031	0.38591460428673674
0.483483483483483578	0.35579444004972316
0.486486486486486402	0.378384563227483317
0.489489489489489671	0.373678287565449962
0.492492492492492495	0.369913267035823279
0.495495495495495319	0.386855859419143411
0.498498498498498588	0.335086827136776289
0.501501501501501412	0.353911929784909818
0.504504504504504681	0.381208328624703385
0.507507507507507505	0.354853184917316489
0.510510510510510329	0.352970674652503091
0.513513513513513598	0.322850510415489511
0.516516516516516422	0.311555448826609405
0.51951951951951969	0.343558123328436382
0.522522522522522515	0.304966662899762708
0.525525525525525339	0.298377876972915956
0.528528528528528607	0.342616868196029711
0.531531531531531432	0.35202941952009642
0.5345345345345347	0.35579444004972316
0.537537537537537524	0.327556786077522866
0.540540540540540349	0.339793102798809643
0.543543543543543617	0.333204316871962947
0.546546546546546441	0.320968000150676169
0.54954954954954971	0.308731683429389392
0.552552552552552534	0.28708281538403585
0.555555555555555358	0.324733020680302853
0.558558558558558627	0.288965325648849192
0.561561561561561451	0.268257712735902376
0.564564564564564719	0.28708281538403585
0.567567567567567544	0.261668926809055624
0.570570570570570368	0.289906580781255918
0.573573573573573636	0.284259049986815837
0.576576576576576461	0.271081478133122389
0.579579579579579729	0.262610181941462295
0.582582582582582553	0.302142897502542696
0.585585585585585378	0.288965325648849192
0.588588588588588646	0.286141560251629179
0.59159159159159147	0.285200305119222508
0.594594594594594739	0.269198967868309047
0.597597597597597563	0.266375202471089034
0.600600600600600387	0.288024070516442521
0.603603603603603656	0.263551437073868966
0.60660660660660648	0.266375202471089034
0.609609609609609748	0.279552774324782483
0.612612612612612573	0.256021396014615599
0.615615615615615397	0.261668926809055624
0.618618618618618665	0.248491354955362204
0.62162162162162149	0.246608844690548834
0.624624624624624758	0.284259049986815837
0.627627627627627582	0.255080140882208928
0.630630630630630407	0.256021396014615599
0.633633633633633675	0.243785079293328821
0.636636636636636499	0.241902569028515479
0.639639639639639768	0.233431272836855386
0.642642642642642592	0.241902569028515479
0.645645645645645416	0.22495997664519532
0.648648648648648685	0.261668926809055624
0.651651651651651509	0.228724997174822031
0.654654654654654777	0.252256375484988915
0.657657657657657602	0.20801738426187516
0.660660660660660426	0.236255038234075426
0.663663663663663694	0.207076129129468489
0.666666666666666519	0.247550099822955533
0.669669669669669787	0.226842486910008662
0.672672672672672611	0.196722322672995081
0.675675675675675436	0.228724997174822031
0.678678678678678704	0.215547425321128583
0.681681681681681528	0.215547425321128583
0.684684684684684797	0.224018721512788649
0.687687687687687621	0.208958639394281859
0.690690690690690445	0.202369853467435107
0.693693693693693714	0.217429935585941925
0.696696696696696538	0.217429935585941925
0.699699699699699806	0.231548762572042044
0.702702702702702631	0.238137548498888768
0.705705705705705455	0.212723659923908542
0.708708708708708723	0.176955964892454909
0.711711711711711548	0.207076129129468489
0.714714714714714816	0.183544750819301633
0.71771771771771764	0.197663577805401752
0.720720720720720909	0.195781067540588383
0.723723723723723733	0.203311108599841805
0.726726726726726557	0.188251026481334988
0.729729729729729826	0.19295730214336837
0.73273273273273265	0.20801738426187516
0.735735735735735918	0.179779730289674922
0.738738738738738743	0.208958639394281859
0.741741741741741567	0.195781067540588383
0.744744744744744835	0.17601470976004821
0.74774774774774766	0.189192281613741659
0.750750750750750928	0.193898557275775041
0.753753753753753752	0.230607507439635373
0.756756756756756577	0.17789722002486158
0.759759759759759845	0.169425923833201486
0.762762762762762669	0.175073454627641539
0.765765765765765938	0.167543413568388144
0.768768768768768762	0.19295730214336837
0.771771771771771586	0.17789722002486158
0.774774774774774855	0.165660903303574802
0.777777777777777679	0.190133536746148357
0.780780780780780947	0.179779730289674922
0.783783783783783772	0.190133536746148357
0.786786786786786596	0.195781067540588383
0.789789789789789864	0.175073454627641539
0.792792792792792689	0.173190944362828197
0.795795795795795957	0.168484668700794815
0.798798798798798781	0.179779730289674922
0.801801801801801606	0.191074791878555028
0.804804804804804874	0.181662240554488263
0.807807807807807698	0.186368516216521646
0.810810810810810967	0.174132199495234868
0.813813813813813791	0.160013372509134749
0.816816816816816615	0.155307096847101367
0.819819819819819884	0.162837137906354762
0.822822822822822708	0.185427261084114975
0.825825825825825977	0.175073454627641539
0.828828828828828801	0.152483331449881354
0.831831831831831625	0.165660903303574802
0.834834834834834894	0.143070780125814589
0.837837837837837718	0.19295730214336837
0.840840840840840986	0.161895882773948091
0.843843843843843811	0.157189607111914709
0.846846846846846635	0.163778393038761433
0.849849849849849903	0.148718310920254643
0.852852852852852727	0.175073454627641539
0.855855855855855996	0.127069442874901128
0.85885885885885882	0.16095462764154142
0.861861861861861644	0.16095462764154142
0.864864864864864913	0.158130862244321407
0.867867867867867737	0.162837137906354762
0.870870870870871006	0.160013372509134749
0.87387387387387383	0.152483331449881354
0.876876876876876654	0.158130862244321407
0.879879879879879923	0.144953290390627959
0.882882882882882747	0.14589454552303463
0.885885885885886015	0.14401203525822126
0.88888888888888884	0.140247014728594577
0.891891891891891664	0.158130862244321407
0.894894894894894932	0.155307096847101367
0.897897897897897757	0.137423249331374536
0.900900900900901025	0.159072117376728078
0.903903903903903849	0.141188269861001248
0.906906906906906674	0.135540739066561194
0.909909909909909942	0.147777055787847972
0.912912912912912766	0.158130862244321407
0.915915915915916035	0.143070780125814589
0.918918918918918859	0.149659566052661314
0.921921921921921683	0.143070780125814589
0.924924924924924952	0.144953290390627959
0.927927927927927776	0.141188269861001248
0.930930930930931044	0.151542076317474683
0.933933933933933869	0.112009360756394324
0.936936936936936693	0.12048065694805439
0.939939939939939961	0.125186932610087759
0.942942942942942786	0.153424586582288025
0.945945945945946054	0.166602158435981473
0.948948948948948878	0.127069442874901128
0.951951951951951703	0.142129524993407919
0.954954954954954971	0.149659566052661314
0.957957957957957795	0.158130862244321407
0.960960960960961064	0.148718310920254643
0.963963963963963888	0.129893208272121141
0.966966966966966712	0.119539401815647719
0.969969969969969981	0.131775718536934483
0.972972972972972805	0.12048065694805439
0.975975975975976073	0.124245677477681102
0.978978978978978898	0.144953290390627959
0.981981981981982166	0.121421912080461075
0.98498498498498499	0.148718310920254643
0.987987987987987815	0.121421912080461075
0.990990990990991083	0.133658228801747853
0.993993993993993907	0.119539401815647719
0.996996996996997176	0.134599483934154524
1	0.130834463404527812
1.00300300300300282	0.128010698007307799
1.00600600600600565	0.112009360756394324
1.00900900900900936	0.115774381286021022
1.01201201201201219	0.113891871021207666
1.01501501501501501	0.112950615888800995
1.01801801801801783	0.12895195313971447
1.02102102102102066	0.117656891550834378
1.02402402402402437	0.126128187742494458
1.0270270270270272	0.125186932610087759
1.03003003003003002	0.109185595359174298
1.03303303303303284	0.099773044035107547
1.03603603603603567	0.104479319697140929
1.03903903903903938	0.122363167212867746
1.0420420420420422	0.114833126153614351
1.04504504504504503	0.125186932610087759
1.04804804804804785	0.0950667683730741786
1.05105105105105068	0.118598146683241049
1.05405405405405439	0.108244340226767627
1.05705705705705721	0.141188269861001248
1.06006006006006004	0.113891871021207666
1.06306306306306286	0.136481994198967865
1.06606606606606569	0.099773044035107547
1.0690690690690694	0.106361829961954271
1.07207207207207222	0.12048065694805439
1.07507507507507505	0.114833126153614351
1.07807807807807787	0.101655554299920903
1.0810810810810807	0.118598146683241049
1.08408408408408441	0.119539401815647719
1.08708708708708723	0.106361829961954271
1.09009009009009006	0.1054205748295476
1.09309309309309288	0.109185595359174298
1.09609609609609571	0.122363167212867746
1.09909909909909942	0.107303085094360942
1.10210210210210224	0.132716973669341182
1.10510510510510507	0.113891871021207666
1.10810810810810789	0.112009360756394324
1.11111111111111072	0.1054205748295476
1.11411411411411443	0.0960080235054808495
1.11711711711711725	0.104479319697140929
1.12012012012012008	0.12048065694805439
1.1231231231231229	0.118598146683241049
1.12612612612612573	0.108244340226767627
1.12912912912912944	0.111068105623987654
1.13213213213213226	0.100714299167514218
1.13513513513513509	0.0913017478434474672
1.13813813813813791	0.103538064564734245
1.14114114114114074	0.123304422345274417
1.14414414414414445	0.0988317889027008761
1.14714714714714727	0.104479319697140929
1.1501501501501501	0.118598146683241049
1.15315315315315292	0.0978905337702941913
1.15615615615615575	0.0978905337702941913
1.15915915915915946	0.0941255132406674938
1.16216216216216228	0.100714299167514218
1.16516516516516511	0.100714299167514218
1.16816816816816793	0.084712961916600743
1.17117117117117076	0.0931842581082608229
1.17417417417417447	0.110126850491580969
1.17717717717717729	0.101655554299920903
1.18018018018018012	0.109185595359174298
1.18318318318318294	0.100714299167514218
1.18618618618618576	0.0753004105925339923
1.18918918918918948	0.112009360756394324
1.1921921921921923	0.0941255132406674938
1.19519519519519513	0.116715636418427693
1.19819819819819795	0.0903604927110407963
1.20120120120120077	0.0978905337702941913
1.20420420420420449	0.0960080235054808495
1.20720720720720731	0.0903604927110407963
1.21021021021021014	0.0950667683730741786
1.21321321321321296	0.0903604927110407963
1.21621621621621578	0.0978905337702941913
1.2192192192192195	0.0913017478434474672
1.22222222222222232	0.0734179003277206504
1.22522522522522515	0.099773044035107547
1.22822822822822797	0.092243002975854152
1.23123123123123079	0.0828304516517874012
1.23423423423423451	0.0875367273138207697
1.23723723723723733	0.092243002975854152
1.24024024024024015	0.0856542170490074278
1.24324324324324298	0.084712961916600743
1.2462462462462458	0.092243002975854152
1.24924924924924952	0.0875367273138207697
1.25225225225225234	0.0978905337702941913
1.25525525525525516	0.0903604927110407963
1.25825825825825799	0.084712961916600743
1.26126126126126081	0.0790654311221607037
1.26426426426426453	0.0856542170490074278
1.26726726726726735	0.0856542170490074278
1.27027027027027017	0.0668291144008739263
1.273273273273273	0.0903604927110407963
1.27627627627627582	0.0884779824462274544
1.27927927927927954	0.0988317889027008761
1.28228228228228236	0.0762416657249406771
1.28528528528528518	0.084712961916600743
1.28828828828828801	0.0894192375786341254
1.29129129129129083	0.0705941349305006238
1.29429429429429455	0.0837717067841940721
1.29729729729729737	0.0884779824462274544
1.30030030030030019	0.0818891965193807164
1.30330330330330302	0.077182920857347348
1.30630630630630584	0.0903604927110407963
1.30930930930930955	0.0705941349305006238
1.31231231231231238	0.0894192375786341254
1.3153153153153152	0.0781241759897540189
1.31831831831831803	0.0837717067841940721
1.32132132132132085	0.0724766451953139795
1.32432432432432456	0.0658878592684672415
1.32732732732732739	0.0762416657249406771
1.33033033033033021	0.0818891965193807164
1.33333333333333304	0.0734179003277206504
1.33633633633633586	0.0931842581082608229
1.33933933933933957	0.0781241759897540189
1.3423423423423424	0.0913017478434474672
1.34534534534534522	0.0837717067841940721
1.34834834834834805	0.0978905337702941913
1.35135135135135087	0.0724766451953139795
1.35435435435435458	0.077182920857347348
1.35735735735735741	0.0640053490036538997
1.36036036036036023	0.0602403284740271952
1.36336336336336306	0.077182920857347348
1.36636636636636677	0.0781241759897540189
1.36936936936936959	0.0705941349305006238
1.37237237237237242	0.0790654311221607037
1.37537537537537524	0.0696528797980939529
1.37837837837837807	0.0621228387388405509
1.38138138138138178	0.0696528797980939529
1.3843843843843846	0.0800066862545673746
1.38738738738738743	0.0753004105925339923
1.39039039039039025	0.0658878592684672415
1.39339339339339308	0.0640053490036538997
1.39639639639639679	0.0696528797980939529
1.39939939939939961	0.0630640938712472288
1.40240240240240244	0.0687116246656872681
1.40540540540540526	0.0649466041360605706
1.40840840840840809	0.0762416657249406771
1.4114114114114118	0.0781241759897540189
1.41441441441441462	0.0800066862545673746
1.41741741741741745	0.0696528797980939529
1.42042042042042027	0.0668291144008739263
1.4234234234234231	0.0545927976795871489
1.42642642642642681	0.0856542170490074278
1.42942942942942963	0.0640053490036538997
1.43243243243243246	0.0837717067841940721
1.43543543543543528	0.0658878592684672415
1.43843843843843811	0.0743591554601273214
1.44144144144144182	0.0677703695332805972
1.44444444444444464	0.0630640938712472288
1.44744744744744747	0.0649466041360605706
1.45045045045045029	0.0837717067841940721
1.45345345345345311	0.0630640938712472288
1.45645645645645683	0.0734179003277206504
1.45945945945945965	0.0743591554601273214
1.46246246246246248	0.0687116246656872681
1.4654654654654653	0.0611815836064338731
1.46846846846846812	0.0649466041360605706
1.47147147147147184	0.0545927976795871489
1.47447447447447466	0.0715353900629072947
1.47747747747747749	0.0649466041360605706
1.48048048048048031	0.0734179003277206504
1.48348348348348313	0.0734179003277206504
1.48648648648648685	0.0762416657249406771
1.48948948948948967	0.0555340528119938268
1.4924924924924925	0.0592990733416205243
1.49549549549549532	0.0658878592684672415
1.49849849849849814	0.0592990733416205243
1.50150150150150186	0.0602403284740271952
1.50450450450450468	0.0715353900629072947
1.5075075075075075	0.0668291144008739263
1.51051051051051033	0.0705941349305006238
1.51351351351351315	0.0611815836064338731
1.51651651651651687	0.0630640938712472288
1.51951951951951969	0.0724766451953139795
1.52252252252252251	0.0602403284740271952
1.52552552552552534	0.0564753079444004977
1.52852852852852816	0.0668291144008739263
1.53153153153153188	0.0809479413869740455
1.5345345345345347	0.0583578182092138464
1.53753753753753752	0.0517690322823671223
1.54054054054054035	0.0555340528119938268
1.54354354354354317	0.0545927976795871489
1.54654654654654689	0.0640053490036538997
1.54954954954954971	0.0592990733416205243
1.55255255255255253	0.0536515425471804711
1.55555555555555536	0.0564753079444004977
1.55855855855855818	0.0527102874147738001
1.56156156156156189	0.0715353900629072947
1.56456456456456472	0.0555340528119938268
1.56756756756756754	0.0508277771499604514
1.57057057057057037	0.0574165630768071755
1.57357357357357319	0.0602403284740271952
1.5765765765765769	0.0640053490036538997
1.57957957957957973	0.0611815836064338731
1.58258258258258255	0.0640053490036538997
1.58558558558558538	0.0574165630768071755
1.5885885885885882	0.0555340528119938268
1.59159159159159191	0.0564753079444004977
1.59459459459459474	0.0527102874147738001
1.59759759759759756	0.0592990733416205243
1.60060060060060039	0.0658878592684672415
1.60360360360360321	0.0602403284740271952
1.60660660660660692	0.0508277771499604514
1.60960960960960975	0.0470627566203337469
1.61261261261261257	0.0555340528119938268
1.6156156156156154	0.0470627566203337469
1.61861861861861822	0.0592990733416205243
1.62162162162162193	0.0574165630768071755
1.62462462462462476	0.0705941349305006238
1.62762762762762758	0.0470627566203337469
1.63063063063063041	0.0376502052962669961
1.63363363363363323	0.0498865220175537735
1.63663663663663694	0.0508277771499604514
1.63963963963963977	0.0498865220175537735
1.64264264264264259	0.0621228387388405509
1.64564564564564542	0.0574165630768071755
1.64864864864864824	0.0592990733416205243
1.65165165165165195	0.0480040117527404248
1.65465465465465478	0.0621228387388405509
1.6576576576576576	0.0649466041360605706
1.66066066066066043	0.0527102874147738001
1.66366366366366325	0.0592990733416205243
1.66666666666666696	0.0545927976795871489
1.66966966966966979	0.0451802463555203981
1.67267267267267261	0.0536515425471804711
1.67567567567567544	0.0668291144008739263
1.67867867867867826	0.0592990733416205243
1.68168168168168197	0.0564753079444004977
1.6846846846846848	0.0574165630768071755
1.68768768768768762	0.0527102874147738001
1.69069069069069045	0.0621228387388405509
1.69369369369369327	0.0527102874147738001
1.69669669669669698	0.0423564809583003715
1.69969969969969981	0.0517690322823671223
1.70270270270270263	0.0536515425471804711
1.70570570570570545	0.0470627566203337469
1.70870870870870828	0.0451802463555203981
1.71171171171171199	0.0498865220175537735
1.71471471471471482	0.0508277771499604514
1.71771771771771764	0.0611815836064338731
1.72072072072072046	0.0621228387388405509
1.72372372372372329	0.0621228387388405509
1.726726726726727	0.0451802463555203981
1.72972972972972983	0.0564753079444004977
1.73273273273273265	0.0414152258258937006
1.73573573573573547	0.0423564809583003715
1.7387387387387383	0.0451802463555203981
1.74174174174174201	0.0583578182092138464
1.74474474474474484	0.046121501487927076
1.74774774774774766	0.0517690322823671223
1.75075075075075048	0.0498865220175537735
1.75375375375375331	0.0395327155610803518
1.75675675675675702	0.0574165630768071755
1.75975975975975985	0.0592990733416205243
1.76276276276276267	0.0442389912231137272
1.76576576576576549	0.0574165630768071755
1.76876876876876832	0.0583578182092138464
1.77177177177177203	0.0480040117527404248
1.77477477477477485	0.0508277771499604514
1.77777777777777768	0.046121501487927076
1.7807807807807805	0.0527102874147738001
1.78378378378378333	0.0498865220175537735
1.78678678678678704	0.0442389912231137272
1.78978978978978986	0.0470627566203337469
1.79279279279279269	0.0583578182092138464
1.79579579579579551	0.0536515425471804711
1.79879879879879834	0.0451802463555203981
1.80180180180180205	0.0498865220175537735
1.80480480480480487	0.0489452668851470957
1.8078078078078077	0.0489452668851470957
1.81081081081081052	0.0376502052962669961
1.81381381381381335	0.0545927976795871489
1.81681681681681706	0.0517690322823671223
1.81981981981981988	0.046121501487927076
1.82282282282282271	0.0320026745018269498
1.82582582582582553	0.0404739706934870228
1.82882882882882836	0.0480040117527404248
1.83183183183183207	0.0470627566203337469
1.83483483483483489	0.0451802463555203981
1.83783783783783772	0.0376502052962669961
1.84084084084084054	0.0414152258258937006
1.84384384384384337	0.0630640938712472288
1.84684684684684708	0.0442389912231137272
1.8498498498498499	0.0376502052962669961
1.85285285285285273	0.0338851847666402986
1.85585585585585555	0.0395327155610803518
1.85885885885885838	0.0508277771499604514
1.86186186186186209	0.0442389912231137272
1.86486486486486491	0.0498865220175537735
1.86786786786786774	0.0517690322823671223
1.87087087087087056	0.0414152258258937006
1.87387387387387427	0.0574165630768071755
1.8768768768768771	0.0489452668851470957
1.87987987987987992	0.0432977360907070494
1.88288288288288275	0.0574165630768071755
1.88588588588588557	0.0564753079444004977
1.88888888888888928	0.0423564809583003715
1.89189189189189211	0.0320026745018269498
1.89489489489489493	0.0423564809583003715
1.89789789789789776	0.046121501487927076
1.90090090090090058	0.0348264398990469765
1.90390390390390429	0.0489452668851470957
1.90690690690690712	0.0489452668851470957
1.90990990990990994	0.0376502052962669961
1.91291291291291277	0.0470627566203337469
1.91591591591591559	0.046121501487927076
1.9189189189189193	0.0395327155610803518
1.92192192192192213	0.0470627566203337469
1.92492492492492495	0.0367089501638603252
1.92792792792792778	0.0498865220175537735
1.9309309309309306	0.0442389912231137272
1.93393393393393431	0.0395327155610803518
1.93693693693693714	0.0498865220175537735
1.93993993993993996	0.0376502052962669961
1.94294294294294279	0.0376502052962669961
1.94594594594594561	0.0301201642370135976
1.94894894894894932	0.0310614193694202755
1.95195195195195215	0.0357676950314536474
1.95495495495495497	0.0583578182092138464
1.9579579579579578	0.038591460428673674
1.96096096096096062	0.0338851847666402986
1.96396396396396433	0.0489452668851470957
1.96696696696696716	0.0489452668851470957
1.96996996996996998	0.0508277771499604514
1.9729729729729728	0.0272963988397935745
1.97597597597597563	0.0310614193694202755
1.97897897897897934	0.0414152258258937006
1.98198198198198217	0.0423564809583003715
1.98498498498498499	0.0423564809583003715
1.98798798798798781	0.0395327155610803518
1.99099099099099064	0.0357676950314536474
1.99399399399399435	0.0395327155610803518
1.99699699699699718	0.0517690322823671223
2	0.0442389912231137272
2.00300300300300282	0.0320026745018269498
2.00600600600600565	0.0357676950314536474
2.00900900900900936	0.0451802463555203981
2.01201201201201219	0.0310614193694202755
2.01501501501501501	0.038591460428673674
2.01801801801801783	0.0329439296342336208
2.02102102102102066	0.0404739706934870228
2.02402402402402437	0.0320026745018269498
2.0270270270270272	0.0320026745018269498
2.03003003003003002	0.0376502052962669961
2.03303303303303284	0.0338851847666402986
2.03603603603603567	0.0367089501638603252
2.03903903903903938	0.0414152258258937006
2.0420420420420422	0.0451802463555203981
2.04504504504504503	0.0367089501638603252
2.04804804804804785	0.038591460428673674
2.05105105105105068	0.0414152258258937006
2.05405405405405439	0.0310614193694202755
2.05705705705705721	0.0282376539722002488
2.06006006006006004	0.0367089501638603252
2.06306306306306286	0.0263551437073869001
2.06606606606606569	0.0451802463555203981
2.0690690690690694	0.046121501487927076
2.07207207207207222	0.0404739706934870228
2.07507507507507505	0.0329439296342336208
2.07807807807807787	0.0338851847666402986
2.0810810810810807	0.038591460428673674
2.08408408408408441	0.0442389912231137272
2.08708708708708723	0.0395327155610803518
2.09009009009009006	0.0282376539722002488
2.09309309309309288	0.0338851847666402986
2.09609609609609571	0.0414152258258937006
2.09909909909909942	0.0254138885749802257
2.10210210210210224	0.0348264398990469765
2.10510510510510507	0.0272963988397935745
2.10810810810810789	0.0348264398990469765
2.11111111111111072	0.0216488680453535247
2.11411411411411443	0.0310614193694202755
2.11711711711711725	0.0451802463555203981
2.12012012012012008	0.0414152258258937006
2.1231231231231229	0.0414152258258937006
2.12612612612612573	0.0263551437073869001
2.12912912912912944	0.046121501487927076
2.13213213213213226	0.0291789091046069232
2.13513513513513509	0.0320026745018269498
2.13813813813813791	0.0338851847666402986
2.14114114114114074	0.0263551437073869001
2.14414414414414445	0.0272963988397935745
2.14714714714714727	0.0235313783101668735
2.1501501501501501	0.0348264398990469765
2.15315315315315292	0.0376502052962669961
2.15615615615615575	0.0376502052962669961
2.15915915915915946	0.0282376539722002488
2.16216216216216228	0.0338851847666402986
2.16516516516516511	0.0282376539722002488
2.16816816816816793	0.0320026745018269498
2.17117117117117076	0.0376502052962669961
2.17417417417417447	0.0451802463555203981
2.17717717717717729	0.0395327155610803518
2.18018018018018012	0.0301201642370135976
2.18318318318318294	0.0320026745018269498
2.18618618618618576	0.0404739706934870228
2.18918918918918948	0.0310614193694202755
2.1921921921921923	0.0301201642370135976
2.19519519519519513	0.0395327155610803518
2.19819819819819795	0.0376502052962669961
2.20120120120120077	0.0244726334425735478
2.20420420420420449	0.0301201642370135976
2.20720720720720731	0.0338851847666402986
2.21021021021021014	0.0244726334425735478
2.21321321321321296	0.0451802463555203981
2.21621621621621578	0.0338851847666402986
2.2192192192192195	0.0376502052962669961
2.22222222222222232	0.0282376539722002488
2.22522522522522515	0.0320026745018269498
2.22822822822822797	0.0254138885749802257
2.23123123123123079	0.0301201642370135976
2.23423423423423451	0.0320026745018269498
2.23723723723723733	0.0291789091046069232
2.24024024024024015	0.0282376539722002488
2.24324324324324298	0.038591460428673674
2.2462462462462458	0.0310614193694202755
2.24924924924924952	0.0225901231777601991
2.25225225225225234	0.0282376539722002488
2.25525525525525516	0.0329439296342336208
2.25825825825825799	0.0254138885749802257
2.26126126126126081	0.0310614193694202755
2.26426426426426453	0.0329439296342336208
2.26726726726726735	0.0291789091046069232
2.27027027027027017	0.0291789091046069232
2.273273273273273	0.038591460428673674
2.27627627627627582	0.0244726334425735478
2.27927927927927954	0.0263551437073869001
2.28228228228228236	0.0263551437073869001
2.28528528528528518	0.0404739706934870228
2.28828828828828801	0.0357676950314536474
2.29129129129129083	0.0291789091046069232
2.29429429429429455	0.0338851847666402986
2.29729729729729737	0.0301201642370135976
2.30030030030030019	0.0338851847666402986
2.30330330330330302	0.0301201642370135976
2.30630630630630584	0.0254138885749802257
2.30930930930930955	0.0320026745018269498
2.31231231231231238	0.0310614193694202755
2.3153153153153152	0.0188251026481334981
2.31831831831831803	0.0254138885749802257
2.32132132132132085	0.0310614193694202755
2.32432432432432456	0.0320026745018269498
2.32732732732732739	0.0310614193694202755
2.33033033033033021	0.0348264398990469765
2.33333333333333304	0.0320026745018269498
2.33633633633633586	0.0320026745018269498
2.33933933933933957	0.0263551437073869001
2.3423423423423424	0.0376502052962669961
2.34534534534534522	0.0310614193694202755
2.34834834834834805	0.0291789091046069232
2.35135135135135087	0.0244726334425735478
2.35435435435435458	0.0282376539722002488
2.35735735735735741	0.0310614193694202755
2.36036036036036023	0.0329439296342336208
2.36336336336336306	0.0301201642370135976
2.36636636636636588	0.0272963988397935745
2.36936936936936959	0.0282376539722002488
2.37237237237237242	0.0395327155610803518
2.37537537537537524	0.0235313783101668735
2.37837837837837807	0.0338851847666402986
2.38138138138138089	0.0282376539722002488
2.3843843843843846	0.0254138885749802257
2.38738738738738743	0.0263551437073869001
2.39039039039039025	0.0254138885749802257
2.39339339339339308	0.0338851847666402986
2.39639639639639679	0.0310614193694202755
2.39939939939939961	0.0263551437073869001
2.40240240240240244	0.0272963988397935745
2.40540540540540526	0.0357676950314536474
2.40840840840840809	0.0338851847666402986
2.4114114114114118	0.0244726334425735478
2.41441441441441462	0.0320026745018269498
2.41741741741741745	0.0320026745018269498
2.42042042042042027	0.0197663577805401759
2.4234234234234231	0.0348264398990469765
2.42642642642642681	0.0291789091046069232
2.42942942942942963	0.0225901231777601991
2.43243243243243246	0.0216488680453535247
2.43543543543543528	0.0263551437073869001
2.43843843843843811	0.0282376539722002488
2.44144144144144182	0.0272963988397935745
2.44444444444444464	0.0301201642370135976
2.44744744744744747	0.0225901231777601991
2.45045045045045029	0.0291789091046069232
2.45345345345345311	0.0254138885749802257
2.45645645645645683	0.0310614193694202755
2.45945945945945965	0.0244726334425735478
2.46246246246246248	0.0320026745018269498
2.4654654654654653	0.0291789091046069232
2.46846846846846812	0.0320026745018269498
2.47147147147147184	0.0244726334425735478
2.47447447447447466	0.0254138885749802257
2.47747747747747749	0.0348264398990469765
2.48048048048048031	0.0310614193694202755
2.48348348348348313	0.0442389912231137272
2.48648648648648685	0.0348264398990469765
2.48948948948948967	0.0254138885749802257
2.4924924924924925	0.0225901231777601991
2.49549549549549532	0.0216488680453535247
2.49849849849849814	0.0254138885749802257
2.50150150150150186	0.0178838475157268237
2.50450450450450468	0.0207076129129468503
2.5075075075075075	0.0291789091046069232
2.51051051051051033	0.0244726334425735478
2.51351351351351315	0.0310614193694202755
2.51651651651651687	0.0301201642370135976
2.51951951951951969	0.0310614193694202755
2.52252252252252251	0.0291789091046069232
2.52552552552552534	0.0320026745018269498
2.52852852852852816	0.0244726334425735478
2.53153153153153188	0.0188251026481334981
2.5345345345345347	0.0254138885749802257
2.53753753753753752	0.0301201642370135976
2.54054054054054035	0.0178838475157268237
2.54354354354354317	0.0235313783101668735
2.54654654654654689	0.0244726334425735478
2.54954954954954971	0.0207076129129468503
2.55255255255255253	0.0254138885749802257
2.55555555555555536	0.0235313783101668735
2.55855855855855818	0.0357676950314536474
2.56156156156156189	0.0178838475157268237
2.56456456456456472	0.0301201642370135976
2.56756756756756754	0.0244726334425735478
2.57057057057057037	0.0272963988397935745
2.57357357357357319	0.0207076129129468503
2.5765765765765769	0.0188251026481334981
2.57957957957957973	0.0216488680453535247
2.58258258258258255	0.0348264398990469765
2.58558558558558538	0.0310614193694202755
2.5885885885885882	0.0301201642370135976
2.59159159159159191	0.0310614193694202755
2.59459459459459474	0.0310614193694202755
2.59759759759759756	0.0235313783101668735
2.60060060060060039	0.0263551437073869001
2.60360360360360321	0.0225901231777601991
2.60660660660660692	0.0291789091046069232
2.60960960960960975	0.0235313783101668735
2.61261261261261257	0.0216488680453535247
2.6156156156156154	0.0178838475157268237
2.61861861861861822	0.0263551437073869001
2.62162162162162193	0.0310614193694202755
2.62462462462462476	0.0263551437073869001
2.62762762762762758	0.0235313783101668735
2.63063063063063041	0.0254138885749802257
2.63363363363363323	0.0244726334425735478
2.63663663663663694	0.0244726334425735478
2.63963963963963977	0.0225901231777601991
2.64264264264264259	0.0254138885749802257
2.64564564564564542	0.0254138885749802257
2.64864864864864824	0.0197663577805401759
2.65165165165165195	0.0188251026481334981
2.65465465465465478	0.0263551437073869001
2.6576576576576576	0.0235313783101668735
2.66066066066066043	0.0254138885749802257
2.66366366366366325	0.0197663577805401759
2.66666666666666696	0.0291789091046069232
2.66966966966966979	0.0197663577805401759
2.67267267267267261	0.0254138885749802257
2.67567567567567544	0.0225901231777601991
2.67867867867867826	0.0188251026481334981
2.68168168168168197	0.0169425923833201493
2.6846846846846848	0.0225901231777601991
2.68768768768768762	0.0178838475157268237
2.69069069069069045	0.0282376539722002488
2.69369369369369327	0.0216488680453535247
2.69669669669669698	0.0244726334425735478
2.69969969969969981	0.0244726334425735478
2.70270270270270263	0.0188251026481334981
2.70570570570570545	0.0263551437073869001
2.70870870870870828	0.0141188269861001244
2.71171171171171199	0.0254138885749802257
2.71471471471471482	0.0216488680453535247
2.71771771771771764	0.0263551437073869001
2.72072072072072046	0.0357676950314536474
2.72372372372372329	0.01317757185369345
2.726726726726727	0.0225901231777601991
2.72972972972972983	0.0197663577805401759
2.73273273273273265	0.0235313783101668735
2.73573573573573547	0.0216488680453535247
2.7387387387387383	0.0263551437073869001
2.74174174174174201	0.0216488680453535247
2.74474474474474484	0.0235313783101668735
2.74774774774774766	0.0150600821185067988
2.75075075075075048	0.0254138885749802257
2.75375375375375331	0.0207076129129468503
2.75675675675675702	0.0225901231777601991
2.75975975975975985	0.0197663577805401759
2.76276276276276267	0.0235313783101668735
2.76576576576576549	0.0254138885749802257
2.76876876876876832	0.0188251026481334981
2.77177177177177203	0.0216488680453535247
2.77477477477477485	0.0235313783101668735
2.77777777777777768	0.0169425923833201493
2.7807807807807805	0.0310614193694202755
2.78378378378378333	0.0169425923833201493
2.78678678678678704	0.0244726334425735478
2.78978978978978986	0.0263551437073869001
2.79279279279279269	0.0216488680453535247
2.79579579579579551	0.0197663577805401759
2.79879879879879834	0.0272963988397935745
2.80180180180180205	0.0263551437073869001
2.80480480480480487	0.0207076129129468503
2.8078078078078077	0.0188251026481334981
2.81081081081081052	0.0225901231777601991
2.81381381381381335	0.0160013372509134749
2.81681681681681706	0.0197663577805401759
2.81981981981981988	0.0301201642370135976
2.82282282282282271	0.01317757185369345
2.82582582582582553	0.0225901231777601991
2.82882882882882836	0.0263551437073869001
2.83183183183183207	0.0169425923833201493
2.83483483483483489	0.0263551437073869001
2.83783783783783772	0.0225901231777601991
2.84084084084084054	0.0150600821185067988
2.84384384384384337	0.0244726334425735478
2.84684684684684708	0.0235313783101668735
2.8498498498498499	0.0235313783101668735
2.85285285285285273	0.0235313783101668735
2.85585585585585555	0.0320026745018269498
2.85885885885885838	0.0216488680453535247
2.86186186186186209	0.0169425923833201493
2.86486486486486491	0.0169425923833201493
2.86786786786786774	0.0150600821185067988
2.87087087087087056	0.0150600821185067988
2.87387387387387339	0.0263551437073869001
2.8768768768768771	0.0207076129129468503
2.87987987987987992	0.0160013372509134749
2.88288288288288275	0.0150600821185067988
2.88588588588588557	0.0225901231777601991
2.8888888888888884	0.0112950615888800995
2.89189189189189211	0.0207076129129468503
2.89489489489489493	0.0235313783101668735
2.89789789789789776	0.0207076129129468503
2.90090090090090058	0.0188251026481334981
2.90390390390390429	0.0254138885749802257
2.90690690690690712	0.0197663577805401759
2.90990990990990994	0.0188251026481334981
2.91291291291291277	0.0122363167212867739
2.91591591591591559	0.0216488680453535247
2.9189189189189193	0.0254138885749802257
2.92192192192192213	0.0160013372509134749
2.92492492492492495	0.0178838475157268237
2.92792792792792778	0.0254138885749802257
2.9309309309309306	0.0225901231777601991
2.93393393393393431	0.0263551437073869001
2.93693693693693714	0.0197663577805401759
2.93993993993993996	0.0207076129129468503
2.94294294294294279	0.0188251026481334981
2.94594594594594561	0.0235313783101668735
2.94894894894894932	0.0178838475157268237
2.95195195195195215	0.0141188269861001244
2.95495495495495497	0.0188251026481334981
2.9579579579579578	0.0207076129129468503
2.96096096096096062	0.0160013372509134749
2.96396396396396433	0.0216488680453535247
2.96696696696696716	0.0188251026481334981
2.96996996996996998	0.0188251026481334981
2.9729729729729728	0.0235313783101668735
2.97597597597597563	0.0178838475157268237
2.97897897897897934	0.0188251026481334981
2.98198198198198217	0.0188251026481334981
2.98498498498498499	0.0197663577805401759
2.98798798798798781	0.0207076129129468503
2.99099099099099064	0.0216488680453535247
2.99399399399399435	0.00941255132406674903
2.99699699699699718	0.0225901231777601991
3	0.0244726334425735478
