-3	0.011570573956034759
-2.99699699699699718	0.00890044150464212175
-2.99399399399399391	0.0133506622569631826
-2.99099099099099108	0.00890044150464212175
-2.98798798798798781	0.00979048565510633358
-2.98498498498498499	0.00712035320371369723
-2.98198198198198217	0.0151307505578916063
-2.9789789789789789	0.0133506622569631826
-2.97597597597597607	0.0106805298055705454
-2.9729729729729728	0.0106805298055705454
-2.96996996996996998	0.00801039735417790992
-2.96696696696696716	0.00801039735417790992
-2.96396396396396389	0.0124606181064989708
-2.96096096096096106	0.0151307505578916063
-2.9579579579579578	0.0124606181064989708
-2.95495495495495497	0.0133506622569631826
-2.95195195195195215	0.0124606181064989708
-2.94894894894894888	0.0106805298055705454
-2.94594594594594605	0.0133506622569631826
-2.94294294294294279	0.0160207947083558198
-2.93993993993993996	0.0133506622569631826
-2.93693693693693714	0.0169108388588200299
-2.93393393393393387	0.0151307505578916063
-2.93093093093093104	0.00890044150464212175
-2.92792792792792778	0.0142407064074273945
-2.92492492492492495	0.0124606181064989708
-2.92192192192192213	0.0178008830092842435
-2.91891891891891886	0.0133506622569631826
-2.91591591591591603	0.00979048565510633358
-2.91291291291291277	0.0124606181064989708
-2.90990990990990994	0.0142407064074273945
-2.90690690690690712	0.00801039735417790992
-2.90390390390390385	0.0106805298055705454
-2.90090090090090102	0.0124606181064989708
-2.89789789789789776	0.011570573956034759
-2.89489489489489493	0.0133506622569631826
-2.89189189189189211	0.0151307505578916063
-2.88888888888888884	0.0186909271597484571
-2.88588588588588602	0.0160207947083558198
-2.88288288288288275	0.0106805298055705454
-2.87987987987987992	0.00801039735417790992
-2.8768768768768771	0.00890044150464212175
-2.87387387387387383	0.011570573956034759
-2.87087087087087101	0.0142407064074273945
-2.86786786786786774	0.00979048565510633358
-2.86486486486486491	0.00979048565510633358
-2.86186186186186209	0.0124606181064989708
-2.85885885885885882	0.0133506622569631826
-2.855855855855856	0.0142407064074273945
-2.85285285285285273	0.00712035320371369723
-2.8498498498498499	0.0142407064074273945
-2.84684684684684708	0.011570573956034759
-2.84384384384384381	0.00801039735417790992
-2.84084084084084099	0.0142407064074273945
-2.83783783783783772	0.0169108388588200299
-2.83483483483483489	0.0186909271597484571
-2.83183183183183207	0.0133506622569631826
-2.8288288288288288	0.0124606181064989708
-2.82582582582582598	0.0169108388588200299
-2.82282282282282271	0.011570573956034759
-2.81981981981981988	0.0133506622569631826
-2.81681681681681662	0.0133506622569631826
-2.81381381381381379	0.0169108388588200299
-2.81081081081081097	0.0142407064074273945
-2.8078078078078077	0.011570573956034759
-2.80480480480480487	0.00979048565510633358
-2.80180180180180161	0.00801039735417790992
-2.79879879879879878	0.0151307505578916063
-2.79579579579579596	0.00890044150464212175
-2.79279279279279269	0.0142407064074273945
-2.78978978978978986	0.011570573956034759
-2.7867867867867866	0.0195809713102126672
-2.78378378378378377	0.0142407064074273945
-2.78078078078078095	0.0151307505578916063
-2.77777777777777768	0.00979048565510633358
-2.77477477477477485	0.00890044150464212175
-2.77177177177177159	0.0124606181064989708
-2.76876876876876876	0.0160207947083558198
-2.76576576576576594	0.00712035320371369723
-2.76276276276276267	0.0142407064074273945
-2.75975975975975985	0.0133506622569631826
-2.75675675675675658	0.0160207947083558198
-2.75375375375375375	0.0151307505578916063
-2.75075075075075093	0.0142407064074273945
-2.74774774774774766	0.0151307505578916063
-2.74474474474474484	0.0195809713102126672
-2.74174174174174157	0.0133506622569631826
-2.73873873873873874	0.0133506622569631826
-2.73573573573573592	0.0169108388588200299
-2.73273273273273265	0.0133506622569631826
-2.72972972972972983	0.0160207947083558198
-2.72672672672672656	0.0186909271597484571
-2.72372372372372373	0.0124606181064989708
-2.72072072072072091	0.0186909271597484571
-2.71771771771771764	0.0178008830092842435
-2.71471471471471482	0.0195809713102126672
-2.71171171171171155	0.0124606181064989708
-2.70870870870870872	0.011570573956034759
-2.7057057057057059	0.011570573956034759
-2.70270270270270263	0.00979048565510633358
-2.69969969969969981	0.0186909271597484571
-2.69669669669669654	0.0213610596111410908
-2.69369369369369371	0.0178008830092842435
-2.69069069069069045	0.00979048565510633358
-2.68768768768768762	0.0151307505578916063
-2.6846846846846848	0.0151307505578916063
-2.68168168168168153	0.0186909271597484571
-2.6786786786786787	0.011570573956034759
-2.67567567567567544	0.0142407064074273945
-2.67267267267267261	0.0142407064074273945
-2.66966966966966979	0.0151307505578916063
-2.66666666666666652	0.0142407064074273945
-2.66366366366366369	0.0106805298055705454
-2.66066066066066043	0.011570573956034759
-2.6576576576576576	0.011570573956034759
-2.65465465465465478	0.0142407064074273945
-2.65165165165165151	0.0151307505578916063
-2.64864864864864868	0.0124606181064989708
-2.64564564564564542	0.0142407064074273945
-2.64264264264264259	0.00979048565510633358
-2.63963963963963977	0.00890044150464212175
-2.6366366366366365	0.0142407064074273945
-2.63363363363363367	0.0195809713102126672
-2.63063063063063041	0.00890044150464212175
-2.62762762762762758	0.0124606181064989708
-2.62462462462462476	0.0195809713102126672
-2.62162162162162149	0.024031192062533728
-2.61861861861861867	0.0178008830092842435
-2.6156156156156154	0.0151307505578916063
-2.61261261261261257	0.0151307505578916063
-2.60960960960960975	0.0249212362129979416
-2.60660660660660648	0.0169108388588200299
-2.60360360360360366	0.0133506622569631826
-2.60060060060060039	0.0186909271597484571
-2.59759759759759756	0.011570573956034759
-2.59459459459459474	0.0231411479120695179
-2.59159159159159147	0.0169108388588200299
-2.58858858858858865	0.0169108388588200299
-2.58558558558558538	0.0160207947083558198
-2.58258258258258255	0.0124606181064989708
-2.57957957957957973	0.0124606181064989708
-2.57657657657657646	0.0186909271597484571
-2.57357357357357364	0.0169108388588200299
-2.57057057057057037	0.0151307505578916063
-2.56756756756756754	0.011570573956034759
-2.56456456456456472	0.0169108388588200299
-2.56156156156156145	0.0106805298055705454
-2.55855855855855863	0.0169108388588200299
-2.55555555555555536	0.0151307505578916063
-2.55255255255255253	0.011570573956034759
-2.54954954954954971	0.0195809713102126672
-2.54654654654654644	0.0124606181064989708
-2.54354354354354362	0.0195809713102126672
-2.54054054054054035	0.0178008830092842435
-2.53753753753753752	0.011570573956034759
-2.5345345345345347	0.0169108388588200299
-2.53153153153153143	0.0186909271597484571
-2.52852852852852861	0.0106805298055705454
-2.52552552552552534	0.0169108388588200299
-2.52252252252252251	0.0124606181064989708
-2.51951951951951969	0.0186909271597484571
-2.51651651651651642	0.0106805298055705454
-2.5135135135135136	0.00979048565510633358
-2.51051051051051033	0.0195809713102126672
-2.5075075075075075	0.0133506622569631826
-2.50450450450450468	0.0169108388588200299
-2.50150150150150141	0.0160207947083558198
-2.49849849849849859	0.0160207947083558198
-2.49549549549549532	0.0178008830092842435
-2.4924924924924925	0.0186909271597484571
-2.48948948948948967	0.0213610596111410908
-2.4864864864864864	0.0151307505578916063
-2.48348348348348358	0.0231411479120695179
-2.48048048048048031	0.0160207947083558198
-2.47747747747747749	0.0151307505578916063
-2.47447447447447466	0.0204710154606768807
-2.47147147147147139	0.0293714569653190025
-2.46846846846846857	0.0222511037616053044
-2.4654654654654653	0.0160207947083558198
-2.46246246246246248	0.0169108388588200299
-2.45945945945945965	0.0222511037616053044
-2.45645645645645638	0.0178008830092842435
-2.45345345345345356	0.0160207947083558198
-2.45045045045045029	0.0186909271597484571
-2.44744744744744747	0.0124606181064989708
-2.44444444444444464	0.0204710154606768807
-2.44144144144144137	0.0169108388588200299
-2.43843843843843855	0.0222511037616053044
-2.43543543543543528	0.0186909271597484571
-2.43243243243243246	0.0222511037616053044
-2.42942942942942963	0.0169108388588200299
-2.42642642642642636	0.011570573956034759
-2.42342342342342354	0.0178008830092842435
-2.42042042042042027	0.0124606181064989708
-2.41741741741741745	0.0222511037616053044
-2.41441441441441462	0.0106805298055705454
-2.41141141141141135	0.0178008830092842435
-2.40840840840840853	0.0124606181064989708
-2.40540540540540526	0.0186909271597484571
-2.40240240240240244	0.0169108388588200299
-2.39939939939939961	0.0169108388588200299
-2.39639639639639634	0.0195809713102126672
-2.39339339339339352	0.0231411479120695179
-2.39039039039039025	0.0133506622569631826
-2.38738738738738743	0.0267013245139263652
-2.3843843843843846	0.0204710154606768807
-2.38138138138138133	0.0222511037616053044
-2.37837837837837851	0.0186909271597484571
-2.37537537537537524	0.0178008830092842435
-2.37237237237237242	0.0142407064074273945
-2.36936936936936959	0.0195809713102126672
-2.36636636636636633	0.0124606181064989708
-2.3633633633633635	0.0213610596111410908
-2.36036036036036023	0.0204710154606768807
-2.35735735735735741	0.0222511037616053044
-2.35435435435435458	0.0195809713102126672
-2.35135135135135132	0.0169108388588200299
-2.34834834834834849	0.0231411479120695179
-2.34534534534534522	0.0160207947083558198
-2.3423423423423424	0.0258112803634621517
-2.33933933933933957	0.0231411479120695179
-2.33633633633633631	0.0231411479120695179
-2.33333333333333348	0.0142407064074273945
-2.33033033033033021	0.0169108388588200299
-2.32732732732732739	0.0169108388588200299
-2.32432432432432456	0.011570573956034759
-2.3213213213213213	0.0106805298055705454
-2.31831831831831847	0.0258112803634621517
-2.3153153153153152	0.0142407064074273945
-2.31231231231231238	0.0151307505578916063
-2.30930930930930955	0.0142407064074273945
-2.30630630630630629	0.0204710154606768807
-2.30330330330330346	0.0195809713102126672
-2.30030030030030019	0.0195809713102126672
-2.29729729729729737	0.0249212362129979416
-2.29429429429429455	0.0204710154606768807
-2.29129129129129128	0.0178008830092842435
-2.28828828828828845	0.0151307505578916063
-2.28528528528528518	0.0213610596111410908
-2.28228228228228236	0.0204710154606768807
-2.27927927927927954	0.0142407064074273945
-2.27627627627627627	0.0169108388588200299
-2.27327327327327344	0.0231411479120695179
-2.27027027027027017	0.0213610596111410908
-2.26726726726726735	0.0133506622569631826
-2.26426426426426453	0.0178008830092842435
-2.26126126126126126	0.0204710154606768807
-2.25825825825825799	0.0213610596111410908
-2.25525525525525516	0.0169108388588200299
-2.25225225225225234	0.0249212362129979416
-2.24924924924924952	0.0204710154606768807
-2.24624624624624625	0.0204710154606768807
-2.24324324324324298	0.0124606181064989708
-2.24024024024024015	0.0213610596111410908
-2.23723723723723733	0.0249212362129979416
-2.23423423423423451	0.0178008830092842435
-2.23123123123123124	0.0258112803634621517
-2.22822822822822797	0.0249212362129979416
-2.22522522522522515	0.024031192062533728
-2.22222222222222232	0.0160207947083558198
-2.2192192192192195	0.0231411479120695179
-2.21621621621621623	0.024031192062533728
-2.21321321321321296	0.0186909271597484571
-2.21021021021021014	0.0258112803634621517
-2.20720720720720731	0.0178008830092842435
-2.20420420420420449	0.0195809713102126672
-2.20120120120120122	0.0151307505578916063
-2.19819819819819795	0.0204710154606768807
-2.19519519519519513	0.0284814128148547889
-2.1921921921921923	0.0178008830092842435
-2.18918918918918903	0.024031192062533728
-2.18618618618618621	0.0195809713102126672
-2.18318318318318294	0.0169108388588200299
-2.18018018018018012	0.024031192062533728
-2.17717717717717729	0.0213610596111410908
-2.17417417417417402	0.0178008830092842435
-2.1711711711711712	0.0222511037616053044
-2.16816816816816793	0.0169108388588200299
-2.16516516516516511	0.0267013245139263652
-2.16216216216216228	0.0222511037616053044
-2.15915915915915901	0.0275913686643905788
-2.15615615615615619	0.0124606181064989708
-2.15315315315315292	0.0178008830092842435
-2.1501501501501501	0.0160207947083558198
-2.14714714714714727	0.0186909271597484571
-2.144144144144144	0.0222511037616053044
-2.14114114114114118	0.0186909271597484571
-2.13813813813813791	0.024031192062533728
-2.13513513513513509	0.0133506622569631826
-2.13213213213213226	0.0213610596111410908
-2.12912912912912899	0.0169108388588200299
-2.12612612612612617	0.0106805298055705454
-2.1231231231231229	0.0267013245139263652
-2.12012012012012008	0.0204710154606768807
-2.11711711711711725	0.0275913686643905788
-2.11411411411411398	0.0204710154606768807
-2.11111111111111116	0.0249212362129979416
-2.10810810810810789	0.0169108388588200299
-2.10510510510510507	0.024031192062533728
-2.10210210210210224	0.0213610596111410908
-2.09909909909909898	0.0302615011157832126
-2.09609609609609615	0.0204710154606768807
-2.09309309309309288	0.0222511037616053044
-2.09009009009009006	0.0249212362129979416
-2.08708708708708723	0.0222511037616053044
-2.08408408408408397	0.0302615011157832126
-2.08108108108108114	0.0142407064074273945
-2.07807807807807787	0.0160207947083558198
-2.07507507507507505	0.0213610596111410908
-2.07207207207207222	0.0302615011157832126
-2.06906906906906896	0.0267013245139263652
-2.06606606606606613	0.0249212362129979416
-2.06306306306306286	0.0195809713102126672
-2.06006006006006004	0.024031192062533728
-2.05705705705705721	0.0249212362129979416
-2.05405405405405395	0.0213610596111410908
-2.05105105105105112	0.0195809713102126672
-2.04804804804804785	0.0186909271597484571
-2.04504504504504503	0.0258112803634621517
-2.0420420420420422	0.0275913686643905788
-2.03903903903903894	0.0267013245139263652
-2.03603603603603611	0.0302615011157832126
-2.03303303303303284	0.0249212362129979416
-2.03003003003003002	0.0169108388588200299
-2.0270270270270272	0.0222511037616053044
-2.02402402402402393	0.0213610596111410908
-2.0210210210210211	0.0160207947083558198
-2.01801801801801783	0.0231411479120695179
-2.01501501501501501	0.0186909271597484571
-2.01201201201201219	0.0204710154606768807
-2.00900900900900892	0.0267013245139263652
-2.00600600600600609	0.0284814128148547889
-2.00300300300300282	0.0169108388588200299
-2	0.0231411479120695179
-1.99699699699699695	0.0311515452662474261
-1.99399399399399391	0.0213610596111410908
-1.99099099099099108	0.0178008830092842435
-1.98798798798798804	0.0186909271597484571
-1.98498498498498499	0.0204710154606768807
-1.98198198198198194	0.0293714569653190025
-1.9789789789789789	0.0195809713102126672
-1.97597597597597607	0.0186909271597484571
-1.97297297297297303	0.0222511037616053044
-1.96996996996996998	0.0293714569653190025
-1.96696696696696693	0.0320415894167116397
-1.96396396396396389	0.0249212362129979416
-1.96096096096096106	0.0293714569653190025
-1.95795795795795802	0.0311515452662474261
-1.95495495495495497	0.0267013245139263652
-1.95195195195195192	0.0249212362129979416
-1.94894894894894888	0.0284814128148547889
-1.94594594594594605	0.0222511037616053044
-1.94294294294294301	0.0213610596111410908
-1.93993993993993996	0.0213610596111410908
-1.93693693693693691	0.0213610596111410908
-1.93393393393393387	0.0338216777176400599
-1.93093093093093104	0.0302615011157832126
-1.927927927927928	0.0329316335671758498
-1.92492492492492495	0.0311515452662474261
-1.92192192192192191	0.0320415894167116397
-1.91891891891891886	0.024031192062533728
-1.91591591591591603	0.0267013245139263652
-1.91291291291291299	0.0195809713102126672
-1.90990990990990994	0.0293714569653190025
-1.9069069069069069	0.0284814128148547889
-1.90390390390390385	0.0231411479120695179
-1.9009009009009008	0.0231411479120695179
-1.89789789789789798	0.0249212362129979416
-1.89489489489489493	0.0258112803634621517
-1.89189189189189189	0.0267013245139263652
-1.88888888888888884	0.0222511037616053044
-1.88588588588588579	0.0258112803634621517
-1.88288288288288297	0.024031192062533728
-1.87987987987987992	0.0222511037616053044
-1.87687687687687688	0.0275913686643905788
-1.87387387387387383	0.0275913686643905788
-1.87087087087087078	0.0186909271597484571
-1.86786786786786796	0.0231411479120695179
-1.86486486486486491	0.0267013245139263652
-1.86186186186186187	0.0293714569653190025
-1.85885885885885882	0.0204710154606768807
-1.85585585585585577	0.0302615011157832126
-1.85285285285285295	0.0311515452662474261
-1.8498498498498499	0.0258112803634621517
-1.84684684684684686	0.0302615011157832126
-1.84384384384384381	0.0311515452662474261
-1.84084084084084076	0.0284814128148547889
-1.83783783783783794	0.0329316335671758498
-1.83483483483483489	0.0320415894167116397
-1.83183183183183185	0.0231411479120695179
-1.8288288288288288	0.0275913686643905788
-1.82582582582582575	0.0284814128148547889
-1.82282282282282293	0.0267013245139263652
-1.81981981981981988	0.0195809713102126672
-1.81681681681681684	0.0249212362129979416
-1.81381381381381379	0.0275913686643905788
-1.81081081081081074	0.0320415894167116397
-1.80780780780780792	0.0329316335671758498
-1.80480480480480487	0.0409420309213537614
-1.80180180180180183	0.0231411479120695179
-1.79879879879879878	0.0400519867708895444
-1.79579579579579574	0.0258112803634621517
-1.79279279279279291	0.0249212362129979416
-1.78978978978978986	0.0275913686643905788
-1.78678678678678682	0.0293714569653190025
-1.78378378378378377	0.0320415894167116397
-1.78078078078078073	0.0302615011157832126
-1.77777777777777768	0.0338216777176400599
-1.77477477477477485	0.0329316335671758498
-1.77177177177177181	0.0320415894167116397
-1.76876876876876876	0.0329316335671758498
-1.76576576576576572	0.0320415894167116397
-1.76276276276276267	0.0329316335671758498
-1.75975975975975985	0.0427221192222821816
-1.7567567567567568	0.0302615011157832126
-1.75375375375375375	0.0320415894167116397
-1.75075075075075071	0.0418320750718179715
-1.74774774774774766	0.0329316335671758498
-1.74474474474474484	0.0293714569653190025
-1.74174174174174179	0.0347117218681042769
-1.73873873873873874	0.0186909271597484571
-1.7357357357357357	0.0275913686643905788
-1.73273273273273265	0.0293714569653190025
-1.72972972972972983	0.0311515452662474261
-1.72672672672672678	0.035601766018568487
-1.72372372372372373	0.0373818543194969141
-1.72072072072072069	0.0302615011157832126
-1.71771771771771764	0.0311515452662474261
-1.71471471471471482	0.0302615011157832126
-1.71171171171171177	0.035601766018568487
-1.70870870870870872	0.024031192062533728
-1.70570570570570568	0.0338216777176400599
-1.70270270270270263	0.0427221192222821816
-1.69969969969969981	0.0302615011157832126
-1.69669669669669676	0.0391619426204253343
-1.69369369369369371	0.0347117218681042769
-1.69069069069069067	0.0436121633727463986
-1.68768768768768762	0.0275913686643905788
-1.6846846846846848	0.0409420309213537614
-1.68168168168168175	0.0409420309213537614
-1.6786786786786787	0.0436121633727463986
-1.67567567567567566	0.0409420309213537614
-1.67267267267267261	0.035601766018568487
-1.66966966966966979	0.0453922516736748188
-1.66666666666666674	0.0373818543194969141
-1.66366366366366369	0.035601766018568487
-1.66066066066066065	0.0373818543194969141
-1.6576576576576576	0.0409420309213537614
-1.65465465465465478	0.024031192062533728
-1.65165165165165173	0.035601766018568487
-1.64864864864864868	0.0293714569653190025
-1.64564564564564564	0.0436121633727463986
-1.64264264264264259	0.0231411479120695179
-1.63963963963963955	0.0436121633727463986
-1.63663663663663672	0.0347117218681042769
-1.63363363363363367	0.0382718984699611242
-1.63063063063063063	0.0320415894167116397
-1.62762762762762758	0.0178008830092842435
-1.62462462462462454	0.0445022075232106087
-1.62162162162162171	0.0498424724259958832
-1.61861861861861867	0.0347117218681042769
-1.61561561561561562	0.0400519867708895444
-1.61261261261261257	0.0480623841250674561
-1.60960960960960953	0.0338216777176400599
-1.6066066066066067	0.0445022075232106087
-1.60360360360360366	0.0436121633727463986
-1.60060060060060061	0.0445022075232106087
-1.59759759759759756	0.035601766018568487
-1.59459459459459452	0.0409420309213537614
-1.59159159159159169	0.0347117218681042769
-1.58858858858858865	0.0409420309213537614
-1.5855855855855856	0.0409420309213537614
-1.58258258258258255	0.047172339974603246
-1.57957957957957951	0.0382718984699611242
-1.57657657657657668	0.0418320750718179715
-1.57357357357357364	0.0347117218681042769
-1.57057057057057059	0.047172339974603246
-1.56756756756756754	0.0480623841250674561
-1.5645645645645645	0.0382718984699611242
-1.56156156156156167	0.0382718984699611242
-1.55855855855855863	0.0507325165764600933
-1.55555555555555558	0.0347117218681042769
-1.55255255255255253	0.0409420309213537614
-1.54954954954954949	0.0489524282755316661
-1.54654654654654666	0.0525126048773885204
-1.54354354354354362	0.0445022075232106087
-1.54054054054054057	0.0311515452662474261
-1.53753753753753752	0.0418320750718179715
-1.53453453453453448	0.0453922516736748188
-1.53153153153153165	0.0364918101690326971
-1.52852852852852861	0.0329316335671758498
-1.52552552552552556	0.0391619426204253343
-1.52252252252252251	0.0382718984699611242
-1.51951951951951947	0.0338216777176400599
-1.51651651651651642	0.0364918101690326971
-1.5135135135135136	0.0480623841250674561
-1.51051051051051055	0.0409420309213537614
-1.5075075075075075	0.0445022075232106087
-1.50450450450450446	0.0507325165764600933
-1.50150150150150141	0.047172339974603246
-1.49849849849849859	0.0364918101690326971
-1.49549549549549554	0.0507325165764600933
-1.4924924924924925	0.0311515452662474261
-1.48948948948948945	0.0409420309213537614
-1.4864864864864864	0.0436121633727463986
-1.48348348348348358	0.0507325165764600933
-1.48048048048048053	0.0462822958241390359
-1.47747747747747749	0.0507325165764600933
-1.47447447447447444	0.0427221192222821816
-1.47147147147147139	0.0427221192222821816
-1.46846846846846857	0.0418320750718179715
-1.46546546546546552	0.0391619426204253343
-1.46246246246246248	0.0418320750718179715
-1.45945945945945943	0.0427221192222821816
-1.45645645645645638	0.0534026490278527305
-1.45345345345345356	0.0427221192222821816
-1.45045045045045051	0.0498424724259958832
-1.44744744744744747	0.0373818543194969141
-1.44444444444444442	0.0507325165764600933
-1.44144144144144137	0.0382718984699611242
-1.43843843843843855	0.0534026490278527305
-1.4354354354354355	0.0560727814792453677
-1.43243243243243246	0.0373818543194969141
-1.42942942942942941	0.0391619426204253343
-1.42642642642642636	0.0516225607269243034
-1.42342342342342354	0.0480623841250674561
-1.42042042042042049	0.0587429139306380049
-1.41741741741741745	0.0400519867708895444
-1.4144144144144144	0.0418320750718179715
-1.41141141141141135	0.0542926931783169406
-1.40840840840840853	0.0453922516736748188
-1.40540540540540548	0.0542926931783169406
-1.40240240240240244	0.0445022075232106087
-1.39939939939939939	0.0302615011157832126
-1.39639639639639634	0.0560727814792453677
-1.3933933933933933	0.0445022075232106087
-1.39039039039039047	0.0560727814792453677
-1.38738738738738743	0.0614130463820306421
-1.38438438438438438	0.0542926931783169406
-1.38138138138138133	0.0480623841250674561
-1.37837837837837829	0.0542926931783169406
-1.37537537537537546	0.0498424724259958832
-1.37237237237237242	0.0445022075232106087
-1.36936936936936937	0.0578528697801737879
-1.36636636636636633	0.0516225607269243034
-1.36336336336336328	0.0551827373287811576
-1.36036036036036045	0.0587429139306380049
-1.35735735735735741	0.0453922516736748188
-1.35435435435435436	0.0453922516736748188
-1.35135135135135132	0.0614130463820306421
-1.34834834834834827	0.0347117218681042769
-1.34534534534534544	0.0551827373287811576
-1.3423423423423424	0.0507325165764600933
-1.33933933933933935	0.0534026490278527305
-1.33633633633633631	0.0453922516736748188
-1.33333333333333326	0.0498424724259958832
-1.33033033033033044	0.0507325165764600933
-1.32732732732732739	0.0623030905324948522
-1.32432432432432434	0.0516225607269243034
-1.3213213213213213	0.0489524282755316661
-1.31831831831831825	0.0676433554352801197
-1.31531531531531543	0.0631931346829590623
-1.31231231231231238	0.0578528697801737879
-1.30930930930930933	0.0489524282755316661
-1.30630630630630629	0.0587429139306380049
-1.30330330330330324	0.0747637086389938282
-1.30030030030030042	0.0738736644885296112
-1.29729729729729737	0.0551827373287811576
-1.29429429429429432	0.047172339974603246
-1.29129129129129128	0.0534026490278527305
-1.28828828828828823	0.0676433554352801197
-1.28528528528528541	0.0578528697801737879
-1.28228228228228236	0.0534026490278527305
-1.27927927927927931	0.0747637086389938282
-1.27627627627627627	0.0623030905324948522
-1.27327327327327322	0.0587429139306380049
-1.27027027027027017	0.0667533112848159166
-1.26726726726726735	0.0605230022315664251
-1.2642642642642643	0.0525126048773885204
-1.26126126126126126	0.0569628256297095778
-1.25825825825825821	0.0756537527894580314
-1.25525525525525516	0.059632958081102215
-1.25225225225225234	0.0685333995857443368
-1.24924924924924929	0.0667533112848159166
-1.24624624624624625	0.0649732229838874825
-1.2432432432432432	0.0507325165764600933
-1.24024024024024015	0.0614130463820306421
-1.23723723723723733	0.0667533112848159166
-1.23423423423423428	0.0525126048773885204
-1.23123123123123124	0.0614130463820306421
-1.22822822822822819	0.0676433554352801197
-1.22522522522522515	0.0801039735417790888
-1.22222222222222232	0.0694234437362085538
-1.21921921921921927	0.0614130463820306421
-1.21621621621621623	0.0667533112848159166
-1.21321321321321318	0.059632958081102215
-1.21021021021021014	0.071203532037136974
-1.20720720720720731	0.0649732229838874825
-1.20420420420420426	0.0765437969399222484
-1.20120120120120122	0.0774338410903864516
-1.19819819819819817	0.059632958081102215
-1.19519519519519513	0.0729836203380653942
-1.1921921921921923	0.0694234437362085538
-1.18918918918918926	0.0694234437362085538
-1.18618618618618621	0.0738736644885296112
-1.18318318318318316	0.0756537527894580314
-1.18018018018018012	0.0640831788334232794
-1.17717717717717729	0.0614130463820306421
-1.17417417417417425	0.0729836203380653942
-1.1711711711711712	0.0551827373287811576
-1.16816816816816815	0.0685333995857443368
-1.16516516516516511	0.0623030905324948522
-1.16216216216216228	0.0863342825950285803
-1.15915915915915924	0.0640831788334232794
-1.15615615615615619	0.0738736644885296112
-1.15315315315315314	0.0747637086389938282
-1.1501501501501501	0.0640831788334232794
-1.14714714714714727	0.0783238852408506686
-1.14414414414414423	0.0765437969399222484
-1.14114114114114118	0.0694234437362085538
-1.13813813813813813	0.0765437969399222484
-1.13513513513513509	0.072093576187601191
-1.13213213213213204	0.0801039735417790888
-1.12912912912912922	0.0667533112848159166
-1.12612612612612617	0.0658632671343516995
-1.12312312312312312	0.0667533112848159166
-1.12012012012012008	0.0801039735417790888
-1.11711711711711703	0.0783238852408506686
-1.11411411411411421	0.071203532037136974
-1.11111111111111116	0.0809940176922433058
-1.10810810810810811	0.0578528697801737879
-1.10510510510510507	0.0729836203380653942
-1.10210210210210202	0.0783238852408506686
-1.0990990990990992	0.0792139293913148856
-1.09609609609609615	0.0578528697801737879
-1.0930930930930931	0.0640831788334232794
-1.09009009009009006	0.0943446799492064919
-1.08708708708708701	0.0979048565510633323
-1.08408408408408419	0.0863342825950285803
-1.08108108108108114	0.0898944591968854345
-1.07807807807807809	0.0934546357987422749
-1.07507507507507505	0.082774105993171726
-1.072072072072072	0.0872243267454927973
-1.06906906906906918	0.0649732229838874825
-1.06606606606606613	0.0667533112848159166
-1.06306306306306309	0.0872243267454927973
-1.06006006006006004	0.0925645916482780717
-1.05705705705705699	0.0890044150464212175
-1.05405405405405417	0.0898944591968854345
-1.05105105105105112	0.0765437969399222484
-1.04804804804804808	0.0845541942941001601
-1.04504504504504503	0.082774105993171726
-1.04204204204204198	0.0898944591968854345
-1.03903903903903916	0.0890044150464212175
-1.03603603603603611	0.0774338410903864516
-1.03303303303303307	0.103245121453848607
-1.03003003003003002	0.0934546357987422749
-1.02702702702702697	0.0925645916482780717
-1.02402402402402415	0.0979048565510633323
-1.0210210210210211	0.0952347240996706951
-1.01801801801801806	0.0845541942941001601
-1.01501501501501501	0.0863342825950285803
-1.01201201201201196	0.0872243267454927973
-1.00900900900900892	0.0898944591968854345
-1.00600600600600609	0.0943446799492064919
-1.00300300300300305	0.110365474657562315
-1	0.0934546357987422749
-0.996996996996997176	0.0765437969399222484
-0.993993993993993907	0.0890044150464212175
-0.990990990990991083	0.0970148124005991291
-0.987987987987987815	0.0970148124005991291
-0.98498498498498499	0.0890044150464212175
-0.981981981981982166	0.110365474657562315
-0.978978978978978898	0.104135165604312824
-0.975975975975976073	0.0854442384445643632
-0.972972972972972805	0.0925645916482780717
-0.969969969969969981	0.105915253905241244
-0.966966966966967156	0.0809940176922433058
-0.963963963963963888	0.083664150143635943
-0.960960960960961064	0.101465033152920187
-0.957957957957957795	0.107695342206169678
-0.954954954954954971	0.106805298055705461
-0.951951951951952147	0.120155960312668647
-0.948948948948948878	0.108585386356633881
-0.945945945945946054	0.0934546357987422749
-0.942942942942942786	0.105025209754777041
-0.939939939939939961	0.0996849448519917664
-0.936936936936937137	0.083664150143635943
-0.933933933933933869	0.107695342206169678
-0.930930930930931044	0.112145562958490735
-0.927927927927927776	0.105915253905241244
-0.924924924924924952	0.0979048565510633323
-0.921921921921922127	0.111255518808026518
-0.918918918918918859	0.114815695409883373
-0.915915915915916035	0.118375872011740213
-0.912912912912912766	0.123716136914525487
-0.909909909909909942	0.109475430507098098
-0.906906906906907118	0.120155960312668647
-0.903903903903903849	0.116595783710811793
-0.900900900900901025	0.0987949007015275493
-0.897897897897897757	0.11926591616220443
-0.894894894894894932	0.131726534268703399
-0.891891891891892108	0.118375872011740213
-0.88888888888888884	0.112145562958490735
-0.885885885885886015	0.103245121453848607
-0.882882882882882747	0.113925651259419156
-0.879879879879879923	0.121936048613597067
-0.876876876876877098	0.103245121453848607
-0.87387387387387383	0.118375872011740213
-0.870870870870871006	0.13617675502102447
-0.867867867867867737	0.129946445967774965
-0.864864864864864913	0.129946445967774965
-0.861861861861862089	0.11926591616220443
-0.85885885885885882	0.111255518808026518
-0.855855855855855996	0.109475430507098098
-0.852852852852852727	0.121936048613597067
-0.849849849849849903	0.122826092764061284
-0.846846846846847079	0.139736931622881311
-0.843843843843843811	0.105025209754777041
-0.840840840840840986	0.144187152375202382
-0.837837837837837718	0.132616578419167602
-0.834834834834834894	0.104135165604312824
-0.831831831831832069	0.131726534268703399
-0.828828828828828801	0.137066799171488674
-0.825825825825825977	0.13617675502102447
-0.822822822822822708	0.13617675502102447
-0.819819819819819884	0.114815695409883373
-0.816816816816816615	0.129946445967774965
-0.813813813813813791	0.109475430507098098
-0.810810810810810967	0.126386269365918125
-0.807807807807807698	0.132616578419167602
-0.804804804804804874	0.154867682180772903
-0.801801801801801606	0.145077196525666585
-0.798798798798798781	0.143297108224738151
-0.795795795795795957	0.145077196525666585
-0.792792792792792689	0.138846887472417108
-0.789789789789789864	0.158427858782629771
-0.786786786786786596	0.160207947083558178
-0.783783783783783772	0.138846887472417108
-0.780780780780780947	0.120155960312668647
-0.777777777777777679	0.133506622569631833
-0.774774774774774855	0.1539776380303087
-0.771771771771771586	0.138846887472417108
-0.768768768768768762	0.129946445967774965
-0.765765765765765938	0.151307505578916063
-0.762762762762762669	0.148637373127523426
-0.759759759759759845	0.126386269365918125
-0.756756756756756577	0.165548211986343452
-0.753753753753753752	0.160207947083558178
-0.750750750750750928	0.156647770481701337
-0.74774774774774766	0.135286710870560239
-0.744744744744744835	0.147747328977059222
-0.741741741741741567	0.170888476889128726
-0.738738738738738743	0.172668565190057161
-0.735735735735735918	0.156647770481701337
-0.73273273273273265	0.164658167835879249
-0.729729729729729826	0.156647770481701337
-0.726726726726726557	0.189579404048877187
-0.723723723723723733	0.151307505578916063
-0.720720720720720909	0.184239139146091913
-0.71771771771771764	0.181569006694699275
-0.714714714714714816	0.183349094995627709
-0.711711711711711548	0.172668565190057161
-0.708708708708708723	0.162878079534950815
-0.705705705705705899	0.184239139146091913
-0.702702702702702631	0.175338697641449798
-0.699699699699699806	0.196699757252590895
-0.696696696696696538	0.169998432738664523
-0.693693693693693714	0.187799315747948781
-0.690690690690690889	0.203820110456304576
-0.687687687687687621	0.165548211986343452
-0.684684684684684797	0.193139580650734027
-0.681681681681681528	0.179788918393770869
-0.678678678678678704	0.198479845553519302
-0.67567567567567588	0.171778521039592957
-0.672672672672672611	0.201149978004911939
-0.669669669669669787	0.195809713102126665
-0.666666666666666519	0.196699757252590895
-0.663663663663663694	0.194919668951662461
-0.66066066066066087	0.176228741791914001
-0.657657657657657602	0.20204002215537617
-0.654654654654654777	0.210050419509554082
-0.651651651651651509	0.182459050845163506
-0.648648648648648685	0.213610596111410922
-0.64564564564564586	0.199369889703983533
-0.642642642642642592	0.197589801403055099
-0.639639639639639768	0.208270331208625648
-0.636636636636636499	0.181569006694699275
-0.633633633633633675	0.204710154606768807
-0.630630630630630851	0.191359492349805621
-0.627627627627627582	0.203820110456304576
-0.624624624624624758	0.230521434970230948
-0.62162162162162149	0.230521434970230948
-0.618618618618618665	0.208270331208625648
-0.615615615615615841	0.232301523271159382
-0.612612612612612573	0.210940463660018285
-0.609609609609609748	0.226961258368374108
-0.60660660660660648	0.252772538731836249
-0.603603603603603656	0.237641788173944657
-0.600600600600600831	0.243872097227194135
-0.597597597597597563	0.232301523271159382
-0.594594594594594739	0.206490242907697213
-0.59159159159159147	0.239421876474873063
-0.588588588588588646	0.213610596111410922
-0.585585585585585822	0.230521434970230948
-0.582582582582582553	0.221620993465588834
-0.579579579579579729	0.264343112687871029
-0.576576576576576461	0.2420920089262657
-0.573573573573573636	0.247432273829050975
-0.570570570570570812	0.228741346669302514
-0.567567567567567544	0.254552627032764656
-0.564564564564564719	0.233191567421623586
-0.561561561561561451	0.258112803634621524
-0.558558558558558627	0.235861699873016223
-0.555555555555555358	0.267903289289727842
-0.552552552552552534	0.247432273829050975
-0.54954954954954971	0.23853183232440886
-0.546546546546546441	0.27146346589158471
-0.543543543543543617	0.285704172299012127
-0.540540540540540349	0.267013245139263666
-0.537537537537537524	0.272353510042048941
-0.5345345345345347	0.284814128148547896
-0.531531531531531432	0.276803730794369984
-0.528528528528528607	0.275913686643905753
-0.525525525525525339	0.281253951546691028
-0.522522522522522515	0.282143995697155259
-0.51951951951951969	0.283924083998083665
-0.516516516516516422	0.266123200988799435
-0.513513513513513598	0.291044437201797401
-0.510510510510510329	0.307065231910153225
-0.507507507507507505	0.272353510042048941
-0.504504504504504681	0.276803730794369984
-0.501501501501501412	0.304395099458760587
-0.498498498498498588	0.288374304750404764
-0.495495495495495319	0.286594216449476302
-0.492492492492492495	0.309735364361545806
-0.489489489489489671	0.309735364361545806
-0.486486486486486402	0.364028057539862782
-0.483483483483483578	0.318635805866187949
-0.48048048048048031	0.323086026618508992
-0.477477477477477485	0.328426291521294267
-0.474474474474474661	0.333766556424079541
-0.471471471471471393	0.30172496700736795
-0.468468468468468568	0.349787351132435365
-0.4654654654654653	0.341776953778257453
-0.462462462462462476	0.320415894167116355
-0.459459459459459651	0.339106821326864816
-0.456456456456456383	0.352457483583828002
-0.453453453453453559	0.356907704336149101
-0.45045045045045029	0.354237571884756464
-0.447447447447447466	0.332876512273615366
-0.444444444444444642	0.346227174530578552
-0.441441441441441373	0.343557042079185915
-0.438438438438438549	0.381828940549147011
-0.435435435435435281	0.309735364361545806
-0.432432432432432456	0.36758823414171965
-0.429429429429429632	0.328426291521294267
-0.426426426426426364	0.391619426204253329
-0.423423423423423539	0.435231589576999756
-0.420420420420420271	0.352457483583828002
-0.417417417417417447	0.389839337903324923
-0.414414414414414622	0.395179602806110197
-0.411411411411411354	0.395179602806110197
-0.40840840840840853	0.406750176762144977
-0.405405405405405261	0.430781368824678712
-0.402402402402402437	0.381828940549147011
-0.399399399399399613	0.40408004431075234
-0.396396396396396344	0.41031035336400179
-0.39339339339339352	0.378268763947290143
-0.390390390390390252	0.398739779407967065
-0.387387387387387427	0.438791766178856624
-0.384384384384384603	0.437011677877928162
-0.381381381381381335	0.401409911859359703
-0.37837837837837851	0.400519867708895472
-0.375375375375375242	0.441461898630249261
-0.372372372372372418	0.463713002391854534
-0.369369369369369593	0.435231589576999756
-0.366366366366366325	0.443241986931177667
-0.363363363363363501	0.430781368824678712
-0.360360360360360232	0.486854150303924038
-0.357357357357357408	0.455702605037676622
-0.354354354354354584	0.485074062002995632
-0.351351351351351315	0.486854150303924038
-0.348348348348348491	0.459262781639533491
-0.345345345345345223	0.501984900861815686
-0.342342342342342398	0.489524282755316675
-0.339339339339339574	0.485074062002995632
-0.336336336336336306	0.539366755181312607
-0.333333333333333481	0.484184017852531401
-0.330330330330330213	0.489524282755316675
-0.327327327327327389	0.545597064234562112
-0.324324324324324564	0.509995298215993542
-0.321321321321321296	0.526906137074813596
-0.318318318318318472	0.498424724259958818
-0.315315315315315203	0.526016092924349365
-0.312312312312312379	0.487744194454388269
-0.309309309309309555	0.544707020084097882
-0.306306306306306286	0.585649051005451615
-0.303303303303303462	0.590099271757772659
-0.300300300300300194	0.558947726491525243
-0.297297297297297369	0.57941874195220211
-0.294294294294294101	0.574968521199881066
-0.291291291291291277	0.606120066466128482
-0.288288288288288452	0.551827373287811507
-0.285285285285285184	0.577638653651273648
-0.28228228228228236	0.587429139306380077
-0.279279279279279091	0.562507903093382056
-0.276276276276276267	0.655072494741660183
-0.273273273273273443	0.649732229838874908
-0.270270270270270174	0.615020507970770569
-0.26726726726726735	0.669313201149087544
-0.264264264264264082	0.626591081926805349
-0.261261261261261257	0.66397293624630227
-0.258258258258258433	0.638161655882840129
-0.255255255255255165	0.70046474641533496
-0.25225225225225234	0.705805011318120235
-0.249249249249249072	0.696904569813478147
-0.246246246246246248	0.689784216609764411
-0.243243243243243423	0.68889417245930018
-0.240240240240240155	0.676433554352801281
-0.237237237237237331	0.673763421901408588
-0.234234234234234062	0.731616291681582376
-0.231231231231231238	0.718265629424619245
-0.228228228228228414	0.728056115079725563
-0.225225225225225145	0.737846600734831881
-0.222222222222222321	0.736066512433903419
-0.219219219219219053	0.747637086389938199
-0.216216216216216228	0.708475143769512927
-0.213213213213213404	0.753867395443187704
-0.210210210210210136	0.715595496973226552
-0.207207207207207311	0.749417174690866661
-0.204204204204204043	0.788579117311291933
-0.201201201201201219	0.778788631656185615
-0.198198198198198394	0.838421589737287865
-0.195195195195195126	0.837531545586823634
-0.192192192192192302	0.756537527894580286
-0.189189189189189033	0.814390397674754185
-0.186186186186186209	0.849992163693322644
-0.183183183183183385	0.828631104082181547
-0.180180180180180116	0.871353223304463742
-0.177177177177177292	0.83308132483450259
-0.174174174174174023	0.889154106313747916
-0.171171171171171199	0.81973066257753946
-0.168168168168168375	0.89360432706606896
-0.165165165165165106	0.860672693498893193
-0.162162162162162282	0.864232870100750006
-0.159159159159159014	0.888264062163283796
-0.156156156156156189	0.888264062163283796
-0.153153153153153365	0.888264062163283796
-0.150150150150150097	0.886483973862355334
-0.147147147147147273	0.864232870100750006
-0.144144144144144004	0.930986181385565881
-0.14114114114114118	0.880253664809105829
-0.138138138138138356	0.961247682501349177
-0.135135135135135087	0.911405210075353245
-0.132132132132132263	0.907845033473496432
-0.129129129129128994	0.939886622890208079
-0.12612612612612617	0.909625121774424783
-0.123123123123123346	0.963917814952741758
-0.120120120120120077	0.948787064394850166
-0.117117117117117253	0.99061913946666813
-0.114114114114113985	0.971928212306919725
-0.11111111111111116	0.992399227767596592
-0.108108108108108336	1.03868152359173549
-0.105105105105105068	1.00396980172363137
-0.102102102102102243	1.03957156774219972
-0.0990990990990989751	1.08674390771680307
-0.0960960960960961508	1.01376028737873769
-0.0930930930930933265	1.04580187679544934
-0.0900900900900900581	1.01020011077688077
-0.0870870870870872338	1.03156117038802186
-0.0840840840840839654	1.06805298055705467
-0.0810810810810811411	1.04402178849452087
-0.0780780780780783168	0.985278874563882856
-0.0750750750750750484	1.02355077303384401
-0.0720720720720722241	1.04224170019359241
-0.0690690690690689557	1.07606337791123252
-0.0660660660660661314	1.06449280395519774
-0.0630630630630633071	1.13480629184187043
-0.0600600600600600387	1.09920452582330208
-0.0570570570570572144	1.09030408431865999
-0.054054054054053946	1.07873351036262521
-0.0510510510510511217	1.1339162476914062
-0.0480480480480478533	1.12501580618676411
-0.045045045045045029	1.17841845521461686
-0.0420420420420422047	1.09119412846912422
-0.0390390390390389364	1.08852399601773153
-0.0360360360360361121	1.09475430507098093
-0.0330330330330328437	1.13925651259419158
-0.0300300300300300194	1.08674390771680307
-0.0270270270270271951	1.12590585033722834
-0.0240240240240239267	1.170408057860439
-0.0210210210210211024	1.15794743975393999
-0.018018018018017834	1.13213615939047796
-0.0150150150150150097	1.16239766050626114
-0.0120120120120121854	1.14726690994836944
-0.00900900900900891699	1.17485827861276015
-0.00600600600600609269	1.20066955897622218
-0.0030030030030028243	1.12679589448769257
0	1.13925651259419158
0.0030030030030028243	1.1089950114784084
0.00600600600600609269	1.14637686579790521
0.00900900900900891699	1.17574832276322416
0.0120120120120121854	1.13124611524001373
0.0150150150150150097	1.12679589448769257
0.018018018018017834	1.13569633599233466
0.0210210210210211024	1.15438726315208329
0.0240240240240239267	1.12679589448769257
0.0270270270270271951	1.09564434922144516
0.0300300300300300194	1.19265916162204433
0.0330330330330328437	1.05915253905241258
0.0360360360360361121	1.11344523223072933
0.0390390390390389364	1.1303560710895495
0.0420420420420422047	1.08496381941587461
0.045045045045045029	1.06449280395519774
0.0480480480480478533	1.11611536468212202
0.0510510510510511217	1.0938642609205167
0.054054054054053946	1.04135165604312818
0.0570570570570572144	1.14281668919604851
0.0600600600600600387	1.08229368696448192
0.063063063063062863	1.07161315715891137
0.0660660660660661314	1.06182267150380505
0.0690690690690689557	1.10454479072608724
0.0720720720720722241	1.05025209754777027
0.0750750750750750484	1.03334125868895033
0.0780780780780778727	1.03957156774219972
0.0810810810810811411	1.02177068473291555
0.0840840840840839654	1.03601139114034302
0.0870870870870872338	1.10009456997376631
0.0900900900900900581	1.03601139114034302
0.0930930930930928824	1.00396980172363137
0.0960960960960961508	0.973708300607848076
0.0990990990990989751	1.01999059643198708
0.102102102102102243	1.03779147944127148
0.105105105105105068	1.03156117038802186
0.108108108108107892	1.02444081718430824
0.11111111111111116	1.04402178849452087
0.114114114114113985	1.02533086133477247
0.117117117117117253	0.977268477209705
0.120120120120120077	1.03512134698987879
0.123123123123122902	1.00307975757316714
0.12612612612612617	0.927426004783709068
0.129129129129128994	0.920305651579995332
0.132132132132132263	0.945226887792993353
0.135135135135135087	0.930096137235101761
0.138138138138137911	0.949677108545314397
0.14114114114114118	0.926535960633244837
0.144144144144144004	1.00307975757316714
0.147147147147147273	0.971038168156455495
0.150150150150150097	0.901614724420246927
0.153153153153152921	0.934546357987422804
0.156156156156156189	0.91763551912860275
0.159159159159159014	0.91763551912860275
0.162162162162162282	0.895384415366997422
0.165165165165165106	0.882033753110034291
0.168168168168167931	0.85622247274657215
0.171171171171171199	0.83308132483450259
0.174174174174174023	0.860672693498893193
0.177177177177177292	0.83308132483450259
0.180180180180180116	0.863342825950285775
0.18318318318318294	0.825070927480324623
0.186186186186186209	0.778788631656185615
0.189189189189189033	0.799259647116862482
0.192192192192192302	0.820620706728003579
0.195195195195195126	0.785908984859899351
0.19819819819819795	0.792139293913148856
0.201201201201201219	0.752087307142259243
0.204204204204204043	0.825070927480324623
0.207207207207207311	0.746747042239473968
0.210210210210210136	0.732506335832046607
0.213213213213213404	0.74852713054040243
0.216216216216216228	0.719155673575083476
0.219219219219219053	0.801039735417790943
0.222222222222222321	0.719155673575083476
0.225225225225225145	0.690674260760228642
0.228228228228228414	0.728056115079725563
0.231231231231231238	0.702244834716263422
0.234234234234234062	0.728946159230189794
0.237237237237237331	0.702244834716263422
0.240240240240240155	0.662192847945373808
0.243243243243243423	0.673763421901408588
0.246246246246246248	0.682663863406050786
0.249249249249249072	0.701354790565799191
0.25225225225225234	0.654182450591195952
0.255255255255255165	0.671983333600480237
0.258258258258258433	0.693344393211621224
0.261261261261261257	0.636381567581911667
0.264264264264264082	0.596329580811022164
0.26726726726726735	0.624810993625876887
0.270270270270270174	0.663082892095838039
0.273273273273273443	0.610570287218449526
0.276276276276276267	0.582088874403594803
0.279279279279279091	0.617690640422163262
0.28228228228228236	0.6034499340147359
0.285285285285285184	0.592769404209165351
0.288288288288288452	0.565178035544774748
0.291291291291291277	0.574968521199881066
0.294294294294294101	0.562507903093382056
0.297297297297297369	0.583868962704523153
0.300300300300300194	0.55627759404013255
0.303303303303303462	0.583868962704523153
0.306306306306306286	0.526906137074813596
0.309309309309309111	0.571408344598024254
0.312312312312312379	0.574078477049416835
0.315315315315315203	0.529576269526206289
0.318318318318318472	0.53135635782713464
0.321321321321321296	0.51978578387109986
0.32432432432432412	0.498424724259958818
0.327327327327327389	0.501984900861815686
0.330330330330330213	0.496644635959030412
0.333333333333333481	0.518005695570171509
0.336336336336336306	0.503764989162744037
0.33933933933933913	0.521565872172028322
0.342342342342342398	0.493974503507637774
0.345345345345345223	0.508215209915065191
0.348348348348348491	0.478843752949746126
0.351351351351351315	0.487744194454388269
0.35435435435435414	0.468163223144175578
0.357357357357357408	0.454812560887212392
0.360360360360360232	0.483293973702067226
0.363363363363363501	0.434341545426535525
0.366366366366366325	0.466383134843247171
0.369369369369369149	0.411200397514466021
0.372372372372372418	0.445022075232106074
0.375375375375375242	0.452142428435819754
0.37837837837837851	0.419210794868643932
0.381381381381381335	0.434341545426535525
0.384384384384384159	0.438791766178856624
0.387387387387387427	0.427221192222821844
0.390390390390390252	0.393399514505181791
0.39339339339339352	0.418320750718179701
0.396396396396396344	0.370258366593112287
0.399399399399399169	0.416540662417251295
0.402402402402402437	0.405860132611680746
0.405405405405405261	0.372928499044504924
0.40840840840840853	0.40408004431075234
0.411411411411411354	0.348007262831506958
0.414414414414414178	0.378268763947290143
0.417417417417417447	0.406750176762144977
0.420420420420420271	0.396959691107038604
0.423423423423423539	0.372928499044504924
0.426426426426426364	0.335546644725008003
0.429429429429429188	0.358687792637077507
0.432432432432432456	0.388059249602396517
0.435435435435435281	0.3738185431949691
0.438438438438438549	0.341776953778257453
0.441441441441441373	0.352457483583828002
0.444444444444444198	0.32575615906990163
0.447447447447447466	0.352457483583828002
0.45045045045045029	0.348897306981971189
0.453453453453453559	0.356907704336149101
0.456456456456456383	0.355127616035220639
0.459459459459459651	0.317745761715723718
0.462462462462462476	0.343557042079185915
0.4654654654654653	0.353347527734292233
0.468468468468468568	0.349787351132435365
0.471471471471471393	0.282143995697155259
0.474474474474474661	0.339996865477329047
0.477477477477477485	0.321305938317580586
0.48048048048048031	0.283924083998083665
0.483483483483483578	0.310625408512010037
0.486486486486486402	0.293714569653190039
0.489489489489489671	0.324866114919437454
0.492492492492492495	0.270573421741120479
0.495495495495495319	0.288374304750404764
0.498498498498498588	0.281253951546691028
0.501501501501501412	0.310625408512010037
0.504504504504504681	0.268793333440192073
0.507507507507507505	0.29015439305133317
0.510510510510510329	0.273243554192513116
0.513513513513513598	0.315965673414795312
0.516516516516516422	0.297274746255046851
0.51951951951951969	0.268793333440192073
0.522522522522522515	0.273243554192513116
0.525525525525525339	0.279473863245762622
0.528528528528528607	0.275913686643905753
0.531531531531531432	0.274133598342977347
0.5345345345345347	0.297274746255046851
0.537537537537537524	0.276803730794369984
0.540540540540540349	0.248322317979515206
0.543543543543543617	0.263453068537406798
0.546546546546546441	0.252772538731836249
0.54954954954954971	0.247432273829050975
0.552552552552552534	0.249212362129979409
0.555555555555555358	0.251882494581372018
0.558558558558558627	0.250102406280443612
0.561561561561561451	0.248322317979515206
0.564564564564564719	0.262563024386942567
0.567567567567567544	0.275913686643905753
0.570570570570570368	0.231411479120695152
0.573573573573573636	0.2420920089262657
0.576576576576576461	0.261672980236478392
0.579579579579579729	0.262563024386942567
0.582582582582582553	0.244762141377658338
0.585585585585585378	0.209160375359089851
0.588588588588588646	0.226071214217909877
0.59159159159159147	0.22340108176651724
0.594594594594594739	0.23497165572255202
0.597597597597597563	0.22073094931512463
0.600600600600600387	0.224291125916981471
0.603603603603603656	0.225181170067445674
0.60660660660660648	0.23497165572255202
0.609609609609609748	0.233191567421623586
0.612612612612612573	0.230521434970230948
0.615615615615615397	0.19046944819934139
0.618618618618618665	0.227851302518838311
0.62162162162162149	0.233191567421623586
0.624624624624624758	0.202930066305840373
0.627627627627627582	0.217170772713267762
0.630630630630630407	0.218060816863731993
0.633633633633633675	0.202930066305840373
0.636636636636636499	0.2198409051646604
0.639639639639639768	0.18690927159748455
0.642642642642642592	0.200259933854447736
0.645645645645645416	0.195809713102126665
0.648648648648648685	0.197589801403055099
0.651651651651651509	0.183349094995627709
0.654654654654654777	0.209160375359089851
0.657657657657657602	0.193139580650734027
0.660660660660660426	0.173558609340521364
0.663663663663663694	0.159317902933093974
0.666666666666666519	0.185129183296556143
0.669669669669669787	0.184239139146091913
0.672672672672672611	0.178008830092842435
0.675675675675675436	0.177118785942378232
0.678678678678678704	0.199369889703983533
0.681681681681681528	0.179788918393770869
0.684684684684684797	0.173558609340521364
0.687687687687687621	0.196699757252590895
0.690690690690690445	0.192249536500269824
0.693693693693693714	0.174448653490985595
0.696696696696696538	0.168218344437736089
0.699699699699699806	0.173558609340521364
0.702702702702702631	0.177118785942378232
0.705705705705705455	0.194919668951662461
0.708708708708708723	0.191359492349805621
0.711711711711711548	0.161097991234022409
0.714714714714714816	0.188689359898412984
0.71771771771771764	0.162878079534950815
0.720720720720720909	0.15753781463216554
0.723723723723723733	0.152197549729380294
0.726726726726726557	0.161097991234022409
0.729729729729729826	0.187799315747948781
0.73273273273273265	0.170888476889128726
0.735735735735735918	0.165548211986343452
0.738738738738738743	0.19046944819934139
0.741741741741741567	0.154867682180772903
0.744744744744744835	0.164658167835879249
0.74774774774774766	0.171778521039592957
0.750750750750750928	0.154867682180772903
0.753753753753753752	0.161988035384486612
0.756756756756756577	0.155757726331237134
0.759759759759759845	0.156647770481701337
0.762762762762762669	0.171778521039592957
0.765765765765765938	0.143297108224738151
0.768768768768768762	0.156647770481701337
0.771771771771771586	0.141517019923809745
0.774774774774774855	0.156647770481701337
0.777777777777777679	0.145967240676130788
0.780780780780780947	0.158427858782629771
0.783783783783783772	0.152197549729380294
0.786786786786786596	0.144187152375202382
0.789789789789789864	0.132616578419167602
0.792792792792792689	0.131726534268703399
0.795795795795795957	0.122826092764061284
0.798798798798798781	0.153087593879844497
0.801801801801801606	0.124606181064989704
0.804804804804804874	0.158427858782629771
0.807807807807807698	0.13617675502102447
0.810810810810810967	0.116595783710811793
0.813813813813813791	0.137066799171488674
0.816816816816816615	0.146857284826595019
0.819819819819819884	0.12104600446313285
0.822822822822822708	0.118375872011740213
0.825825825825825977	0.12104600446313285
0.828828828828828801	0.151307505578916063
0.831831831831831625	0.128166357666846559
0.834834834834834894	0.116595783710811793
0.837837837837837718	0.11926591616220443
0.840840840840840986	0.129056401817310762
0.843843843843843811	0.131726534268703399
0.846846846846846635	0.114815695409883373
0.849849849849849903	0.116595783710811793
0.852852852852852727	0.129056401817310762
0.855855855855855996	0.129946445967774965
0.85885885885885882	0.113035607108954939
0.861861861861861644	0.108585386356633881
0.864864864864864913	0.118375872011740213
0.867867867867867737	0.109475430507098098
0.870870870870871006	0.126386269365918125
0.87387387387387383	0.12104600446313285
0.876876876876876654	0.123716136914525487
0.879879879879879923	0.123716136914525487
0.882882882882882747	0.134396666720096036
0.885885885885886015	0.11926591616220443
0.88888888888888884	0.113035607108954939
0.891891891891891664	0.124606181064989704
0.894894894894894932	0.12104600446313285
0.897897897897897757	0.110365474657562315
0.900900900900901025	0.12104600446313285
0.903903903903903849	0.112145562958490735
0.906906906906906674	0.141517019923809745
0.909909909909909942	0.0979048565510633323
0.912912912912912766	0.113925651259419156
0.915915915915916035	0.0898944591968854345
0.918918918918918859	0.105025209754777041
0.921921921921921683	0.105025209754777041
0.924924924924924952	0.112145562958490735
0.927927927927927776	0.127276313516382328
0.930930930930931044	0.10057498900245597
0.933933933933933869	0.0943446799492064919
0.936936936936936693	0.0925645916482780717
0.939939939939939961	0.132616578419167602
0.942942942942942786	0.110365474657562315
0.945945945945946054	0.114815695409883373
0.948948948948948878	0.113035607108954939
0.951951951951951703	0.106805298055705461
0.954954954954954971	0.105025209754777041
0.957957957957957795	0.0996849448519917664
0.960960960960961064	0.101465033152920187
0.963963963963963888	0.0996849448519917664
0.966966966966966712	0.127276313516382328
0.969969969969969981	0.0863342825950285803
0.972972972972972805	0.083664150143635943
0.975975975975976073	0.0943446799492064919
0.978978978978978898	0.0987949007015275493
0.981981981981982166	0.0987949007015275493
0.98498498498498499	0.0996849448519917664
0.987987987987987815	0.107695342206169678
0.990990990990991083	0.0934546357987422749
0.993993993993993907	0.0898944591968854345
0.996996996996997176	0.0979048565510633323
1	0.0863342825950285803
1.00300300300300282	0.0925645916482780717
1.00600600600600565	0.105915253905241244
1.00900900900900936	0.0845541942941001601
1.01201201201201219	0.0979048565510633323
1.01501501501501501	0.0890044150464212175
1.01801801801801783	0.0987949007015275493
1.02102102102102066	0.106805298055705461
1.02402402402402437	0.0818840618427075229
1.0270270270270272	0.0783238852408506686
1.03003003003003002	0.0872243267454927973
1.03303303303303284	0.0818840618427075229
1.03603603603603567	0.0818840618427075229
1.03903903903903938	0.0765437969399222484
1.0420420420420422	0.0987949007015275493
1.04504504504504503	0.0925645916482780717
1.04804804804804785	0.0881143708959570005
1.05105105105105068	0.0801039735417790888
1.05405405405405439	0.0738736644885296112
1.05705705705705721	0.0756537527894580314
1.06006006006006004	0.0907845033473496377
1.06306306306306286	0.0694234437362085538
1.06606606606606569	0.0774338410903864516
1.0690690690690694	0.0898944591968854345
1.07207207207207222	0.0934546357987422749
1.07507507507507505	0.0783238852408506686
1.07807807807807787	0.0907845033473496377
1.0810810810810807	0.0756537527894580314
1.08408408408408441	0.0845541942941001601
1.08708708708708723	0.0729836203380653942
1.09009009009009006	0.072093576187601191
1.09309309309309288	0.0818840618427075229
1.09609609609609571	0.0792139293913148856
1.09909909909909942	0.0881143708959570005
1.10210210210210224	0.0898944591968854345
1.10510510510510507	0.0907845033473496377
1.10810810810810789	0.0756537527894580314
1.11111111111111072	0.082774105993171726
1.11411411411411443	0.0818840618427075229
1.11711711711711725	0.082774105993171726
1.12012012012012008	0.0854442384445643632
1.1231231231231229	0.072093576187601191
1.12612612612612573	0.0783238852408506686
1.12912912912912944	0.0747637086389938282
1.13213213213213226	0.083664150143635943
1.13513513513513509	0.071203532037136974
1.13813813813813791	0.0640831788334232794
1.14114114114114074	0.083664150143635943
1.14414414414414445	0.0765437969399222484
1.14714714714714727	0.0729836203380653942
1.1501501501501501	0.0623030905324948522
1.15315315315315292	0.0685333995857443368
1.15615615615615575	0.0667533112848159166
1.15915915915915946	0.0854442384445643632
1.16216216216216228	0.0756537527894580314
1.16516516516516511	0.0854442384445643632
1.16816816816816793	0.0676433554352801197
1.17117117117117076	0.0738736644885296112
1.17417417417417447	0.0747637086389938282
1.17717717717717729	0.070313487886672757
1.18018018018018012	0.0623030905324948522
1.18318318318318294	0.0605230022315664251
1.18618618618618576	0.0676433554352801197
1.18918918918918948	0.0729836203380653942
1.1921921921921923	0.0623030905324948522
1.19519519519519513	0.0569628256297095778
1.19819819819819795	0.0605230022315664251
1.20120120120120077	0.072093576187601191
1.20420420420420449	0.0623030905324948522
1.20720720720720731	0.0623030905324948522
1.21021021021021014	0.071203532037136974
1.21321321321321296	0.0516225607269243034
1.21621621621621578	0.0605230022315664251
1.2192192192192195	0.0578528697801737879
1.22222222222222232	0.0738736644885296112
1.22522522522522515	0.059632958081102215
1.22822822822822797	0.0756537527894580314
1.23123123123123079	0.0694234437362085538
1.23423423423423451	0.0569628256297095778
1.23723723723723733	0.0551827373287811576
1.24024024024024015	0.0685333995857443368
1.24324324324324298	0.0676433554352801197
1.2462462462462458	0.0649732229838874825
1.24924924924924952	0.0525126048773885204
1.25225225225225234	0.0551827373287811576
1.25525525525525516	0.0614130463820306421
1.25825825825825799	0.071203532037136974
1.26126126126126081	0.0809940176922433058
1.26426426426426453	0.0542926931783169406
1.26726726726726735	0.0605230022315664251
1.27027027027027017	0.0578528697801737879
1.273273273273273	0.0658632671343516995
1.27627627627627582	0.0542926931783169406
1.27927927927927954	0.0480623841250674561
1.28228228228228236	0.0507325165764600933
1.28528528528528518	0.0658632671343516995
1.28828828828828801	0.0569628256297095778
1.29129129129129083	0.0578528697801737879
1.29429429429429455	0.0587429139306380049
1.29729729729729737	0.0676433554352801197
1.30030030030030019	0.0462822958241390359
1.30330330330330302	0.0560727814792453677
1.30630630630630584	0.0569628256297095778
1.30930930930930955	0.0623030905324948522
1.31231231231231238	0.0498424724259958832
1.3153153153153152	0.0569628256297095778
1.31831831831831803	0.0525126048773885204
1.32132132132132085	0.059632958081102215
1.32432432432432456	0.0480623841250674561
1.32732732732732739	0.0498424724259958832
1.33033033033033021	0.0623030905324948522
1.33333333333333304	0.0516225607269243034
1.33633633633633586	0.059632958081102215
1.33933933933933957	0.0391619426204253343
1.3423423423423424	0.0578528697801737879
1.34534534534534522	0.0400519867708895444
1.34834834834834805	0.0489524282755316661
1.35135135135135087	0.0462822958241390359
1.35435435435435458	0.0507325165764600933
1.35735735735735741	0.0614130463820306421
1.36036036036036023	0.0507325165764600933
1.36336336336336306	0.0498424724259958832
1.36636636636636677	0.0587429139306380049
1.36936936936936959	0.0480623841250674561
1.37237237237237242	0.0542926931783169406
1.37537537537537524	0.0534026490278527305
1.37837837837837807	0.0498424724259958832
1.38138138138138178	0.047172339974603246
1.3843843843843846	0.0453922516736748188
1.38738738738738743	0.0489524282755316661
1.39039039039039025	0.0418320750718179715
1.39339339339339308	0.0676433554352801197
1.39639639639639679	0.0525126048773885204
1.39939939939939961	0.0587429139306380049
1.40240240240240244	0.0489524282755316661
1.40540540540540526	0.0445022075232106087
1.40840840840840809	0.0640831788334232794
1.4114114114114118	0.047172339974603246
1.41441441441441462	0.0498424724259958832
1.41741741741741745	0.0551827373287811576
1.42042042042042027	0.0587429139306380049
1.4234234234234231	0.0516225607269243034
1.42642642642642681	0.0418320750718179715
1.42942942942942963	0.0462822958241390359
1.43243243243243246	0.0409420309213537614
1.43543543543543528	0.0498424724259958832
1.43843843843843811	0.0578528697801737879
1.44144144144144182	0.0338216777176400599
1.44444444444444464	0.0400519867708895444
1.44744744744744747	0.0427221192222821816
1.45045045045045029	0.0453922516736748188
1.45345345345345311	0.0329316335671758498
1.45645645645645683	0.0391619426204253343
1.45945945945945965	0.0382718984699611242
1.46246246246246248	0.0498424724259958832
1.4654654654654653	0.0445022075232106087
1.46846846846846812	0.0480623841250674561
1.47147147147147184	0.0498424724259958832
1.47447447447447466	0.035601766018568487
1.47747747747747749	0.0453922516736748188
1.48048048048048031	0.0427221192222821816
1.48348348348348313	0.0436121633727463986
1.48648648648648685	0.0436121633727463986
1.48948948948948967	0.0453922516736748188
1.4924924924924925	0.0534026490278527305
1.49549549549549532	0.047172339974603246
1.49849849849849814	0.0489524282755316661
1.50150150150150186	0.0409420309213537614
1.50450450450450468	0.0382718984699611242
1.5075075075075075	0.0480623841250674561
1.51051051051051033	0.0382718984699611242
1.51351351351351315	0.0338216777176400599
1.51651651651651687	0.0320415894167116397
1.51951951951951969	0.0436121633727463986
1.52252252252252251	0.0382718984699611242
1.52552552552552534	0.0391619426204253343
1.52852852852852816	0.0480623841250674561
1.53153153153153188	0.0320415894167116397
1.5345345345345347	0.0409420309213537614
1.53753753753753752	0.0498424724259958832
1.54054054054054035	0.0373818543194969141
1.54354354354354317	0.0400519867708895444
1.54654654654654689	0.0418320750718179715
1.54954954954954971	0.0480623841250674561
1.55255255255255253	0.0364918101690326971
1.55555555555555536	0.0329316335671758498
1.55855855855855818	0.0400519867708895444
1.56156156156156189	0.0445022075232106087
1.56456456456456472	0.0525126048773885204
1.56756756756756754	0.0329316335671758498
1.57057057057057037	0.0311515452662474261
1.57357357357357319	0.0364918101690326971
1.5765765765765769	0.0364918101690326971
1.57957957957957973	0.0418320750718179715
1.58258258258258255	0.0542926931783169406
1.58558558558558538	0.0409420309213537614
1.5885885885885882	0.0382718984699611242
1.59159159159159191	0.0302615011157832126
1.59459459459459474	0.0409420309213537614
1.59759759759759756	0.0391619426204253343
1.60060060060060039	0.0347117218681042769
1.60360360360360321	0.0302615011157832126
1.60660660660660692	0.0293714569653190025
1.60960960960960975	0.0311515452662474261
1.61261261261261257	0.0453922516736748188
1.6156156156156154	0.0293714569653190025
1.61861861861861822	0.0445022075232106087
1.62162162162162193	0.0409420309213537614
1.62462462462462476	0.0249212362129979416
1.62762762762762758	0.0418320750718179715
1.63063063063063041	0.0409420309213537614
1.63363363363363323	0.0364918101690326971
1.63663663663663694	0.0373818543194969141
1.63963963963963977	0.0284814128148547889
1.64264264264264259	0.0391619426204253343
1.64564564564564542	0.0311515452662474261
1.64864864864864824	0.0373818543194969141
1.65165165165165195	0.0480623841250674561
1.65465465465465478	0.0391619426204253343
1.6576576576576576	0.0338216777176400599
1.66066066066066043	0.0338216777176400599
1.66366366366366325	0.0462822958241390359
1.66666666666666696	0.0284814128148547889
1.66966966966966979	0.0338216777176400599
1.67267267267267261	0.0347117218681042769
1.67567567567567544	0.0427221192222821816
1.67867867867867826	0.0373818543194969141
1.68168168168168197	0.0302615011157832126
1.6846846846846848	0.0302615011157832126
1.68768768768768762	0.0329316335671758498
1.69069069069069045	0.0364918101690326971
1.69369369369369327	0.0293714569653190025
1.69669669669669698	0.0409420309213537614
1.69969969969969981	0.0284814128148547889
1.70270270270270263	0.0418320750718179715
1.70570570570570545	0.0338216777176400599
1.70870870870870828	0.0373818543194969141
1.71171171171171199	0.0382718984699611242
1.71471471471471482	0.0302615011157832126
1.71771771771771764	0.0436121633727463986
1.72072072072072046	0.0364918101690326971
1.72372372372372329	0.0338216777176400599
1.726726726726727	0.0267013245139263652
1.72972972972972983	0.0249212362129979416
1.73273273273273265	0.0338216777176400599
1.73573573573573547	0.0338216777176400599
1.7387387387387383	0.0302615011157832126
1.74174174174174201	0.0409420309213537614
1.74474474474474484	0.0347117218681042769
1.74774774774774766	0.0373818543194969141
1.75075075075075048	0.0329316335671758498
1.75375375375375331	0.0302615011157832126
1.75675675675675702	0.0258112803634621517
1.75975975975975985	0.0338216777176400599
1.76276276276276267	0.0293714569653190025
1.76576576576576549	0.0275913686643905788
1.76876876876876832	0.0338216777176400599
1.77177177177177203	0.0329316335671758498
1.77477477477477485	0.0347117218681042769
1.77777777777777768	0.0329316335671758498
1.7807807807807805	0.0329316335671758498
1.78378378378378333	0.0373818543194969141
1.78678678678678704	0.0249212362129979416
1.78978978978978986	0.0222511037616053044
1.79279279279279269	0.0373818543194969141
1.79579579579579551	0.0284814128148547889
1.79879879879879834	0.0364918101690326971
1.80180180180180205	0.0231411479120695179
1.80480480480480487	0.0391619426204253343
1.8078078078078077	0.0320415894167116397
1.81081081081081052	0.035601766018568487
1.81381381381381335	0.0275913686643905788
1.81681681681681706	0.0293714569653190025
1.81981981981981988	0.0302615011157832126
1.82282282282282271	0.0311515452662474261
1.82582582582582553	0.0293714569653190025
1.82882882882882836	0.0267013245139263652
1.83183183183183207	0.0302615011157832126
1.83483483483483489	0.0311515452662474261
1.83783783783783772	0.0249212362129979416
1.84084084084084054	0.0347117218681042769
1.84384384384384337	0.0231411479120695179
1.84684684684684708	0.0231411479120695179
1.8498498498498499	0.0320415894167116397
1.85285285285285273	0.0275913686643905788
1.85585585585585555	0.0311515452662474261
1.85885885885885838	0.0293714569653190025
1.86186186186186209	0.0267013245139263652
1.86486486486486491	0.0275913686643905788
1.86786786786786774	0.0311515452662474261
1.87087087087087056	0.0302615011157832126
1.87387387387387427	0.0338216777176400599
1.8768768768768771	0.0249212362129979416
1.87987987987987992	0.0267013245139263652
1.88288288288288275	0.024031192062533728
1.88588588588588557	0.0249212362129979416
1.88888888888888928	0.0284814128148547889
1.89189189189189211	0.0213610596111410908
1.89489489489489493	0.0400519867708895444
1.89789789789789776	0.0258112803634621517
1.90090090090090058	0.0284814128148547889
1.90390390390390429	0.0284814128148547889
1.90690690690690712	0.0275913686643905788
1.90990990990990994	0.0284814128148547889
1.91291291291291277	0.0293714569653190025
1.91591591591591559	0.0311515452662474261
1.9189189189189193	0.0338216777176400599
1.92192192192192213	0.0293714569653190025
1.92492492492492495	0.0284814128148547889
1.92792792792792778	0.0186909271597484571
1.9309309309309306	0.0258112803634621517
1.93393393393393431	0.0267013245139263652
1.93693693693693714	0.0275913686643905788
1.93993993993993996	0.0284814128148547889
1.94294294294294279	0.0204710154606768807
1.94594594594594561	0.0258112803634621517
1.94894894894894932	0.0258112803634621517
1.95195195195195215	0.0249212362129979416
1.95495495495495497	0.0338216777176400599
1.9579579579579578	0.0275913686643905788
1.96096096096096062	0.0178008830092842435
1.96396396396396433	0.0249212362129979416
1.96696696696696716	0.0204710154606768807
1.96996996996996998	0.0213610596111410908
1.9729729729729728	0.0213610596111410908
1.97597597597597563	0.0160207947083558198
1.97897897897897934	0.0284814128148547889
1.98198198198198217	0.0231411479120695179
1.98498498498498499	0.0195809713102126672
1.98798798798798781	0.0267013245139263652
1.99099099099099064	0.0275913686643905788
1.99399399399399435	0.0284814128148547889
1.99699699699699718	0.0258112803634621517
2	0.0213610596111410908
2.00300300300300282	0.0329316335671758498
2.00600600600600565	0.0249212362129979416
2.00900900900900936	0.0338216777176400599
2.01201201201201219	0.0169108388588200299
2.01501501501501501	0.0195809713102126672
2.01801801801801783	0.0231411479120695179
2.02102102102102066	0.0195809713102126672
2.02402402402402437	0.0213610596111410908
2.0270270270270272	0.0267013245139263652
2.03003003003003002	0.0258112803634621517
2.03303303303303284	0.0169108388588200299
2.03603603603603567	0.0160207947083558198
2.03903903903903938	0.0249212362129979416
2.0420420420420422	0.0178008830092842435
2.04504504504504503	0.0293714569653190025
2.04804804804804785	0.0311515452662474261
2.05105105105105068	0.0204710154606768807
2.05405405405405439	0.0311515452662474261
2.05705705705705721	0.0231411479120695179
2.06006006006006004	0.024031192062533728
2.06306306306306286	0.0267013245139263652
2.06606606606606569	0.0151307505578916063
2.0690690690690694	0.0231411479120695179
2.07207207207207222	0.0222511037616053044
2.07507507507507505	0.0195809713102126672
2.07807807807807787	0.0275913686643905788
2.0810810810810807	0.0222511037616053044
2.08408408408408441	0.0213610596111410908
2.08708708708708723	0.0275913686643905788
2.09009009009009006	0.0284814128148547889
2.09309309309309288	0.0204710154606768807
2.09609609609609571	0.0222511037616053044
2.09909909909909942	0.0195809713102126672
2.10210210210210224	0.0231411479120695179
2.10510510510510507	0.0249212362129979416
2.10810810810810789	0.0213610596111410908
2.11111111111111072	0.0195809713102126672
2.11411411411411443	0.0169108388588200299
2.11711711711711725	0.0231411479120695179
2.12012012012012008	0.0231411479120695179
2.1231231231231229	0.0204710154606768807
2.12612612612612573	0.024031192062533728
2.12912912912912944	0.0311515452662474261
2.13213213213213226	0.0267013245139263652
2.13513513513513509	0.0213610596111410908
2.13813813813813791	0.0133506622569631826
2.14114114114114074	0.0275913686643905788
2.14414414414414445	0.024031192062533728
2.14714714714714727	0.0231411479120695179
2.1501501501501501	0.0186909271597484571
2.15315315315315292	0.0204710154606768807
2.15615615615615575	0.0186909271597484571
2.15915915915915946	0.0186909271597484571
2.16216216216216228	0.0258112803634621517
2.16516516516516511	0.0169108388588200299
2.16816816816816793	0.0186909271597484571
2.17117117117117076	0.0186909271597484571
2.17417417417417447	0.0178008830092842435
2.17717717717717729	0.0275913686643905788
2.18018018018018012	0.0222511037616053044
2.18318318318318294	0.0195809713102126672
2.18618618618618576	0.0186909271597484571
2.18918918918918948	0.0160207947083558198
2.1921921921921923	0.0186909271597484571
2.19519519519519513	0.0222511037616053044
2.19819819819819795	0.0186909271597484571
2.20120120120120077	0.0258112803634621517
2.20420420420420449	0.0213610596111410908
2.20720720720720731	0.0267013245139263652
2.21021021021021014	0.024031192062533728
2.21321321321321296	0.0195809713102126672
2.21621621621621578	0.0169108388588200299
2.2192192192192195	0.0338216777176400599
2.22222222222222232	0.0213610596111410908
2.22522522522522515	0.0151307505578916063
2.22822822822822797	0.0151307505578916063
2.23123123123123079	0.0231411479120695179
2.23423423423423451	0.0178008830092842435
2.23723723723723733	0.0249212362129979416
2.24024024024024015	0.0213610596111410908
2.24324324324324298	0.0222511037616053044
2.2462462462462458	0.0258112803634621517
2.24924924924924952	0.0186909271597484571
2.25225225225225234	0.0249212362129979416
2.25525525525525516	0.0204710154606768807
2.25825825825825799	0.024031192062533728
2.26126126126126081	0.0160207947083558198
2.26426426426426453	0.0160207947083558198
2.26726726726726735	0.0311515452662474261
2.27027027027027017	0.0186909271597484571
2.273273273273273	0.0169108388588200299
2.27627627627627582	0.0231411479120695179
2.27927927927927954	0.0142407064074273945
2.28228228228228236	0.0178008830092842435
2.28528528528528518	0.0222511037616053044
2.28828828828828801	0.0151307505578916063
2.29129129129129083	0.024031192062533728
2.29429429429429455	0.0151307505578916063
2.29729729729729737	0.024031192062533728
2.30030030030030019	0.0213610596111410908
2.30330330330330302	0.0151307505578916063
2.30630630630630584	0.0195809713102126672
2.30930930930930955	0.0231411479120695179
2.31231231231231238	0.0258112803634621517
2.3153153153153152	0.024031192062533728
2.31831831831831803	0.0151307505578916063
2.32132132132132085	0.0133506622569631826
2.32432432432432456	0.0275913686643905788
2.32732732732732739	0.0222511037616053044
2.33033033033033021	0.0204710154606768807
2.33333333333333304	0.0169108388588200299
2.33633633633633586	0.0186909271597484571
2.33933933933933957	0.0231411479120695179
2.3423423423423424	0.0151307505578916063
2.34534534534534522	0.0133506622569631826
2.34834834834834805	0.0133506622569631826
2.35135135135135087	0.0160207947083558198
2.35435435435435458	0.0213610596111410908
2.35735735735735741	0.0169108388588200299
2.36036036036036023	0.0169108388588200299
2.36336336336336306	0.0204710154606768807
2.36636636636636588	0.0178008830092842435
2.36936936936936959	0.0195809713102126672
2.37237237237237242	0.0151307505578916063
2.37537537537537524	0.0142407064074273945
2.37837837837837807	0.011570573956034759
2.38138138138138089	0.0195809713102126672
2.3843843843843846	0.0222511037616053044
2.38738738738738743	0.0178008830092842435
2.39039039039039025	0.0133506622569631826
2.39339339339339308	0.0195809713102126672
2.39639639639639679	0.0133506622569631826
2.39939939939939961	0.0195809713102126672
2.40240240240240244	0.0231411479120695179
2.40540540540540526	0.0178008830092842435
2.40840840840840809	0.0213610596111410908
2.4114114114114118	0.0151307505578916063
2.41441441441441462	0.0195809713102126672
2.41741741741741745	0.0186909271597484571
2.42042042042042027	0.0249212362129979416
2.4234234234234231	0.0195809713102126672
2.42642642642642681	0.024031192062533728
2.42942942942942963	0.0160207947083558198
2.43243243243243246	0.0231411479120695179
2.43543543543543528	0.0169108388588200299
2.43843843843843811	0.0178008830092842435
2.44144144144144182	0.0213610596111410908
2.44444444444444464	0.0151307505578916063
2.44744744744744747	0.0186909271597484571
2.45045045045045029	0.0195809713102126672
2.45345345345345311	0.0178008830092842435
2.45645645645645683	0.0186909271597484571
2.45945945945945965	0.0133506622569631826
2.46246246246246248	0.0186909271597484571
2.4654654654654653	0.0160207947083558198
2.46846846846846812	0.0151307505578916063
2.47147147147147184	0.0195809713102126672
2.47447447447447466	0.0186909271597484571
2.47747747747747749	0.0160207947083558198
2.48048048048048031	0.0169108388588200299
2.48348348348348313	0.0133506622569631826
2.48648648648648685	0.0195809713102126672
2.48948948948948967	0.00890044150464212175
2.4924924924924925	0.0204710154606768807
2.49549549549549532	0.0195809713102126672
2.49849849849849814	0.0106805298055705454
2.50150150150150186	0.0151307505578916063
2.50450450450450468	0.0275913686643905788
2.5075075075075075	0.0142407064074273945
2.51051051051051033	0.0204710154606768807
2.51351351351351315	0.0133506622569631826
2.51651651651651687	0.0186909271597484571
2.51951951951951969	0.011570573956034759
2.52252252252252251	0.0169108388588200299
2.52552552552552534	0.0186909271597484571
2.52852852852852816	0.0195809713102126672
2.53153153153153188	0.0151307505578916063
2.5345345345345347	0.0133506622569631826
2.53753753753753752	0.0249212362129979416
2.54054054054054035	0.0169108388588200299
2.54354354354354317	0.0151307505578916063
2.54654654654654689	0.0169108388588200299
2.54954954954954971	0.0124606181064989708
2.55255255255255253	0.0213610596111410908
2.55555555555555536	0.0178008830092842435
2.55855855855855818	0.0124606181064989708
2.56156156156156189	0.0204710154606768807
2.56456456456456472	0.00801039735417790992
2.56756756756756754	0.0178008830092842435
2.57057057057057037	0.0169108388588200299
2.57357357357357319	0.0231411479120695179
2.5765765765765769	0.00890044150464212175
2.57957957957957973	0.0133506622569631826
2.58258258258258255	0.0142407064074273945
2.58558558558558538	0.011570573956034759
2.5885885885885882	0.0151307505578916063
2.59159159159159191	0.011570573956034759
2.59459459459459474	0.0133506622569631826
2.59759759759759756	0.00890044150464212175
2.60060060060060039	0.0133506622569631826
2.60360360360360321	0.0186909271597484571
2.60660660660660692	0.0160207947083558198
2.60960960960960975	0.0186909271597484571
2.61261261261261257	0.0133506622569631826
2.6156156156156154	0.0178008830092842435
2.61861861861861822	0.00801039735417790992
2.62162162162162193	0.0204710154606768807
2.62462462462462476	0.0213610596111410908
2.62762762762762758	0.00801039735417790992
2.63063063063063041	0.0178008830092842435
2.63363363363363323	0.00712035320371369723
2.63663663663663694	0.0195809713102126672
2.63963963963963977	0.0213610596111410908
2.64264264264264259	0.0142407064074273945
2.64564564564564542	0.0151307505578916063
2.64864864864864824	0.0133506622569631826
2.65165165165165195	0.0160207947083558198
2.65465465465465478	0.0213610596111410908
2.6576576576576576	0.0195809713102126672
2.66066066066066043	0.0106805298055705454
2.66366366366366325	0.0151307505578916063
2.66666666666666696	0.0169108388588200299
2.66966966966966979	0.0195809713102126672
2.67267267267267261	0.0151307505578916063
2.67567567567567544	0.0186909271597484571
2.67867867867867826	0.0169108388588200299
2.68168168168168197	0.0133506622569631826
2.6846846846846848	0.0178008830092842435
2.68768768768768762	0.0124606181064989708
2.69069069069069045	0.0133506622569631826
2.69369369369369327	0.0178008830092842435
2.69669669669669698	0.0133506622569631826
2.69969969969969981	0.0160207947083558198
2.70270270270270263	0.0169108388588200299
2.70570570570570545	0.00890044150464212175
2.70870870870870828	0.0178008830092842435
2.71171171171171199	0.0124606181064989708
2.71471471471471482	0.0178008830092842435
2.71771771771771764	0.0186909271597484571
2.72072072072072046	0.011570573956034759
2.72372372372372329	0.0142407064074273945
2.726726726726727	0.0186909271597484571
2.72972972972972983	0.0213610596111410908
2.73273273273273265	0.0151307505578916063
2.73573573573573547	0.0142407064074273945
2.7387387387387383	0.0160207947083558198
2.74174174174174201	0.0204710154606768807
2.74474474474474484	0.00979048565510633358
2.74774774774774766	0.0151307505578916063
2.75075075075075048	0.0178008830092842435
2.75375375375375331	0.0124606181064989708
2.75675675675675702	0.00979048565510633358
2.75975975975975985	0.0106805298055705454
2.76276276276276267	0.011570573956034759
2.76576576576576549	0.0160207947083558198
2.76876876876876832	0.011570573956034759
2.77177177177177203	0.0151307505578916063
2.77477477477477485	0.00979048565510633358
2.77777777777777768	0.0062303090532494854
2.7807807807807805	0.0106805298055705454
2.78378378378378333	0.011570573956034759
2.78678678678678704	0.0222511037616053044
2.78978978978978986	0.0178008830092842435
2.79279279279279269	0.00801039735417790992
2.79579579579579551	0.0160207947083558198
2.79879879879879834	0.0160207947083558198
2.80180180180180205	0.0213610596111410908
2.80480480480480487	0.0178008830092842435
2.8078078078078077	0.0133506622569631826
2.81081081081081052	0.0142407064074273945
2.81381381381381335	0.0151307505578916063
2.81681681681681706	0.00979048565510633358
2.81981981981981988	0.0062303090532494854
2.82282282282282271	0.0124606181064989708
2.82582582582582553	0.0133506622569631826
2.82882882882882836	0.00979048565510633358
2.83183183183183207	0.00890044150464212175
2.83483483483483489	0.0133506622569631826
2.83783783783783772	0.00890044150464212175
2.84084084084084054	0.0062303090532494854
2.84384384384384337	0.0133506622569631826
2.84684684684684708	0.00979048565510633358
2.8498498498498499	0.0151307505578916063
2.85285285285285273	0.0151307505578916063
2.85585585585585555	0.0142407064074273945
2.85885885885885838	0.00712035320371369723
2.86186186186186209	0.0151307505578916063
2.86486486486486491	0.011570573956034759
2.86786786786786774	0.0142407064074273945
2.87087087087087056	0.0133506622569631826
2.87387387387387339	0.0151307505578916063
2.8768768768768771	0.0178008830092842435
2.87987987987987992	0.00801039735417790992
2.88288288288288275	0.0106805298055705454
2.88588588588588557	0.00801039735417790992
2.8888888888888884	0.0124606181064989708
2.89189189189189211	0.011570573956034759
2.89489489489489493	0.0169108388588200299
2.89789789789789776	0.0151307505578916063
2.90090090090090058	0.00979048565510633358
2.90390390390390429	0.00801039735417790992
2.90690690690690712	0.0133506622569631826
2.90990990990990994	0.0133506622569631826
2.91291291291291277	0.00979048565510633358
2.91591591591591559	0.011570573956034759
2.9189189189189193	0.0062303090532494854
2.92192192192192213	0.011570573956034759
2.92492492492492495	0.0106805298055705454
2.92792792792792778	0.00712035320371369723
2.9309309309309306	0.0124606181064989708
2.93393393393393431	0.0133506622569631826
2.93693693693693714	0.0053402649027852727
2.93993993993993996	0.00979048565510633358
2.94294294294294279	0.0053402649027852727
2.94594594594594561	0.00712035320371369723
2.94894894894894932	0.011570573956034759
2.95195195195195215	0.0106805298055705454
2.95495495495495497	0.00979048565510633358
2.9579579579579578	0.0062303090532494854
2.96096096096096062	0.00890044150464212175
2.96396396396396433	0.0106805298055705454
2.96696696696696716	0.00890044150464212175
2.96996996996996998	0.0133506622569631826
2.9729729729729728	0.011570573956034759
2.97597597597597563	0.00801039735417790992
2.97897897897897934	0.0124606181064989708
2.98198198198198217	0.0142407064074273945
2.98498498498498499	0.011570573956034759
2.98798798798798781	0.00890044150464212175
2.99099099099099064	0.0133506622569631826
2.99399399399399435	0.0151307505578916063
2.99699699699699718	0.00712035320371369723
3	0.0106805298055705454
